40.930874544102146 
40.93613192588928 
40.927921496898556 
40.93481165623422 
40.70899438390501 
40.71230190772753 
40.93725427793103 
40.923361140329966 
40.92544740315375 
40.93613376690918 
40.70421736881461 
40.7051603161388 
40.93095630165182 
40.93029895737638 
40.93696960136252 
40.70162683722323 
40.92932163139181 
40.70322532356406 
40.931765206348764 
40.93625752598696 
40.91812937959426 
40.9364785575413 
40.93729775071889 
40.92921858411266 
40.931765206348764 
40.937217819178606 
40.93695960798401 
40.70336299725256 
40.89779183454245 
40.928375590630125 
40.93660845784089 
40.936199880335835 
40.92596474397066 
40.930727326663614 
40.93113124961091 
40.936199880335835 
40.92596474397066 
40.92351315802171 
40.93666023194915 
40.91848679212424 
40.93138132491196 
40.924158962744904 
40.92846888499422 
40.93726463180547 
40.935624554475275 
40.936498317704796 
40.93081766469855 
40.92309192482433 
40.70340343194097 
40.921933805092955 
40.690750927843396 
40.931771692865375 
40.69935417713674 
40.708703322530724 
40.90829562152651 
40.44040553624806 
40.71194105441529 
40.92545469092758 
40.92100900163484 
40.9373482191407 
40.937257246808244 
40.9288449465995 
40.91340467403102 
40.920826534638074 
40.925170924244 
40.935570801890954 
40.70340343194097 
40.42267918363593 
40.93595822525777 
40.93707778233046 
40.930921706000404 
40.93572275953673 
40.937371971705666 
40.93176445737472 
40.93636038984829 
40.92683579935825 
40.937268846561345 
40.9364626519807 
40.93559394598453 
40.70899438390501 
40.915927392155176 
40.937336428699304 
40.70224076560875 
40.69932797354011 
40.936606453737944 
40.935136629849495 
40.928503267279986 
40.936454561934866 
40.68992742714916 
40.69277571341994 
40.93186362584313 
40.93699920006263 
40.70590572207883 
40.93632797995868 
40.93736745267407 
40.93175117387235 
40.70611372378536 
40.936942315588965 
40.89742190612807 
40.926836932095945 
