0.0 
46.04882829916731 
46.1421416181321 
46.64124129814782 
45.128233160663605 
44.17002608144701 
46.07491488761474 
46.64367312961991 
46.43521872222651 
46.64740935067501 
46.909084694741516 
46.86056865462164 
45.74478217325149 
45.147900783403955 
45.14843724020924 
43.8245509955493 
45.04896691622316 
44.08842700261843 
0.0 
0.0 
45.60958691428506 
0.0 
44.17459952448994 
46.40408312781048 
44.20803583788485 
46.73386051677788 
46.996833230302606 
46.99864183864808 
46.50108500752185 
46.953478932893994 
45.66002639784349 
46.763067629485256 
46.971834115243055 
0.0 
0.0 
46.101401450389524 
0.0 
0.0 
45.12859905419345 
43.85788894055972 
44.08459530108994 
46.14695011760881 
0.0 
45.706905093235676 
45.16992320399701 
0.0 
0.0 
45.63907936752118 
45.607234300041924 
46.06897390983618 
45.061107482494094 
0.0 
44.98894130379616 
45.14674890098752 
0.0 
45.65191471475817 
0.0 
43.89494986820724 
45.119303240618954 
44.99442953601276 
45.732781386451876 
45.69607128799474 
0.0 
45.07760176133513 
44.02390997399525 
44.08549120251092 
0.0 
0.0 
44.07594911389087 
44.19311075739738 
0.0 
44.157791420759835 
45.11679386364626 
0.0 
46.12184105443371 
0.0 
44.16095705239746 
45.16992320399701 
44.1855963341651 
0.0 
45.12556769354255 
44.032057959169855 
0.0 
43.7195722167514 
43.89494986820724 
0.0 
46.38178824087724 
44.088901784608154 
44.929420150705845 
44.005668542839274 
0.0 
45.7126108562577 
45.712873381563355 
46.13134708184786 
46.69450890385564 
46.96633299536306 
45.72245384292736 
45.093682694835344 
0.0 
45.62937115015338 
