33.10217359907419 
33.90576799410674 
34.16935065280997 
34.17939071301937 
33.58656592813009 
33.17635248583914 
34.179404547477965 
34.17947375908418 
34.179250320581104 
34.17939743230383 
34.179406141691 
34.1793388789494 
33.59142640013337 
33.90595268546035 
33.90609418366764 
33.14563954072125 
33.868521996938675 
33.128092356055866 
33.90199459699234 
31.572167399705307 
33.89071417754143 
33.10304633910388 
31.59017768696335 
34.179357908217824 
32.59124199028607 
34.17947613019297 
34.17949567864106 
34.179419745451895 
33.902090189273665 
34.17941320342991 
34.17888909442894 
34.179495737220904 
34.17941606718107 
33.17026879156652 
0.0 
33.90966257696086 
33.83845091177298 
0.0 
33.130452235883745 
33.59099774357404 
31.59148783727624 
33.54356542061539 
0.0 
33.53744499326414 
33.545291037493016 
33.58219062175072 
33.16285758586372 
34.17299430047115 
34.17925676292371 
34.179394514381144 
33.5218381228641 
31.517464628375325 
34.178253406799044 
33.56815530503235 
0.0 
33.9124513079806 
31.49601671820108 
33.17570660619107 
33.90227558036152 
33.87733786708917 
33.17521734169297 
34.179336359146944 
33.12672349695249 
33.58198396526315 
33.898495435263555 
31.571574386598545 
32.59078209918425 
0.0 
33.58988849228877 
33.58087986509348 
33.57622820878095 
34.179243491070245 
33.89802342697075 
31.554461999290474 
33.58190353330726 
31.516662884647236 
33.157535126925666 
33.545291037493016 
33.87960751886275 
33.17586038103284 
34.1733978973089 
31.59148783727624 
33.15634008500879 
33.56824622764584 
33.17570660619107 
32.57168971410854 
34.17940853678921 
34.1731447049334 
34.17320857598169 
33.12690056804048 
31.573341643985962 
34.14702260938649 
33.586960948677145 
34.179248853091146 
34.17303259554055 
34.1791798285743 
34.178714195383236 
34.17323333084577 
0.0 
34.16712549993529 
