33.1636730560206 
33.90222455217262 
34.17940812351677 
34.17939746352382 
33.905693034873835 
34.17931781393881 
33.55921981390642 
34.17941607229782 
34.17928090977164 
34.1794035197443 
34.17238483716643 
32.59104082848994 
33.582042188331364 
31.554946769038352 
33.898017573600676 
32.524321693101726 
33.54390168677775 
32.571940118626955 
34.17911020849545 
33.57248675312302 
34.16390355359823 
33.58593500773693 
31.57195443261296 
31.413071551182757 
33.913056549873545 
33.57277350188312 
33.90932178419534 
34.17947658875321 
33.15799882549315 
33.120958141803 
33.591266192287776 
34.17949431387841 
33.90962021634079 
33.909367285093566 
34.17932364541643 
33.577653743775386 
34.17329789583794 
34.17947839703932 
33.58646071412124 
32.52626949423151 
34.166462069844854 
33.90207127469105 
33.06179930460957 
33.523817751963854 
34.16684453958984 
34.179390114868134 
0.0 
34.179398887555124 
34.173406500537716 
33.89875739038667 
34.17925190873477 
34.17322917711183 
34.179315832878906 
32.54328119175831 
34.16950083801407 
34.1793941590954 
34.17906162555861 
34.16380519917598 
33.58618690761309 
33.57691301490527 
31.53450641066659 
34.17941339408481 
32.58162201953115 
34.163328254644334 
33.90166524438669 
34.17902471528252 
34.17949278516473 
34.173036078437804 
34.179297187733326 
34.17321644899385 
33.581431336683416 
33.15075145569562 
34.17316545600564 
33.8157241120926 
33.56810499416847 
34.1727611315368 
33.89109805992376 
33.15662878495505 
31.496673184063937 
32.591139094917175 
32.581590113818535 
0.0 
34.17940344781255 
33.56677540624088 
34.179488925333466 
31.536357503193745 
34.17011936718663 
34.17908285741641 
31.3443498322005 
33.87950532311851 
32.526745161294826 
33.91312637138035 
33.15082543036719 
34.17200679085751 
34.17925422658755 
33.9059395378292 
34.17947148844873 
34.173235196871886 
33.58593500773693 
34.16644005215371 
