47.42072111568555 
46.33479336405552 
46.87349975619308 
47.42635967417932 
45.89984398133907 
46.75932059355714 
46.93876319133321 
46.96463208059484 
46.95685630281544 
47.23369686096522 
46.68230440790567 
47.021876815821344 
47.11384497331514 
45.925151673610245 
45.1552989585428 
47.36114716257367 
47.02631450425965 
47.20863911101118 
46.92607856638342 
45.78826540200065 
47.43616277328074 
47.197615496678026 
47.209374634341636 
47.43899834120951 
47.42246019862539 
47.179429809846475 
47.19505284256959 
45.9975622987109 
47.396590405191674 
47.216582143555456 
47.23262658943564 
47.45889573458616 
46.91791459697475 
45.96389254017117 
46.95567250981891 
47.20752700257246 
46.98519084029272 
46.6725311723643 
46.393622143204674 
47.02196418310458 
46.98545439427295 
46.95991860686138 
47.1766568240302 
47.18097149015376 
46.247617981476616 
46.98576609383482 
46.721731972818986 
47.17516357936007 
46.97460867749746 
47.42095590240803 
46.423337907512106 
47.15272390576491 
46.41666260163995 
47.01722374580787 
46.006256775239564 
47.000403588054674 
47.43830592065993 
47.12717296903993 
47.42936383824317 
47.19637722287297 
46.9684381431397 
45.98130422618509 
47.18588592240863 
47.3731367835279 
