40.93608424392625 
40.936515254758866 
40.93695172955691 
40.4369009083444 
40.919816929355434 
40.91823248575585 
40.92120131896749 
40.70854424318405 
40.93630481710805 
40.68886873184593 
40.93175151587293 
40.931881291230575 
40.93726372885877 
40.930260835907326 
40.702788670379476 
40.925249569202016 
40.91371904332714 
40.93182733746175 
40.92480871188002 
40.91601850830719 
40.93147988765284 
40.92480415955408 
40.937245045759056 
40.93651837024402 
40.93660123043736 
40.936732879831915 
40.92570447206534 
40.93717708028845 
40.935431316115164 
40.93202142617942 
40.937170670011746 
40.70196735174289 
40.925681402969104 
40.93123311126857 
40.936682911131406 
40.931422077365376 
40.70870160116651 
40.70518027975012 
40.92852157861321 
40.93668507616058 
40.6930582445924 
40.91579522607423 
40.44811755001814 
40.93210204489013 
40.91493388460394 
40.935556884078515 
40.93598370662944 
40.930447090027194 
40.927448544227566 
40.70455787343714 
40.93673362161439 
40.70229481408274 
40.9373649809476 
40.68032561484603 
40.93697450628658 
40.93657911212876 
40.93587879690454 
40.931340567214214 
40.89901746687251 
40.69967326644336 
40.936217830535355 
40.9120386982537 
40.92151910948133 
40.935653851884915 
40.93651996285373 
40.93582652485243 
40.68946529875984 
40.92663569689858 
40.68404406513598 
40.93674802279897 
40.708364020684584 
40.91677123962551 
40.93169023780735 
40.936191998831305 
40.925213740559215 
40.70270805799018 
40.93740482162157 
40.70950214982454 
40.936423772198665 
40.92920967000101 
40.93524629884562 
40.93071878124955 
40.936389873336346 
40.70497757508456 
40.93624684028671 
40.93655405282929 
40.65594902606568 
40.9344070380635 
40.920272900842924 
40.93721127056472 
40.935974717379125 
40.92567115391394 
40.93729129843999 
40.93643920494361 
40.937406227481425 
40.92764171587285 
40.93654736070845 
40.93094396043992 
40.937198365728705 
40.44105345173677 
