42.30390775404022 
42.304070970010905 
42.30404782485628 
42.304015031813194 
42.30388967308782 
42.29932640415055 
42.30349165301325 
42.30372959042777 
42.30409194005551 
42.30317708302645 
42.30288942909982 
42.303908009280555 
42.3035643576661 
42.29487054359317 
42.304137844880316 
42.30387709976935 
42.303565750136556 
42.303928314011806 
42.304035068517045 
42.30405741907294 
42.30411161700433 
42.30400682036081 
42.30331886062858 
42.30384683018326 
42.30365574401297 
42.30351006162429 
42.290976425594515 
42.07443327078837 
42.30306298489907 
42.303571856128485 
42.303490432959016 
42.302631498741114 
42.30362897013211 
42.30345367230799 
42.30367062982092 
42.303726386839834 
42.30409173338169 
42.30356175196385 
42.30357699852959 
42.30311236464665 
42.2993860239989 
42.30373822081807 
42.30406042766936 
42.30242059473505 
42.30337141131264 
42.29300279581923 
42.303824854053616 
42.303686799520484 
42.30406774220386 
42.30396044367128 
42.302395660258604 
42.30409910034667 
42.29837024547631 
42.30403222368122 
42.29940419460669 
42.30404675428398 
42.30407644867305 
42.30364658608904 
42.30399420868732 
42.30372975227154 
42.30406369669242 
42.303747455749495 
42.28859418350723 
42.30390216293637 
42.303520096238756 
42.292830511798414 
42.302978577165746 
42.303908009280555 
42.3035643576661 
42.29487054359317 
42.304137844880316 
42.30387709976935 
42.303244530085564 
42.28065682331037 
42.29890103965059 
42.30404987149088 
42.304137844880316 
42.29305061498872 
42.30354941330248 
42.30397877189722 
42.30367938225729 
42.299795427823085 
42.29707500599574 
42.29943843864338 
42.3039843139891 
42.30406042766936 
42.30398292905235 
42.295028224738104 
42.30384683018326 
42.30373822081807 
42.30404987149088 
42.304040044840974 
42.3041041368032 
42.303396286051765 
42.303776292879675 
42.30363078923243 
42.30407684581329 
42.29693011693232 
42.3040753551343 
42.303347260250305 
