35.49719679965289 
35.49654694116101 
35.4971966364867 
35.49719554834468 
35.49719430551348 
35.497196295934835 
35.49719679965289 
35.4967395716864 
35.49719667310613 
35.49719617976998 
35.49712549807373 
35.49719679965289 
35.497084438325246 
35.4971959716549 
35.4971960441501 
35.49719578528537 
35.49718804338786 
35.49719550321736 
35.49719679965289 
35.4971886257027 
35.4971960441501 
35.49713450606767 
35.49718845429541 
35.49719679965289 
35.49719363839003 
35.49719503692151 
35.49718554236153 
35.49718804338786 
35.492131932860644 
35.497188440938615 
35.49719678852725 
35.497188440938615 
35.49719651758508 
35.49719651014815 
35.49719525488323 
35.49719622879422 
35.497135494388424 
35.49719618229854 
35.49719094823671 
35.49719679965289 
35.49713845515204 
35.49719051162773 
35.49711075234116 
35.49719679965289 
35.49719617976998 
35.49719590707257 
35.49706094171132 
35.49719527701555 
35.4971959716549 
35.49706490117172 
35.497191600636235 
35.497196531863985 
35.49700233486925 
35.49719364924797 
35.49719644761845 
35.49718800873156 
35.49719616804937 
35.497188340450265 
35.49719679965289 
35.4971966364867 
35.497186221120174 
35.497193381101496 
35.497194279365196 
35.49719679965289 
35.49719618229854 
35.49718441631224 
35.49719638074558 
35.49719627624184 
35.497188780718886 
35.49719578528537 
35.49719679965289 
35.49719554834468 
35.497194906983346 
35.49719627624184 
35.49719527701555 
35.497194401777236 
35.4971962102019 
35.49719554834468 
35.49719618229854 
35.497181987864785 
35.497160852488655 
35.49719578528537 
35.497195911415744 
35.49719624009836 
35.4971886257027 
35.4971960441501 
35.49713450606767 
35.496902971710504 
35.49712801018158 
35.49719193547762 
35.49711507148384 
35.49719647296351 
35.49719554834468 
35.49719576556262 
35.497195116645464 
35.49719679965289 
35.49719587173227 
35.497196473052746 
35.4971959716549 
35.4971960441501 
