LITERAL GLOBAL ALPHABET
ar
1,1,1,1
de
0.994,0.800803842760515,0.802372316439565,0.865725386400027
el
0.9568,0.995490638172728,0.996666993432016,0.982985877201581
en
0.7524,0.811096951279286,0.696696402313498,0.753397784530928
eo
0.5,0.5,0.5,0.5
fr
0.6833,0.720419566709146,0.721988040388197,0.708569202365781
hi
0.9865,0.998431526320949,0.983923144789726,0.989618223703558
la
0.7068,0.746299382413489,0.718753063425155,0.723950815279548
pl
0.7904,0.868052151749829,0.838055092637977,0.832169081462602
ru
0.985,0.990295069110872,0.991961572394863,0.989085547168578
sw
0.7444,0.839329477502206,0.784138809920596,0.789289429140934

LITERAL SPECIFIC ALPHABET
ar
1,1,1,1
de
1,0.971081266542497,0.961082246838546,0.977387837793681
el
1,1,1,1
en
1,0.823546711106754,0.719145181844917,0.847563964317224
eo
0.5,0.5,0.5,0.5
fr
1,0.853788844230957,0.831487109106951,0.895091984445969
hi
1,1,1,1
la
0.995,0.793941770414665,0.717576708165866,0.835506159526844
pl
1,0.993137927654152,0.983727085579846,0.992288337744666
ru
1,1,1,1
sw
1,0.914518184491717,0.872365454367219,0.928961212952979

TRANSLITERAL GLOBAL ALPHABET
ar
0.07,0.0198019801980198,0.0198019801980198,0.0365346534653465
el
0.07,0.0198019801980198,0.0198019801980198,0.0365346534653465
hi
0.07,0.0198019801980198,0.0198019801980198,0.0365346534653465
ru
0.07,0.0198019801980198,0.0198019801980198,0.0365346534653465

TRANSLITERAL SPECIFIC ALPHABET
ar
1,1,1,1
el
1,0.991765513184982,0.991275365160278,0.99434695944842
hi
1,0.985197529653955,0.98725615135771,0.990817893670555
ru
1,0.970297029702972,0.968924615233802,0.979740548312258
