#Using the global alphabet.
#LITERAL
[1] "ar"
[1] 0.9386
[1] "ar"
[1] 0.9998039
[1] "ar"
[1] 0.9956867
[1] "de"
[1] 0.7398
[1] "de"
[1] 0.8008038
[1] "de"
[1] 0.8023723
[1] "el"
[1] 0.9568
[1] "el"
[1] 0.9954906
[1] "el"
[1] 0.996667
[1] "en"
[1] 0.7524
[1] "en"
[1] 0.811097
[1] "en"
[1] 0.6966964
[1] "eo"
[1] 0.5
[1] "eo"
[1] 0.5
[1] "eo"
[1] 0.5
[1] "fr"
[1] 0.6833
[1] "fr"
[1] 0.7204196
[1] "fr"
[1] 0.721988
[1] "hi"
[1] 0.9865
[1] "hi"
[1] 0.9984315
[1] "hi"
[1] 0.9839231
[1] "la"
[1] 0.7068
[1] "la"
[1] 0.7462994
[1] "la"
[1] 0.7187531
[1] "pl"
[1] 0.7904
[1] "pl"
[1] 0.8680522
[1] "pl"
[1] 0.8380551
[1] "ru"
[1] 0.985
[1] "ru"
[1] 0.9902951
[1] "ru"
[1] 0.9919616
[1] "sw"
[1] 0.7444
[1] "sw"
[1] 0.8393295
[1] "sw"
[1] 0.7841388

#TRANSLITERATED


