#Using specific alphabet per language.
#LITERAL
[1] "ar"
[1] 1
[1] "ar"
[1] 1
[1] "ar"
[1] 1
[1] "de"
[1] 0.6135
[1] "de"
[1] 0.718459
[1] "de"
[1] 0.7160082
[1] "el"
[1] 1
[1] "el"
[1] 1
[1] "el"
[1] 1
[1] "en"
[1] 0.3586
[1] "en"
[1] 0.3729046
[1] "en"
[1] 0.3353593
[1] "eo"
[1] 0.5
[1] "eo"
[1] 0.5
[1] "eo"
[1] 0.5
[1] "fr"
[1] 0.5725
[1] "fr"
[1] 0.629252
[1] "fr"
[1] 0.6256249
[1] "hi"
[1] 1
[1] "hi"
[1] 1
[1] "hi"
[1] 1
[1] "la"
[1] 0.3496
[1] "la"
[1] 0.3256543
[1] "la"
[1] 0.3421233
[1] "pl"
[1] 0.9539
[1] "pl"
[1] 0.9619645
[1] "pl"
[1] 0.9688266
[1] "ru"
[1] 1
[1] "ru"
[1] 1
[1] "ru"
[1] 1
[1] "sw"
[1] 0.3777
[1] "sw"
[1] 0.433683
[1] "sw"
[1] 0.3930007

#TRANSLITERATED
[1] "ar"
[1] 0.09635
[1] "ar"
[1] 0.01539065
[1] "ar"
[1] 0.02048819
[1] "el"
[1] 0.08195
[1] "el"
[1] 0.0192138
[1] "el"
[1] 0.01499853
[1] "hi"
[1] 0.035
[1] "hi"
[1] 0.01872365
[1] "hi"
[1] 0.05156357
[1] "ru"
[1] 0.05725
[1] "ru"
[1] 0.03646701
[1] "ru"
[1] 0.01441035
[1] "zh"
[1] 0.03985
[1] "zh"
[1] 0.01068523
[1] "zh"
[1] 0.01176355
