3.1699250014423126 
3.1699250014423126 
3.1699250014423126 
3.1699250014423126 
3.1699250014423126 
3.1699250014423126 
3.1699250014423126 
3.1699250014423126 
3.1699250014423126 
3.1699250014423126 
3.1699250014423126 
3.1699250014423126 
3.1699250014423126 
3.1699250014423126 
3.1699250014423126 
3.1699250014423126 
3.1699250014423126 
3.1699250014423126 
3.1699250014423126 
3.1699250014423126 
3.1699250014423126 
3.1699250014423126 
3.1699250014423126 
3.1699250014423126 
3.1699250014423126 
3.1699250014423126 
3.1699250014423126 
3.1699250014423126 
3.1699250014423126 
3.1699250014423126 
3.1699250014423126 
3.1699250014423126 
3.1699250014423126 
3.1699250014423126 
3.1699250014423126 
3.1699250014423126 
3.1699250014423126 
3.1699250014423126 
3.1699250014423126 
1.5849625007211563 
3.1699250014423126 
3.1699250014423126 
3.1699250014423126 
3.1699250014423126 
3.1699250014423126 
3.1699250014423126 
3.1699250014423126 
3.1699250014423126 
3.1699250014423126 
3.1699250014423126 
3.1699250014423126 
3.1699250014423126 
3.1699250014423126 
3.1699250014423126 
3.1699250014423126 
3.1699250014423126 
3.1699250014423126 
3.1699250014423126 
3.1699250014423126 
3.1699250014423126 
3.1699250014423126 
3.1699250014423126 
3.1699250014423126 
3.1699250014423126 
3.1699250014423126 
3.1699250014423126 
3.1699250014423126 
3.1699250014423126 
3.1699250014423126 
3.1699250014423126 
3.1699250014423126 
3.1699250014423126 
3.1699250014423126 
3.1699250014423126 
3.1699250014423126 
3.1699250014423126 
3.1699250014423126 
3.1699250014423126 
3.1699250014423126 
3.1699250014423126 
3.1699250014423126 
3.1699250014423126 
3.1699250014423126 
3.1699250014423126 
3.1699250014423126 
3.1699250014423126 
3.1699250014423126 
3.1699250014423126 
3.1699250014423126 
3.1699250014423126 
3.1699250014423126 
3.1699250014423126 
3.1699250014423126 
3.1699250014423126 
3.1699250014423126 
3.1699250014423126 
3.1699250014423126 
3.1699250014423126 
3.1699250014423126 
3.1699250014423126 
