2.807354922057604 
2.807354922057604 
2.321928094887362 
3.0 
3.1699250014423126 
3.1699250014423126 
3.1699250014423126 
3.1699250014423126 
3.1699250014423126 
3.1699250014423126 
3.1699250014423126 
3.1699250014423126 
3.1699250014423126 
3.1699250014423126 
3.1699250014423126 
3.1699250014423126 
3.1699250014423126 
3.1699250014423126 
2.807354922057604 
3.1699250014423126 
3.1699250014423126 
3.1699250014423126 
3.1699250014423126 
3.1699250014423126 
2.807354922057604 
2.584962500721156 
3.1699250014423126 
3.1699250014423126 
3.1699250014423126 
3.1699250014423126 
3.1699250014423126 
3.1699250014423126 
3.1699250014423126 
2.807354922057604 
2.807354922057604 
3.1699250014423126 
3.1699250014423126 
3.1699250014423126 
3.1699250014423126 
3.1699250014423126 
3.1699250014423126 
3.1699250014423126 
3.0 
3.1699250014423126 
3.1699250014423126 
3.1699250014423126 
3.1699250014423126 
3.0 
1.5849625007211563 
3.1699250014423126 
3.1699250014423126 
3.1699250014423126 
3.1699250014423126 
3.1699250014423126 
3.1699250014423126 
3.1699250014423126 
3.1699250014423126 
3.1699250014423126 
2.807354922057604 
3.1699250014423126 
2.807354922057604 
3.1699250014423126 
3.0 
3.0 
3.1699250014423126 
3.1699250014423126 
3.1699250014423126 
3.1699250014423126 
3.0 
2.807354922057604 
3.1699250014423126 
3.1699250014423126 
3.1699250014423126 
3.1699250014423126 
3.1699250014423126 
3.1699250014423126 
2.807354922057604 
3.0 
3.1699250014423126 
3.1699250014423126 
3.1699250014423126 
3.1699250014423126 
3.1699250014423126 
3.1699250014423126 
3.1699250014423126 
3.1699250014423126 
3.1699250014423126 
3.1699250014423126 
2.807354922057604 
3.1699250014423126 
3.1699250014423126 
3.1699250014423126 
3.1699250014423126 
3.1699250014423126 
3.1699250014423126 
3.1699250014423126 
3.1699250014423126 
3.1699250014423126 
3.1699250014423126 
3.1699250014423126 
