3.0 
3.0 
3.0 
3.0 
3.0 
3.0 
3.0 
3.0 
3.0 
3.0 
3.0 
3.0 
3.0 
3.0 
3.0 
3.0 
3.0 
3.0 
3.0 
3.0 
3.0 
3.0 
3.0 
3.0 
3.0 
3.0 
3.0 
3.0 
3.0 
3.0 
2.807354922057604 
3.0 
3.0 
3.0 
3.0 
3.0 
3.0 
2.0 
2.807354922057604 
3.0 
3.0 
3.0 
3.0 
3.0 
2.807354922057604 
3.0 
3.0 
3.0 
3.0 
3.0 
3.0 
3.0 
3.0 
2.0 
2.807354922057604 
3.0 
3.0 
3.0 
3.0 
3.0 
3.0 
3.0 
3.0 
3.0 
3.0 
3.0 
3.0 
3.0 
3.0 
3.0 
3.0 
3.0 
3.0 
3.0 
3.0 
3.0 
3.0 
3.0 
3.0 
3.0 
3.0 
3.0 
3.0 
3.0 
2.0 
3.0 
3.0 
3.0 
3.0 
3.0 
3.0 
3.0 
3.0 
3.0 
3.0 
3.0 
3.0 
3.0 
3.0 
3.0 
