3.0 
3.0 
3.0 
3.0 
3.0 
3.0 
3.0 
3.0 
3.0 
3.0 
3.0 
3.0 
3.0 
3.0 
3.0 
3.0 
3.0 
3.0 
3.0 
3.0 
3.0 
3.0 
3.0 
3.0 
3.0 
3.0 
3.0 
3.0 
3.0 
3.0 
3.0 
3.0 
3.0 
3.0 
3.0 
3.0 
3.0 
3.0 
3.0 
2.584962500721156 
3.0 
3.0 
3.0 
3.0 
3.0 
3.0 
3.0 
3.0 
3.0 
3.0 
3.0 
3.0 
3.0 
3.0 
3.0 
3.0 
3.0 
3.0 
3.0 
3.0 
3.0 
3.0 
3.0 
3.0 
3.0 
3.0 
3.0 
3.0 
3.0 
3.0 
3.0 
3.0 
3.0 
3.0 
3.0 
3.0 
3.0 
3.0 
3.0 
3.0 
3.0 
3.0 
3.0 
3.0 
3.0 
3.0 
3.0 
3.0 
3.0 
3.0 
3.0 
3.0 
3.0 
3.0 
3.0 
3.0 
3.0 
3.0 
3.0 
3.0 
