3.1699250014423126 
3.1699250014423126 
3.1699250014423126 
3.1699250014423126 
3.0 
3.1699250014423126 
3.1699250014423126 
3.1699250014423126 
3.1699250014423126 
3.1699250014423126 
3.1699250014423126 
3.1699250014423126 
3.1699250014423126 
3.1699250014423126 
3.1699250014423126 
3.1699250014423126 
3.1699250014423126 
3.1699250014423126 
3.1699250014423126 
3.1699250014423126 
3.1699250014423126 
3.1699250014423126 
3.1699250014423126 
3.0 
3.0 
3.1699250014423126 
3.1699250014423126 
3.1699250014423126 
3.1699250014423126 
3.1699250014423126 
3.1699250014423126 
3.1699250014423126 
3.1699250014423126 
3.1699250014423126 
3.1699250014423126 
3.1699250014423126 
3.1699250014423126 
3.1699250014423126 
3.1699250014423126 
3.1699250014423126 
3.1699250014423126 
3.1699250014423126 
3.1699250014423126 
3.1699250014423126 
2.321928094887362 
3.1699250014423126 
3.1699250014423126 
3.1699250014423126 
3.1699250014423126 
3.1699250014423126 
3.1699250014423126 
3.1699250014423126 
3.1699250014423126 
3.1699250014423126 
3.1699250014423126 
3.1699250014423126 
3.1699250014423126 
3.1699250014423126 
3.1699250014423126 
3.1699250014423126 
3.1699250014423126 
3.1699250014423126 
3.1699250014423126 
3.1699250014423126 
3.1699250014423126 
3.1699250014423126 
3.1699250014423126 
3.1699250014423126 
3.1699250014423126 
3.1699250014423126 
3.1699250014423126 
3.1699250014423126 
3.1699250014423126 
3.1699250014423126 
3.1699250014423126 
3.1699250014423126 
3.1699250014423126 
3.1699250014423126 
3.1699250014423126 
3.1699250014423126 
3.1699250014423126 
2.321928094887362 
3.1699250014423126 
3.1699250014423126 
3.1699250014423126 
3.1699250014423126 
3.1699250014423126 
3.1699250014423126 
3.1699250014423126 
3.1699250014423126 
3.1699250014423126 
3.1699250014423126 
3.1699250014423126 
3.1699250014423126 
3.1699250014423126 
3.1699250014423126 
3.1699250014423126 
3.1699250014423126 
3.1699250014423126 
3.1699250014423126 
