3.1699250014423126 
3.1699250014423126 
3.1699250014423126 
3.1699250014423126 
3.1699250014423126 
3.1699250014423126 
3.1699250014423126 
3.1699250014423126 
3.1699250014423126 
3.1699250014423126 
3.1699250014423126 
3.1699250014423126 
3.1699250014423126 
3.1699250014423126 
3.1699250014423126 
3.1699250014423126 
2.584962500721156 
3.1699250014423126 
3.1699250014423126 
3.1699250014423126 
3.1699250014423126 
3.1699250014423126 
3.1699250014423126 
3.1699250014423126 
3.1699250014423126 
3.1699250014423126 
3.1699250014423126 
3.1699250014423126 
3.1699250014423126 
3.1699250014423126 
3.1699250014423126 
3.1699250014423126 
3.1699250014423126 
3.1699250014423126 
3.1699250014423126 
3.1699250014423126 
3.1699250014423126 
3.1699250014423126 
3.1699250014423126 
3.1699250014423126 
3.1699250014423126 
3.1699250014423126 
3.1699250014423126 
3.0 
3.1699250014423126 
3.1699250014423126 
3.1699250014423126 
3.1699250014423126 
3.1699250014423126 
3.1699250014423126 
3.1699250014423126 
3.1699250014423126 
3.1699250014423126 
3.1699250014423126 
3.1699250014423126 
3.1699250014423126 
3.1699250014423126 
3.1699250014423126 
3.0 
2.0 
2.584962500721156 
2.584962500721156 
2.584962500721156 
1.5849625007211563 
2.321928094887362 
2.321928094887362 
3.1699250014423126 
3.1699250014423126 
3.0 
3.1699250014423126 
3.1699250014423126 
3.1699250014423126 
3.1699250014423126 
3.1699250014423126 
3.1699250014423126 
3.1699250014423126 
3.1699250014423126 
3.1699250014423126 
3.1699250014423126 
3.1699250014423126 
3.1699250014423126 
3.1699250014423126 
3.1699250014423126 
3.1699250014423126 
3.1699250014423126 
3.1699250014423126 
3.1699250014423126 
3.1699250014423126 
3.1699250014423126 
3.0 
3.1699250014423126 
3.1699250014423126 
3.1699250014423126 
3.1699250014423126 
3.1699250014423126 
3.1699250014423126 
3.1699250014423126 
3.1699250014423126 
3.1699250014423126 
3.1699250014423126 
