1.0 
2.321928094887362 
0.0 
2.584962500721156 
1.5849625007211563 
0.0 
2.321928094887362 
1.0 
1.0 
1.0 
1.0 
2.0 
2.321928094887362 
2.321928094887362 
2.0 
1.0 
2.321928094887362 
0.0 
3.0 
1.5849625007211563 
3.0 
2.321928094887362 
1.5849625007211563 
1.5849625007211563 
2.0 
2.0 
2.0 
2.584962500721156 
1.0 
1.0 
1.5849625007211563 
2.0 
2.0 
0.0 
1.5849625007211563 
2.321928094887362 
0.0 
1.0 
2.0 
1.0 
1.0 
2.0 
0.0 
2.0 
2.0 
2.0 
2.321928094887362 
2.584962500721156 
3.1699250014423126 
1.0 
0.0 
2.321928094887362 
1.0 
2.807354922057604 
2.0 
2.0 
3.1699250014423126 
1.5849625007211563 
2.0 
1.0 
1.5849625007211563 
0.0 
2.584962500721156 
2.584962500721156 
3.0 
2.807354922057604 
1.5849625007211563 
2.0 
2.807354922057604 
2.321928094887362 
1.5849625007211563 
0.0 
2.0 
1.5849625007211563 
1.0 
2.807354922057604 
3.1699250014423126 
2.584962500721156 
3.0 
2.321928094887362 
2.0 
1.0 
1.0 
1.5849625007211563 
3.0 
2.584962500721156 
2.584962500721156 
2.321928094887362 
2.584962500721156 
2.321928094887362 
2.807354922057604 
2.0 
0.0 
1.5849625007211563 
1.0 
1.5849625007211563 
1.5849625007211563 
1.0 
2.321928094887362 
2.807354922057604 
