37.62520780565209 
39.90338038584506 
40.71726637766349 
40.482841429573476 
39.8979155938795 
40.71106296188351 
39.47882396448778 
40.717771705224415 
40.71093972202825 
40.66646627482715 
40.17023597510195 
37.868072972164036 
39.89589768087741 
0.0 
39.84005360768651 
37.79572587669602 
39.85854908920175 
38.8227936174468 
40.706745174405754 
39.48290044099881 
40.197590186663184 
39.408049308539745 
37.91321995929655 
37.769972656528786 
39.8546454818425 
39.48933542463543 
40.2148671889089 
40.720866407470126 
38.90217395459377 
38.8560062628707 
39.90152115838936 
40.722810317894 
39.885430840153006 
40.21824320320669 
40.71160131077795 
39.49048801096857 
40.22542619866463 
40.45698410147252 
39.47288605584784 
0.0 
40.18492878266229 
39.90165554191679 
37.80162985755795 
38.7460696896581 
40.1849650971498 
40.477220979189084 
0.0 
40.71121366549378 
40.23470704014624 
39.910782151520884 
40.47824340230213 
40.19584631403774 
40.71118466256846 
37.68617560860626 
40.446166791686025 
40.699546391039746 
40.700475494117306 
40.20971613996928 
39.86427139473678 
39.84240025974188 
0.0 
40.66608005703629 
37.820803070667615 
40.185852430449884 
39.45331161228772 
40.69356413207688 
40.717064843042934 
40.200053892145675 
40.70408831581095 
40.18829311173119 
39.44869416846655 
37.91253135802438 
40.44942079175076 
38.847799321615625 
38.883837450385236 
40.4678790964407 
39.793723998900106 
37.89082963568422 
0.0 
38.89455300621853 
37.8568902555791 
0.0 
40.71672369684345 
39.45417952031858 
40.48468855606509 
0.0 
40.207613013216374 
40.46207893271765 
0.0 
39.484322240560886 
37.91300321072701 
40.22593607768293 
38.89092891044866 
40.18585131778784 
40.484736493763215 
39.90291376962798 
40.72168031063 
40.48011448215273 
39.838510991633854 
40.46586361232644 
