34.35795763080612 
34.357749233017834 
34.357791551056835 
34.35797124749312 
34.35132591197388 
34.357469781328426 
34.35795071082696 
34.357791935201185 
34.35796980126597 
34.357892597090334 
34.35796292242843 
34.3579845686761 
34.357883320708076 
34.084634450203595 
34.35779885607303 
34.357952107864726 
34.35798072079545 
34.35796769548013 
34.357776188999686 
34.357883320708076 
34.357982828069304 
34.357902292781056 
34.3577980858875 
34.35797740573641 
34.35798235499606 
34.35797178674834 
34.35796292242843 
34.357465496848484 
34.35796289621903 
34.35796838969918 
34.35798504246937 
34.357985675285526 
34.3577204136493 
34.351853430156424 
34.357376812217225 
34.357985675285526 
34.35797992783958 
34.342737132702965 
34.35769228792591 
34.357608233918526 
34.35796918115436 
34.357904592161105 
34.3579723942784 
34.35797337168575 
34.35761955348306 
34.357815574561094 
34.357685113180196 
34.357797100104484 
34.357896121636024 
34.35798392976587 
34.357595637149664 
34.35796273640719 
34.357905687037174 
34.35758938460232 
34.351838771334805 
34.35798018455762 
34.35798400007156 
34.35795504137097 
34.3579777192632 
34.35796936914046 
34.357828033501306 
34.357633526220454 
34.35789294149862 
34.35796280874514 
