2.807354922057604 
2.584962500721156 
2.584962500721156 
2.807354922057604 
2.807354922057604 
2.807354922057604 
2.807354922057604 
2.807354922057604 
2.807354922057604 
2.807354922057604 
2.807354922057604 
2.807354922057604 
2.807354922057604 
2.807354922057604 
2.807354922057604 
2.807354922057604 
2.807354922057604 
2.807354922057604 
2.807354922057604 
2.807354922057604 
2.807354922057604 
2.807354922057604 
2.807354922057604 
2.807354922057604 
2.807354922057604 
2.807354922057604 
2.807354922057604 
2.807354922057604 
2.807354922057604 
2.807354922057604 
2.807354922057604 
2.807354922057604 
2.807354922057604 
2.584962500721156 
2.807354922057604 
2.807354922057604 
2.807354922057604 
2.807354922057604 
2.807354922057604 
2.807354922057604 
2.807354922057604 
2.807354922057604 
2.807354922057604 
2.807354922057604 
2.807354922057604 
2.807354922057604 
2.807354922057604 
2.807354922057604 
2.807354922057604 
2.807354922057604 
2.807354922057604 
2.584962500721156 
2.807354922057604 
2.584962500721156 
2.807354922057604 
2.807354922057604 
2.807354922057604 
2.807354922057604 
2.807354922057604 
2.584962500721156 
2.584962500721156 
2.807354922057604 
2.807354922057604 
2.584962500721156 
2.807354922057604 
2.807354922057604 
2.807354922057604 
2.584962500721156 
2.807354922057604 
2.321928094887362 
2.807354922057604 
2.807354922057604 
2.807354922057604 
2.584962500721156 
2.321928094887362 
2.321928094887362 
2.807354922057604 
2.807354922057604 
2.807354922057604 
2.807354922057604 
2.807354922057604 
2.584962500721156 
2.807354922057604 
2.807354922057604 
2.807354922057604 
2.321928094887362 
2.807354922057604 
2.807354922057604 
2.807354922057604 
2.807354922057604 
2.807354922057604 
2.807354922057604 
2.807354922057604 
2.807354922057604 
2.807354922057604 
2.807354922057604 
2.807354922057604 
2.807354922057604 
2.807354922057604 
2.807354922057604 
