2.807354922057604 
2.807354922057604 
2.807354922057604 
2.807354922057604 
2.807354922057604 
2.807354922057604 
2.807354922057604 
2.807354922057604 
2.807354922057604 
2.807354922057604 
2.807354922057604 
2.807354922057604 
2.807354922057604 
2.807354922057604 
2.807354922057604 
2.807354922057604 
2.807354922057604 
2.807354922057604 
2.807354922057604 
2.807354922057604 
2.807354922057604 
2.807354922057604 
2.807354922057604 
2.807354922057604 
2.807354922057604 
2.807354922057604 
2.807354922057604 
2.807354922057604 
2.807354922057604 
2.807354922057604 
2.807354922057604 
2.807354922057604 
2.807354922057604 
2.807354922057604 
2.807354922057604 
2.807354922057604 
2.807354922057604 
2.807354922057604 
2.807354922057604 
2.807354922057604 
2.807354922057604 
2.807354922057604 
2.584962500721156 
2.807354922057604 
2.807354922057604 
2.807354922057604 
2.807354922057604 
2.807354922057604 
2.807354922057604 
2.807354922057604 
2.807354922057604 
2.807354922057604 
2.807354922057604 
2.807354922057604 
2.807354922057604 
2.807354922057604 
2.807354922057604 
2.807354922057604 
2.807354922057604 
2.807354922057604 
2.807354922057604 
2.807354922057604 
2.807354922057604 
2.807354922057604 
2.807354922057604 
2.807354922057604 
2.807354922057604 
2.807354922057604 
2.807354922057604 
2.807354922057604 
2.807354922057604 
2.807354922057604 
2.807354922057604 
2.807354922057604 
2.807354922057604 
2.807354922057604 
2.807354922057604 
2.807354922057604 
2.807354922057604 
2.807354922057604 
2.807354922057604 
2.807354922057604 
2.807354922057604 
2.807354922057604 
2.807354922057604 
2.807354922057604 
2.807354922057604 
2.807354922057604 
2.807354922057604 
2.807354922057604 
2.807354922057604 
2.807354922057604 
2.807354922057604 
2.807354922057604 
2.807354922057604 
2.807354922057604 
2.807354922057604 
2.807354922057604 
2.807354922057604 
2.584962500721156 
