49.060602177772296 
49.05831440960331 
49.061842043206966 
49.065603618815764 
49.05671098630359 
48.801378883172355 
49.04475887571166 
48.84631951095667 
49.04288479749782 
49.02030879667778 
48.98551377011201 
49.06325977571562 
49.03718242150378 
48.84072923518553 
49.03491599628367 
48.84629303274842 
48.98494087247321 
49.02203825730204 
49.04522102662521 
49.06638522390953 
49.07316996497183 
49.068873441487334 
49.037795778165325 
49.056204917281406 
49.05215365898802 
49.0457284875952 
48.87260012804868 
48.30635282310576 
49.0201296302458 
49.04340209550257 
49.03247143762074 
49.003067436378664 
49.04619906820213 
49.04030778038607 
49.05069583441304 
49.046752606083224 
49.07169473589988 
49.05102428765732 
49.04632428523233 
49.01718088837542 
48.85846056240105 
49.0477873960765 
49.047195772413495 
48.990679338996706 
49.03304038715583 
48.87642100577582 
49.05464409623294 
49.05337445209345 
49.07098437812674 
49.01490705927443 
48.98834260945565 
49.07220600853012 
48.83711273462439 
49.06808905877567 
48.855304618825606 
49.05650773184843 
49.07112014399878 
49.04639843083539 
49.044183175078835 
49.049028873796466 
49.03124545772021 
49.05680984150242 
48.84027614058745 
49.05540834083485 
49.0369413952793 
48.860731110511686 
48.99300430860419 
49.06325977571562 
49.03718242150378 
48.84072923518553 
49.03491599628367 
49.03034344837777 
49.037438428117724 
48.82659123801995 
48.849030460413765 
49.067830977855515 
48.810599663577534 
48.80599810401739 
49.04416001191295 
49.06794307835114 
49.04236119728639 
48.864286494472196 
48.856051460677214 
48.8601703046652 
49.06247022009375 
48.87620761189912 
49.06807052003861 
48.84735991710913 
49.02380254824084 
49.050167907877615 
49.067478871520834 
49.06989076865515 
49.07106003728897 
49.02601450344268 
49.05558551340266 
49.04916792591847 
49.071065875342164 
48.757011305145824 
49.07093441737001 
49.04911905164598 
