34.445584629557914 
34.44558825764501 
34.44524590141646 
34.445587066021844 
34.445508331988144 
34.445520922394 
34.445600525602615 
34.44533687464279 
34.445593524761755 
34.44524769282 
34.44558481084533 
34.44534778276307 
34.43945167431213 
34.4454977811418 
34.44524590141646 
34.44559933102982 
33.44257336061078 
34.44559405548657 
34.44530654645141 
34.44551516045609 
34.44551673119525 
34.445100759747966 
34.44559707840062 
34.445590470700886 
34.44552120950674 
34.44536851086914 
34.44544708652267 
34.44559991607649 
34.44521162631007 
34.44527551063521 
34.445599539754866 
34.44504917339454 
34.44558481084533 
34.44521162631007 
34.445601133155314 
34.445598090949616 
34.44534778276307 
34.44560100896868 
34.445104532773286 
34.4453758479856 
34.445598550391715 
34.44543685868081 
34.44552063552787 
34.445601208814196 
34.44555992881163 
34.445523986098515 
34.445593661404764 
34.43968213664115 
34.445598550391715 
34.4392875876177 
34.44558600974651 
34.44560070984779 
34.44559685758949 
34.44524769282 
34.44552722017649 
34.44522008534538 
34.44559601491817 
34.445259880534316 
34.44560031274637 
34.433637329236035 
34.44560014484151 
34.445451388679636 
34.44559221869815 
34.445587547850856 
34.44559844698489 
34.445486580376034 
34.44559331813235 
34.445583500827446 
34.42177139147979 
34.44560100896868 
34.445600769967946 
34.44551075100624 
34.445598550391715 
34.4392875876177 
34.44558600974651 
34.44560070984779 
34.44559685758949 
34.44524769282 
34.44559102726325 
34.44559185735841 
34.445593325223484 
34.44551600274297 
34.445583235308966 
34.44524590141646 
34.44534705360877 
34.445288879068514 
34.44536851086914 
34.44559748586211 
34.445590143274885 
34.445523986098515 
34.433698084083495 
34.43668854405165 
34.43953010939215 
34.445600379772664 
34.44558891212781 
34.44527193104047 
34.44559824405589 
34.445081427711365 
34.4451614303753 
34.44558037299692 
