34.44559211350267 
34.44545810493506 
34.445594330437345 
34.44558746756659 
34.445596011341785 
34.44559454150627 
34.445378103735464 
34.436475167985044 
34.44559936297061 
34.44514191891888 
34.445378103735464 
34.44530851151585 
34.44558694282059 
34.44558516811713 
34.44559713821261 
34.439588789421606 
34.445597371479394 
34.445587727041385 
34.44559581630517 
34.44558545768356 
34.44537295757159 
34.44560042478572 
34.445159109460334 
34.43957771996149 
34.4455756720815 
34.438755292233914 
34.445516322847624 
34.44560002768422 
34.44538221282112 
34.44559862210438 
34.445585878899045 
34.44520407402506 
34.445597707289764 
34.445570943649074 
34.44558755722352 
34.43671548811615 
34.445458166911195 
34.445591952996296 
34.44559279234023 
34.445455221530985 
34.44557013481561 
34.44551956323263 
34.44560103344836 
34.44559862173441 
34.445585336763685 
34.44560126430971 
34.44558839891317 
34.44560055199383 
34.4393904645343 
34.44560002768422 
34.44537136761941 
34.445311844076954 
34.445580923581915 
34.44558545768356 
34.44559992131773 
34.4396098474895 
34.44542737233769 
34.44559800061506 
34.44558442946345 
34.44550516502186 
34.44559279234023 
34.44514102885724 
34.4396124138764 
34.44552862625755 
34.44514191891888 
34.44515202567518 
34.44558645544177 
34.445588626200134 
34.445582591182884 
34.44543842488007 
34.44560123397216 
34.44558755722352 
34.445599888945324 
34.44536787238263 
34.44559191692398 
34.445582567997796 
34.44474835227508 
34.44552107285687 
34.4455887610554 
34.44559593222956 
34.4452548418209 
34.44522352265467 
34.44558867731811 
34.44559496185582 
34.44545424138072 
34.43959180215863 
34.44560103344836 
34.44552029297807 
34.445311844076954 
34.445593290692756 
34.445599888945324 
34.44560012788453 
34.445590642923236 
34.445341663788376 
34.445575115821526 
34.445589458023214 
34.44551076407934 
34.1795163624417 
34.44559065303582 
34.44559096356628 
