2.807354922057604 
2.807354922057604 
2.807354922057604 
2.807354922057604 
2.807354922057604 
2.807354922057604 
2.807354922057604 
2.807354922057604 
2.807354922057604 
2.807354922057604 
2.807354922057604 
2.807354922057604 
2.807354922057604 
2.807354922057604 
2.807354922057604 
2.807354922057604 
2.0 
2.807354922057604 
2.807354922057604 
2.807354922057604 
2.807354922057604 
2.807354922057604 
2.807354922057604 
2.807354922057604 
2.807354922057604 
2.807354922057604 
2.807354922057604 
2.807354922057604 
2.807354922057604 
2.807354922057604 
2.807354922057604 
2.807354922057604 
2.807354922057604 
2.807354922057604 
2.807354922057604 
2.807354922057604 
2.807354922057604 
2.807354922057604 
2.807354922057604 
2.807354922057604 
2.807354922057604 
2.807354922057604 
2.807354922057604 
2.807354922057604 
2.807354922057604 
2.807354922057604 
2.807354922057604 
2.807354922057604 
2.807354922057604 
2.807354922057604 
2.807354922057604 
2.807354922057604 
2.807354922057604 
2.807354922057604 
2.807354922057604 
2.807354922057604 
2.807354922057604 
2.807354922057604 
2.807354922057604 
2.807354922057604 
2.807354922057604 
2.807354922057604 
2.807354922057604 
2.807354922057604 
2.807354922057604 
2.807354922057604 
2.807354922057604 
2.807354922057604 
2.807354922057604 
2.807354922057604 
2.807354922057604 
2.807354922057604 
2.807354922057604 
2.807354922057604 
2.807354922057604 
2.807354922057604 
2.807354922057604 
2.807354922057604 
2.807354922057604 
2.807354922057604 
2.807354922057604 
2.807354922057604 
2.807354922057604 
2.807354922057604 
2.807354922057604 
2.807354922057604 
2.807354922057604 
2.807354922057604 
2.807354922057604 
2.807354922057604 
2.807354922057604 
2.807354922057604 
2.807354922057604 
2.807354922057604 
2.807354922057604 
2.807354922057604 
2.807354922057604 
2.807354922057604 
2.807354922057604 
2.807354922057604 
