48.475422326815384 
48.46285618657628 
48.27258828423842 
48.33040703314553 
47.9906150450526 
48.46489818201983 
48.055748665226545 
48.258431301288276 
48.47545796750898 
48.44373067292624 
48.21450622893263 
48.29347816752478 
48.07827813786833 
47.746234225595984 
48.457211945873546 
48.0438692236139 
47.05876118869073 
48.30085220823721 
48.027950606486904 
47.78949807221477 
48.2575073976583 
47.72083709874335 
47.44537242488523 
47.46084475893053 
48.25946128589875 
47.42694651771934 
47.74854861970968 
48.479343477648655 
0.0 
46.99390267206138 
46.42741656483003 
47.7301982078288 
48.25649696295822 
48.410951017468854 
48.47626091326744 
47.39343188464782 
48.512067694006674 
48.066609608830994 
48.199350271415405 
47.81856238090154 
48.008902075168535 
48.48258954005036 
48.452798799977394 
45.41947984044179 
48.0477646356916 
48.28576512120623 
48.025157091387015 
46.99559388216203 
47.97720569468545 
48.025522962278224 
48.33779324827436 
48.29480982525275 
48.0600026373694 
48.286701625472865 
48.29003541114794 
47.73391882576781 
45.28471054444806 
47.77326609486827 
46.99222633183649 
48.47663271450166 
48.25159339601807 
48.292585179657095 
48.22497679302249 
48.29480982525275 
47.48106770197415 
48.025958987368384 
47.766907919990665 
47.679461918338895 
47.981322278054094 
48.26894941674034 
48.29771026897145 
48.42207838196502 
48.257577372513026 
47.451440735345486 
47.66580877342661 
48.0238124703591 
48.25427773986147 
47.46398721522091 
48.05290738625374 
47.42747960987317 
48.45371781795212 
48.224099408184216 
48.459035910877546 
48.464154317175336 
48.022957215434005 
47.40042022448476 
47.78033486037468 
48.46174104061102 
48.43068196898972 
48.46292665340528 
48.01143664304977 
48.25344420483723 
48.07071003272012 
48.47897980652231 
48.46883785876227 
48.49892963723773 
47.45376107246194 
48.473336077612636 
48.27698248020188 
48.22431131279207 
