41.83973498402309 
41.83899467816979 
41.83966465127253 
41.83106619708165 
41.608889729781104 
41.839414239195094 
41.82978166399365 
41.8320871219456 
41.83987618961294 
41.838779928396654 
41.8343680813832 
41.8275032100866 
41.83547484563401 
41.82923773637148 
41.83861832599279 
41.61122670222352 
41.01368586498385 
41.8398795770842 
41.834648288283226 
41.57968114186088 
41.83208798978177 
41.82768992512099 
41.83020751524918 
41.59515488254222 
41.83951151410545 
41.584071006851836 
41.80853843604414 
41.83958933392624 
40.98836130574471 
41.58237054060703 
39.99651330850991 
41.59275936170458 
41.834353456604305 
41.839266626855014 
41.839531220965455 
41.801856390156516 
41.84035695218238 
41.82772960377981 
41.83175493924124 
41.80305183719146 
41.83425988147002 
41.839730581185236 
41.83956841751705 
41.0211978042484 
41.83021834018541 
41.834783663868095 
41.81849365472858 
41.59836793003013 
41.61394712685773 
41.83510896000916 
41.84040052374204 
41.83498563430947 
41.822579214502454 
41.81658098954084 
41.83029284638514 
41.60376662273787 
41.567920305677255 
41.82757696965546 
41.33793428715835 
41.83957529482443 
41.83046177739349 
41.83989725144631 
41.82950322551637 
41.83498563430947 
41.8187076751316 
41.829822098267435 
41.82751010046804 
41.82439484499485 
41.81976512082113 
41.84019133241274 
41.82122085002595 
41.839460471387575 
41.839419247489715 
41.335249721635854 
41.59735433857743 
41.603289196316986 
41.833566245433104 
41.825642183419006 
41.83990598807868 
41.824876487465474 
41.8392123168244 
41.83431547905942 
41.8394850739174 
41.83881112437827 
41.61411474661944 
41.60084303882403 
41.8178205226577 
41.83941734095693 
41.838521452823684 
41.839834266848065 
41.82961006123022 
41.83928335156094 
41.83324301258508 
41.839904960770966 
41.83911404658469 
41.83983659233297 
41.58464943581983 
41.83965536503125 
41.83071680208303 
41.83421781897573 
