3.0 
3.0 
3.0 
3.0 
2.321928094887362 
3.0 
3.0 
2.807354922057604 
2.584962500721156 
3.0 
3.0 
2.321928094887362 
3.0 
3.0 
3.0 
3.0 
2.807354922057604 
3.0 
3.0 
3.0 
2.807354922057604 
3.0 
3.0 
3.0 
2.807354922057604 
3.0 
3.0 
2.584962500721156 
3.0 
2.0 
2.807354922057604 
3.0 
3.0 
3.0 
3.0 
3.0 
3.0 
3.0 
2.807354922057604 
2.807354922057604 
2.584962500721156 
3.0 
2.807354922057604 
2.584962500721156 
3.0 
3.0 
3.0 
2.807354922057604 
3.0 
3.0 
3.0 
2.807354922057604 
3.0 
3.0 
2.807354922057604 
3.0 
2.584962500721156 
3.0 
3.0 
3.0 
3.0 
3.0 
2.807354922057604 
2.807354922057604 
2.807354922057604 
2.0 
3.0 
3.0 
2.807354922057604 
3.0 
2.807354922057604 
3.0 
3.0 
3.0 
3.0 
3.0 
2.807354922057604 
3.0 
2.807354922057604 
3.0 
3.0 
3.0 
3.0 
3.0 
2.807354922057604 
2.807354922057604 
3.0 
3.0 
3.0 
2.807354922057604 
3.0 
2.807354922057604 
3.0 
3.0 
2.321928094887362 
2.807354922057604 
2.807354922057604 
2.807354922057604 
3.0 
2.321928094887362 
