47.38702339908811 
47.20422657142367 
47.24219034101123 
47.156297565344794 
47.215189215646625 
47.187480760474436 
47.20496912352549 
45.95324957577708 
46.955709886437624 
46.66951104389616 
47.380641203192184 
47.373079182073845 
46.632429634333846 
45.90932101283478 
47.07550948498373 
47.154050576752624 
47.390317956735764 
46.95972920336664 
47.14143601875637 
46.961493280127485 
47.1604718393004 
47.43037073838028 
47.189025393104 
45.893688081680125 
47.22792968899722 
46.93118981336085 
47.20689200865416 
47.18763802445406 
47.18408638792111 
47.33580954265604 
47.35589381468712 
47.40423686060343 
47.386662418119876 
46.354099974094986 
45.98623138036644 
47.36916153664805 
47.18456821775051 
47.16745358809956 
46.99503618232717 
47.18232488435125 
46.9737314481714 
47.37146708437638 
47.17783926716974 
46.67731025963644 
47.36445390456549 
46.70712971127251 
46.950137771869734 
46.96449339511682 
46.618328786716255 
47.19976370192452 
47.38892170283579 
47.23703653237974 
46.724121135091394 
46.9196645544656 
47.427104935733446 
47.13578104073006 
46.930359234398466 
46.948164216994705 
47.37378417787995 
47.35416594001533 
46.707261954411145 
46.98080780019878 
46.904657755335215 
46.761566482094295 
47.20542551915816 
47.18786307156867 
46.920897946957794 
47.43037073838028 
47.189025393104 
45.893688081680125 
47.22792968899722 
46.93118981336085 
47.20689200865416 
47.18763802445406 
47.18408638792111 
47.33580954265604 
47.35589381468712 
47.40423686060343 
47.386662418119876 
46.354099974094986 
45.98623138036644 
47.36916153664805 
47.18456821775051 
47.16745358809956 
46.99503618232717 
47.18232488435125 
46.9737314481714 
47.37146708437638 
47.17783926716974 
46.67731025963644 
47.36445390456549 
47.36051703903562 
46.96325536797484 
44.29609861870973 
47.36436816000187 
47.02563640651135 
47.189430505983864 
47.188363635567384 
47.20300908150507 
46.33085699721342 
