40.93605006005737 
40.93101272333667 
40.93169654010908 
40.93016251431846 
40.931157757641344 
40.935988283058514 
40.930653831420365 
40.10737791003934 
40.920513080159836 
40.69335193141888 
40.93589579209874 
40.935360511514126 
40.925217772849926 
40.09812699188386 
40.92970382044757 
40.930002374412894 
40.936324178789405 
40.915066585985976 
40.91206086976739 
40.925882474590786 
40.92999038689522 
40.93638304165595 
40.93127989027811 
40.6806708708438 
40.93640575708047 
40.91288934962569 
40.931043030601 
40.93546644788364 
40.9300094633682 
40.935420462370054 
40.93621386283354 
40.93668553542034 
40.935311789579345 
40.90529886534615 
40.69219231782894 
40.935493298907886 
40.92809455180936 
40.92078677194546 
40.704472000824154 
40.930093987567645 
40.920592647720824 
40.93472079423375 
40.93051980982303 
40.915433280626246 
40.935749416738474 
40.90176858026797 
40.9070941192603 
40.92315485405046 
40.69600761759862 
40.93094997707306 
40.93573312439115 
40.928760945485614 
40.92617639365875 
40.92951780081139 
40.936747706086564 
40.93041394745627 
40.91944528293631 
40.930770483600874 
40.93579515834947 
40.93535321396108 
40.92656125328978 
40.70768285453565 
40.91393232039296 
40.69592339295404 
40.917497351273866 
40.925640272617805 
40.92756395624407 
40.93638304165595 
40.93127989027811 
40.6806708708438 
40.93640575708047 
40.91288934962569 
40.931043030601 
40.93546644788364 
40.9300094633682 
40.935420462370054 
40.93621386283354 
40.93668553542034 
40.935311789579345 
40.90529886534615 
40.69219231782894 
40.935493298907886 
40.92809455180936 
40.92078677194546 
40.704472000824154 
40.930093987567645 
40.920592647720824 
40.93472079423375 
40.93051980982303 
40.915433280626246 
40.935749416738474 
40.935055732505205 
40.92017974584359 
40.40091326841064 
40.936174218579126 
40.920599586083775 
40.930684385481094 
40.92803391889626 
40.935818577174295 
40.70083292552901 
