34.357983321323346 
34.357600084306625 
34.35798281594763 
34.35789706246574 
34.35798332643411 
34.357976236480766 
34.35797794459619 
34.35798303145144 
34.35796920179418 
34.357958339641804 
34.35796841977436 
34.35796797840965 
34.35797744544326 
34.35789713926279 
34.35785192370279 
34.35786054985463 
34.35796330475802 
34.35797133915997 
34.35742556541574 
34.357677214089804 
34.35790760092232 
34.35791283329625 
34.35781909464233 
34.35770233039972 
34.35795572602964 
34.35202013564317 
34.35773381637906 
34.35797972334312 
34.3579647605581 
34.35798420797458 
34.3578942639575 
34.08804816329647 
34.35776583857876 
34.35797585428565 
34.35796092304287 
34.35797133915997 
34.35796651055653 
34.35795505460679 
34.35780816097994 
34.35782380021548 
34.35797528102554 
34.35788556035773 
34.3578955758654 
34.35773812522718 
34.35789526500735 
34.35789706246574 
34.357518006839136 
34.35764395925103 
34.35789871831931 
34.35788325105275 
34.3579719523252 
34.35797821127406 
34.3579032849793 
34.357888620073005 
34.357882748656216 
34.35183403001258 
34.35795523912198 
34.351877029564555 
34.357811866923385 
34.35796208975551 
34.357897732080836 
