57.29303321879503 
57.50818929481676 
57.49580626212758 
57.4866212808926 
57.31220837151333 
57.502024267022925 
57.30738060265024 
57.49925635919093 
56.81527645170368 
57.30187071003894 
57.079745304580705 
57.489234730596905 
57.49596564148471 
57.29972432918999 
57.4815087504932 
57.080904661928386 
57.50871919675098 
57.482794116131984 
57.493391550605786 
57.0844434924027 
57.50264241965945 
57.285062748894106 
57.285978335780044 
57.487587442806195 
57.079534675379016 
57.50000977013232 
57.4938570050515 
57.50331708936308 
57.49125719794175 
57.302492534100104 
57.288745391834915 
57.50502446006602 
57.50808606652084 
57.31362286711621 
57.48840290208175 
56.06984103822892 
57.300799332063555 
57.479359171000624 
57.49020124507899 
57.29513566252741 
57.0494723961468 
57.50104419694063 
57.287122259961244 
56.79622035940006 
57.493662776890346 
57.29664205030391 
57.30247118334726 
57.489507607182055 
57.07637398993447 
57.28471122661894 
57.4934538172751 
56.483177363387746 
57.302003864008896 
57.27613718735572 
57.489147095325954 
57.4844244977357 
57.47676718717816 
57.05983640889619 
57.50892002070825 
57.503407229143626 
57.28398542153067 
57.48626222803336 
57.48131947796881 
57.0786889777217 
57.50502446006602 
57.06010276549994 
57.484810177803396 
57.48286402023821 
57.48117617937627 
57.2899869174937 
57.50236058288457 
57.495218581020296 
57.49226700695817 
57.489479661194935 
56.48737705236967 
57.30012304450471 
57.069084777922065 
57.50745404210371 
57.291942059328946 
57.50146645367816 
57.507322489748276 
57.50287768620725 
57.49262980886569 
57.49578944780823 
57.49258460614691 
57.50331303702901 
57.49566999123269 
57.50461710663569 
57.49574014033027 
57.2746484864986 
57.49950778643104 
57.507313399797944 
57.48719698184419 
57.50060295345382 
57.49414464685263 
57.49866085934181 
57.30853376270942 
57.50204707985385 
57.50736265850039 
57.50012440531898 
