49.52620828474807 
49.52913588384585 
49.529008346343915 
49.52904315290501 
49.52906483888411 
49.526331150554746 
49.52915772509212 
49.52900676509449 
49.528981388426885 
49.52912820423214 
49.5289841149844 
49.52707417264113 
49.523398239387134 
49.52915718994294 
49.529085318120764 
49.52902784906162 
49.302437457198245 
49.52902784906162 
49.52910818980791 
49.529017376987575 
49.52910272173104 
49.52916170451999 
49.52724311035831 
49.52915745910305 
49.517703476810425 
49.529054249338536 
49.52912061207215 
49.5291304914127 
49.529106319122185 
49.52910807583526 
49.52914695073971 
49.529153746915945 
49.5291489319819 
49.52888701033784 
49.52704456391423 
49.52915719007187 
49.529016194386806 
49.52897478363576 
49.51380874594365 
49.52908100329943 
49.52722940514763 
49.527169669594976 
49.52916113512854 
49.52915450158129 
49.52906204016402 
49.52709734649515 
49.52719708151325 
49.52914743932779 
49.529027925184494 
49.529077195069 
49.52911380515302 
49.030817062204406 
49.52914075015544 
49.52916204530367 
49.52915772509212 
49.52914748577278 
49.52894736516922 
49.52897713285273 
49.522508508978106 
49.52528854611166 
49.52913669424318 
49.52914748689491 
49.529085318120764 
49.52916204530367 
49.517603963701276 
49.52910010660791 
49.529002011624655 
49.52916170451999 
49.529039469515276 
49.52911823366359 
49.529045450126134 
49.522463906379066 
49.52915953497527 
49.529158095516166 
49.52915953497527 
49.527068346111896 
49.523251124036676 
49.52152240978807 
49.52915675167797 
49.529071620255685 
49.526316330793016 
49.529157346527434 
49.524447052585536 
49.30568175684419 
49.527185101734254 
49.52910818980791 
49.52907493412619 
49.523159528990334 
49.52912061207215 
49.529155269508855 
49.52899495265045 
49.52916170451999 
49.529029013098516 
49.522508508978106 
49.52908304009119 
49.52916166674012 
49.3035770804473 
49.52915635713408 
49.529110908095326 
49.52047245627881 
