41.51902462831073 
41.51902498667908 
41.519024768283515 
41.51902495470572 
41.51902471791782 
41.51902498667908 
41.51902498667908 
41.51902462831073 
41.51902483925515 
41.51902483925515 
41.51902390643785 
41.519014382896884 
41.51899453386898 
41.51902495470572 
41.51902443152325 
41.51902462831073 
41.51902475054358 
41.51902462831073 
41.51902465223318 
41.519024241707555 
41.519024668366136 
41.519024984464565 
41.51901478952642 
41.51902498667908 
41.51902462831073 
41.519024206977136 
41.51902471791782 
41.519024698510016 
41.51902495338168 
41.51902465223318 
41.51902495338168 
41.51902495470572 
41.51902498456986 
41.51902346216683 
41.51901341319995 
41.51902495338168 
41.519024811810176 
41.519024885175334 
41.518959795120786 
41.519024929587886 
41.519014546845014 
41.519014311100634 
41.51902498506798 
41.51902493679319 
41.51902446129629 
41.5190149236358 
41.51900473326489 
41.51902487794302 
41.519024132979226 
41.51902472919184 
41.51902494202571 
41.514634794901845 
41.51902498667908 
41.51902498667908 
41.51902498667908 
41.51902498667908 
41.51902366773697 
41.51902358298188 
41.51897009523058 
41.51900484848677 
41.51902485067522 
41.519024929587886 
41.51902443152325 
41.51902498667908 
41.51895965210249 
41.519024804842026 
41.51902400219133 
41.519024984464565 
41.51902494674958 
41.519024787930306 
41.519024172015065 
41.519024717302955 
41.51902498667908 
41.519024972217196 
41.51902498667908 
41.51901365641034 
41.51899354724432 
41.518960375704765 
41.51902495228564 
41.519024621230415 
41.51902498667908 
41.51902498456986 
41.518985319966056 
41.5168388458513 
41.51901470409322 
41.51902465223318 
41.51902498667908 
41.518999098718616 
41.51902471791782 
41.519024943341506 
41.51902370993184 
41.519024984464565 
41.519024385149805 
41.51897009523058 
41.51902451600221 
41.51902498456986 
41.51681915595247 
41.51902498667908 
41.519024712883535 
41.51898413663598 
