52.06254854593151 
52.49876945642745 
52.47977901632384 
52.3190084750909 
52.09401622195106 
52.32166286697105 
52.28738391260518 
52.47524440019911 
52.04435876959536 
52.29193877000958 
52.47516839057788 
52.516899083668434 
52.48960913264423 
52.49032449564742 
52.0679892604549 
52.50558828268613 
52.0513402939136 
52.50243619350955 
52.52344115750509 
52.50150679103511 
52.312737585445575 
52.32166286697105 
52.28738391260518 
52.47524440019911 
52.04435876959536 
52.29193877000958 
52.30357554373972 
52.28133918824048 
52.5174156823069 
52.45958466589454 
52.098788340476794 
52.50032436158241 
52.52418179791974 
52.49641080829782 
52.52488871531917 
52.29990023849826 
52.27247720057875 
51.71143435333667 
52.06683947404433 
52.30247191608508 
52.09359949728028 
52.45695406611677 
52.282057386002705 
52.52460018503596 
52.0747393906885 
52.445434214493304 
52.28133918824048 
52.5174156823069 
52.060698444769216 
51.77424190995723 
52.49382891627814 
52.522743333456674 
52.292129139418385 
51.71143435333667 
52.06683947404433 
52.30247191608508 
52.09359949728028 
52.04991108685318 
52.28509443940002 
51.82111529579062 
52.305939613005755 
52.46702368269111 
52.50442620847223 
52.306908554366395 
52.49012079197587 
52.44930833203605 
52.26022892719717 
52.27370678217483 
52.244345812872915 
51.094996449336485 
52.077168059775595 
52.28733364538524 
52.46679485250214 
51.8025451100538 
51.835390208344755 
52.50804567846271 
52.05791510802804 
52.48493203503548 
52.0862778074733 
52.474646469606775 
52.07486561464794 
52.5235133856003 
52.507365068774895 
52.51337162334704 
51.71143435333667 
52.50816610081931 
52.523422769279115 
52.23439119316812 
52.50157090252419 
51.80158823505689 
52.51370192021532 
52.06237592878547 
52.49876945642745 
52.52141745081154 
52.305136151017585 
52.32322119982797 
52.51340401802293 
52.02884073698012 
52.316178933994806 
52.46697683188352 
