51.01054832963085 
51.06493944887541 
52.04750599105167 
52.0535893669655 
50.493683841733734 
52.30949411801587 
52.262401426662585 
52.31032722369124 
51.82470026522772 
52.05679122252415 
51.80062262156279 
52.0377662634914 
52.52326969844957 
52.251592992734174 
52.47032943505174 
52.50241705409082 
52.47427615829974 
52.023418824961674 
52.45509663620239 
52.3006584428114 
51.794643958925825 
52.469713636545244 
52.05357769650074 
52.48693049843849 
52.05584649106394 
52.05835173781581 
52.09864278122453 
52.3092029638825 
52.32290725490594 
52.3213075030205 
51.82728142125834 
52.057339952880824 
52.326831147354405 
51.827967161739615 
51.79724013803984 
51.50726836683653 
52.52474587872613 
52.09864278122453 
52.51779579631257 
52.51398595410945 
52.29419141254192 
52.48606717087988 
52.498442862617814 
52.50047662629771 
52.287303461563006 
52.48647706796913 
52.309081654725155 
52.24354452088426 
52.07120743183644 
52.52006445479434 
52.067175216199416 
52.51849900517904 
52.48340691530947 
51.75811572674897 
52.43435695494481 
52.5143323439194 
52.46137474295369 
52.51779579631257 
52.276135390231396 
52.26482623949215 
52.5096370018589 
52.27589515647342 
52.28029275963924 
52.284504699272865 
51.72292517341999 
52.460881686659064 
52.29121279372128 
52.30856477195909 
52.471113972115 
52.52385698196043 
52.073401302253316 
52.31489629899371 
52.48960913264423 
50.447188769367585 
52.24229973814031 
52.29746136425485 
52.50335604639043 
52.30025223553426 
52.513418418401635 
52.32003046897854 
52.52217050216786 
52.5165575180146 
52.521136517570994 
52.51368869346689 
52.47127536565722 
52.315050260372274 
52.52023030364982 
52.307769759297095 
52.521097228043736 
52.0414914764412 
52.47630134923951 
52.52175600753413 
52.281161528345535 
52.08067627240859 
52.2885669086549 
52.517017532036334 
52.521468145975334 
52.076151875254 
52.289856830479515 
52.47657057601626 
