62.64518560720958 
62.64522253781654 
62.64531410750141 
62.645312937132594 
62.6451577702766 
62.64535147657203 
62.64533958150197 
62.64535161024123 
62.64527754784402 
62.64530795012417 
62.6452830778535 
62.645309271042215 
62.64537805889118 
62.64533836851757 
62.645337042867254 
62.645383899376306 
62.6453458050346 
62.64530703200083 
62.64534048624336 
62.64534902234783 
62.64528457164165 
62.645376409719766 
62.64531378779335 
62.645376051420726 
62.64530618790098 
62.645341694005694 
62.64534714593589 
62.645351474842755 
62.64535139323833 
62.645351147291834 
62.64528334342629 
62.645314536067 
62.645354944276036 
62.64528554226278 
62.64525071583888 
62.64528656869318 
62.645388706727246 
62.64534714593589 
62.6453871843032 
62.645386144104954 
62.64534694816482 
62.645380137582855 
62.64538211916512 
62.6453834117721 
62.64531767746064 
62.64537240192271 
62.64534986722665 
62.64533807921893 
62.64531188535111 
62.645349261186574 
62.645283283864615 
62.64538073773696 
62.64537688841455 
62.64527725620502 
62.64533905503926 
62.64538432833583 
62.64536942151114 
62.6453871843032 
62.6453183080362 
62.645343124844686 
62.645385197136925 
62.64534483177285 
62.64534576990846 
62.64531494465221 
62.64527587751966 
62.64533806331617 
62.645337591726395 
62.64534765807464 
62.64537166505397 
62.64538844359732 
62.64531719063234 
62.64535282533803 
62.645376028405785 
62.64518847875763 
62.64533905920351 
62.64538809773199 
62.645388182351816 
62.64535326477236 
62.645388297736055 
62.64538794738937 
62.64534054853532 
62.64534605039879 
62.64533781714471 
62.645387194429766 
62.645340396919345 
62.64533589749351 
62.64534320104769 
62.64530361012375 
62.645312776045316 
62.64538717527105 
62.64534115872224 
62.64533779886688 
62.64538141524808 
62.645376822889936 
62.64538405289935 
62.64534735634809 
62.64530723367875 
62.645346600771774 
62.64534194381909 
62.645376631794996 
