49.8633342725491 
50.31559414861563 
50.116410827643186 
50.14029649567396 
49.87974621960321 
49.91430535312587 
49.65373040291643 
50.117686494168204 
50.059235039942784 
50.27778296867738 
50.2872250682924 
50.343831771011644 
50.30554693367937 
50.306048526248816 
49.902644937222654 
50.328889344047816 
49.56583150350258 
50.31314551477234 
50.35187978678051 
50.12193654594473 
49.90378227876215 
49.91430535312587 
49.65373040291643 
50.117686494168204 
50.059235039942784 
50.27778296867738 
50.12704618046271 
50.10034657766644 
50.34129275491238 
50.279247158092275 
49.93125245393715 
50.331301790532706 
50.353238427988536 
50.13096221271384 
50.358450582855056 
50.31394140043389 
49.84624830102766 
48.83413835144006 
49.58195291634014 
50.12887854899621 
50.14679546149394 
50.2743168789145 
50.26417776776008 
50.35754137164995 
49.66932823895011 
50.26772415601159 
50.10034657766644 
50.34129275491238 
49.88490761121489 
49.593970620259526 
50.1315405906775 
50.35062860275065 
50.096132695917305 
48.83413835144006 
49.58195291634014 
50.12887854899621 
50.14679546149394 
49.86220757167654 
50.11810414249821 
50.126236021206246 
50.1323516931447 
49.88394343564964 
50.328024834184674 
50.317809215874014 
50.3178798759417 
50.11955369736957 
50.251362830851164 
50.24983947837767 
50.21346467313528 
49.599988467352965 
50.07941488179256 
50.11738824312984 
50.12356650441361 
49.879091069105364 
49.894548189521984 
50.333747959720625 
49.64174195552113 
50.291114090139274 
49.890094832755445 
50.299141984881736 
50.12018547499547 
50.355587015890784 
50.32219058124492 
50.15064878245321 
48.83413835144006 
50.14517369353981 
50.35516813948299 
50.0507645927178 
50.320148200723885 
49.6132033313581 
50.34683127430784 
49.86474626081941 
50.31559414861563 
50.343773649213475 
49.88903141955606 
50.343526721691745 
50.345320467515336 
50.06489606680036 
50.30908057734101 
50.07528333414335 
