51.98269981598608 
52.41443094155504 
52.20383046128293 
52.23513983651901 
52.008850181580634 
52.01896982792777 
51.99801659528187 
52.417433341309376 
51.96414571258299 
52.204635845589756 
52.401671383741714 
52.43600579261444 
52.41551940483524 
52.398782026985664 
52.21692331998456 
52.42818291548522 
51.95928146688121 
52.230974602990436 
52.442298355618334 
52.427223475275994 
52.41662723753518 
52.01896982792777 
51.99801659528187 
52.417433341309376 
51.96414571258299 
52.204635845589756 
52.229296706962224 
52.392521789000156 
52.443962056010854 
52.401165996567165 
52.24208831049896 
52.42799207725825 
52.44855112555049 
52.23025989305238 
52.44934971278128 
52.40096098502144 
52.208944298676556 
50.94573133286888 
51.71723591887125 
52.2306421127934 
52.23613458299563 
52.382910211339095 
52.002346928486325 
52.44875458535023 
51.7627164570489 
52.363661848919946 
52.392521789000156 
52.443962056010854 
52.20219701525847 
51.97182761855319 
52.23469339696026 
52.44292737355627 
52.4076601061863 
50.94573133286888 
51.71723591887125 
52.2306421127934 
52.23613458299563 
52.174341935216624 
52.21621091748725 
52.0077973142833 
52.23795587103388 
52.21624457526176 
52.425626719132694 
52.230823760628475 
52.41361636270956 
52.21384445739718 
52.372503800187545 
51.970756746262154 
52.14449338540288 
51.028883758592784 
51.99937315809811 
52.226039717850156 
52.385444731072376 
51.983458408896176 
52.219670062872886 
52.43392971202146 
51.97298316072841 
52.3979178708389 
52.21437093279836 
52.40387468126588 
52.007298337097666 
52.44777024214302 
52.428274361519165 
52.43979279405076 
50.94573133286888 
52.42957527377836 
52.4475749233301 
52.14984002027094 
52.43243178509558 
51.71644563611716 
52.43929271099404 
51.98467890041847 
52.41443094155504 
52.2518743814649 
51.73900117757326 
52.43888986532373 
52.43371388473706 
52.18417736073614 
52.239540103449464 
52.388912684169306 
