59.4556630655121 
59.22871942384066 
58.97448179128957 
59.4844087012741 
59.68053943137513 
59.48566282687874 
59.67985652911006 
59.680553432434124 
59.65235055967297 
59.680553432434124 
59.68052999766742 
59.677964466868005 
59.476545606878304 
59.6805202784563 
59.68121920193136 
59.43642515569311 
59.680553432434124 
59.68121920193136 
58.99664475201448 
59.67397490089187 
59.476545606878304 
59.6805202784563 
59.477305598270256 
59.67732954745649 
58.99664475201448 
58.67190770498942 
59.680553432434124 
59.67331214039342 
59.477305598270256 
59.68052999766742 
59.68054625064959 
59.68052999766742 
59.67922825259072 
58.65274642661652 
58.990212610502034 
59.67919023888412 
59.66537691987561 
59.479981170323995 
59.68054625064959 
59.680531906728014 
59.68053943137513 
59.68052714996594 
59.47668798554971 
59.68121920193136 
59.68053662143729 
59.680553432434124 
59.679857342041956 
59.48443811107206 
57.62436221647231 
59.68054625064959 
59.67985652911006 
59.68052999766742 
59.67988016829391 
59.680553432434124 
59.6805202784563 
59.67986616286245 
59.67983799576776 
59.67984017596604 
58.64623865807354 
59.680510503724385 
59.46358917014657 
59.667455574822576 
59.24917319772708 
59.4805756270658 
59.6805202784563 
59.6805202784563 
59.68052999766742 
59.68053943137513 
59.471047945109575 
59.45458549512124 
59.68052999766742 
59.68121920193136 
59.680553432434124 
59.6805202784563 
59.68052999766742 
59.68053662143729 
59.46736956455652 
59.47172577810476 
59.67909792886604 
59.66061290912461 
59.6805202784563 
59.68052999766742 
59.68052999766742 
59.68053662143729 
59.680553432434124 
59.476545606878304 
59.47615849769031 
59.680553432434124 
59.25054989847744 
59.68054625064959 
59.476545606878304 
59.68053662143729 
59.476521016373184 
59.680553432434124 
59.47615849769031 
59.68053943137513 
59.68121920193136 
59.679241880302236 
59.47622530557921 
59.67197556058002 
