59.6805202784563 
59.67526296409023 
59.68054625064959 
59.68052999766742 
59.67985652911006 
59.68121920193136 
59.68121920193136 
59.68053662143729 
59.6805202784563 
59.68121920193136 
59.6805202784563 
59.68052999766742 
59.67920917712061 
59.68054625064959 
59.68053662143729 
59.68054625064959 
59.668617069396994 
59.68053662143729 
59.679060915495626 
59.68121920193136 
59.67987068771294 
59.680553432434124 
59.67662313669147 
59.68053662143729 
59.68053943137513 
59.68053943137513 
59.68054625064959 
59.680553432434124 
59.68121920193136 
59.680553432434124 
59.672649511177944 
59.680553432434124 
59.678554760054844 
59.68052999766742 
59.68053943137513 
59.68121920193136 
59.68054625064959 
59.680553432434124 
59.68121920193136 
58.20516809229358 
59.4654090311109 
59.67983076405615 
59.67194066588464 
59.68054625064959 
59.68052999766742 
59.680553432434124 
59.680553432434124 
59.68053943137513 
59.68054625064959 
59.68121920193136 
59.6805202784563 
59.67598463632747 
59.68051750964992 
59.67064679782419 
59.68053943137513 
59.68053662143729 
59.6805202784563 
59.68052999766742 
59.68121920193136 
59.679847088701656 
59.68053943137513 
59.6805202784563 
59.67464584131265 
59.68054625064959 
59.678560543684554 
59.68053662143729 
59.68053943137513 
59.68121920193136 
59.68121920193136 
59.68121920193136 
59.679847088701656 
59.68052999766742 
59.68121920193136 
59.6805202784563 
59.68052999766742 
59.67920917712061 
59.68053662143729 
59.68052999766742 
59.67984017596604 
59.6805202784563 
59.680553432434124 
59.67984017596604 
59.680553432434124 
59.68121920193136 
59.679847088701656 
59.680553432434124 
59.67662313669147 
59.6805202784563 
59.68053943137513 
59.68053662143729 
59.67728224382807 
59.67984017596604 
59.68121920193136 
59.6805202784563 
59.68121920193136 
59.679847088701656 
59.680553432434124 
59.67662313669147 
59.68121920193136 
59.68053943137513 
