51.97012502497035 
52.41521763385735 
52.21750107054179 
52.236151202553856 
51.98262455864621 
52.011163488727135 
51.74950301391052 
52.21865763098418 
52.171393864526635 
52.38468687026597 
52.39194395837515 
52.43791713917372 
52.407086208804365 
52.40767507751569 
52.00175069950001 
52.426278915961745 
51.67972717207113 
52.41336009790892 
52.44425538054993 
52.22175100244047 
52.0026049932447 
52.011163488727135 
51.74950301391052 
52.21865763098418 
52.171393864526635 
52.38468687026597 
52.22540699231396 
52.20427786979711 
52.435737186193315 
52.38618053856451 
52.02439645499788 
52.42787239349076 
52.44515794305375 
52.228553997114986 
52.44912070571653 
52.41361068481778 
51.9565019895286 
50.946276588821746 
51.69245863650339 
52.227199193402534 
52.24163583974933 
52.38218600109554 
52.373701485406905 
52.44852248327924 
51.762232746526024 
52.37681345567957 
52.20427786979711 
52.435737186193315 
51.98745793500806 
51.701915674899496 
52.22950394690629 
52.443425198644846 
52.20067975015244 
50.946276588821746 
51.69245863650339 
52.227199193402534 
52.24163583974933 
51.96910062648756 
52.218888766078244 
52.225157138176364 
52.229754891265785 
51.986431967155376 
52.42520692710647 
52.41668932295543 
52.41723871482144 
52.21988332370046 
52.3634885072827 
52.3619376149108 
52.33342501633477 
51.70675937440092 
52.18702972034795 
52.21811996378773 
52.22339528026604 
51.9828460868802 
51.99548742058272 
52.430496103552066 
51.74047579347842 
52.39553309602199 
51.991820633255585 
52.40183928532386 
52.22025003643072 
52.447214696834166 
52.42009980274231 
52.24476886380814 
50.946276588821746 
52.24027031645451 
52.446937321832095 
52.164931084486234 
52.41874602821852 
51.717968150975445 
52.44015446469676 
51.97139538324337 
52.41521763385735 
52.43811943620657 
51.99114373858242 
52.43820557025354 
52.43866461085931 
52.175683393170814 
52.41013568154432 
52.18373792000036 
