59.680767137199695 
59.676937582064845 
59.680745737287644 
59.680733724254864 
59.680160669992894 
59.68128397707256 
59.68128397707256 
59.680718576703846 
59.680767137199695 
59.68128397707256 
59.680767137199695 
59.680733724254864 
59.67941272126461 
59.680745737287644 
59.680718576703846 
59.680745737287644 
59.67143945110835 
59.680718576703846 
59.680528367283166 
59.68128397707256 
59.68019534162695 
59.68074560300904 
59.67812550436328 
59.680718576703846 
59.680726289007886 
59.680726289007886 
59.680745737287644 
59.68074560300904 
59.68128397707256 
59.68074560300904 
59.67685102967056 
59.68072440898462 
59.67680357327315 
59.680733724254864 
59.680726289007886 
59.68128397707256 
59.680745737287644 
59.68074560300904 
59.68128397707256 
57.6284778953984 
59.65903687150456 
59.680204538808404 
59.679958976126855 
59.680745737287644 
59.680733724254864 
59.68074560300904 
59.68074560300904 
59.680726289007886 
59.680745737287644 
59.68128397707256 
59.680767137199695 
59.67550676886082 
59.68070902276738 
59.67687740290769 
59.680726289007886 
59.680718576703846 
59.680767137199695 
59.680733724254864 
59.68128397707256 
59.680168106535305 
59.680726289007886 
59.680767137199695 
59.67360547236983 
59.680745737287644 
59.675604353987914 
59.680718576703846 
59.680726289007886 
59.68128397707256 
59.68128397707256 
59.68128397707256 
59.680168106535305 
59.680733724254864 
59.68128397707256 
59.680767137199695 
59.680733724254864 
59.67941272126461 
59.680718576703846 
59.680733724254864 
59.68020924776942 
59.680767137199695 
59.68074560300904 
59.68020924776942 
59.68074560300904 
59.68128397707256 
59.680168106535305 
59.68074560300904 
59.67812550436328 
59.680767137199695 
59.680726289007886 
59.680718576703846 
59.67940710586027 
59.68020924776942 
59.68128397707256 
59.680767137199695 
59.68128397707256 
59.680168106535305 
59.68074560300904 
59.67812550436328 
59.68128397707256 
59.680726289007886 
