51.98694415746927 
52.42332347125925 
52.404179335674534 
52.24367539150413 
52.01865603369745 
52.2463245241769 
52.211807381019256 
52.399616287152696 
51.968602431438164 
52.21638348515309 
52.39954898725288 
52.44159407360618 
52.41409564702824 
52.41481152298138 
51.992429312677004 
52.430184034418154 
51.97562369241819 
52.427014725606035 
52.44819362345005 
52.426071493258 
52.23733286084622 
52.2463245241769 
52.211807381019256 
52.399616287152696 
51.968602431438164 
52.21638348515309 
52.22812520625618 
52.20570566280318 
52.44211828078152 
52.383831675807464 
52.023474729462755 
52.42489144366981 
52.448945277212474 
52.4209589807718 
52.44966260233188 
52.224417934643235 
52.19675637549364 
51.63515282777846 
51.991259266385576 
52.22700490800982 
52.0182329208827 
52.38118135276527 
52.206434986389205 
52.44936959362864 
51.999252634042335 
52.36956897343084 
52.20570566280318 
52.44211828078152 
51.985079780624766 
51.69843736466101 
52.418348996030424 
52.44748544497502 
52.21656408641847 
51.63515282777846 
51.991259266385576 
52.22700490800982 
52.0182329208827 
51.97421094255489 
52.209482572787664 
51.7456760542056 
52.23050247147502 
52.391343154311 
52.42902454805056 
52.23147413459592 
52.41460518473664 
52.37349236303156 
52.184438047674696 
52.19801524024381 
52.16840790548598 
51.01963787996888 
52.00167571774705 
52.21174436378015 
52.39109968813494 
51.72695608982365 
51.760052334265005 
52.432658167130256 
51.9822817781946 
52.409378543155576 
52.01084169185566 
52.399019189538144 
51.99935377640461 
52.448266881705656 
52.431997249635785 
52.43803382081983 
51.63515282777846 
52.43280013094649 
52.448174964583686 
52.15837338165103 
52.426146462051676 
51.7259825210122 
52.438379164389794 
51.986768944611995 
52.42332347125925 
52.44614023411627 
52.2296751084853 
52.24790461873277 
52.43808652179052 
51.95298677153276 
52.24080315957196 
52.39128466809099 
