52.0583542270554 
52.48995087907884 
52.27948296641476 
52.31054428407793 
52.084291403191486 
52.0943381620162 
52.073523425399415 
52.49293873849953 
52.03994349937251 
52.280287549215 
52.47728124471002 
52.51135563831836 
52.49103356655708 
52.474425047211895 
52.29247221077221 
52.50360888162514 
52.0351359883379 
52.30642904520023 
52.517595315046684 
52.5026635132 
52.49214392628618 
52.0943381620162 
52.073523425399415 
52.49293873849953 
52.03994349937251 
52.280287549215 
52.30474306033934 
52.46820752711303 
52.51925393203385 
52.47680314268626 
52.31743607981001 
52.50341084280651 
52.52379554050299 
52.305702813601144 
52.52458251364455 
52.476570520969695 
52.28459027500254 
51.021659473541604 
51.792908634357964 
52.306091372047035 
52.311536737326996 
52.458679289887996 
52.07784196558725 
52.5239962563044 
51.838016928831706 
52.43957678865266 
52.46820752711303 
52.51925393203385 
52.27786247747279 
52.047562342531904 
52.31011601908964 
52.51822484892669 
52.4832409023485 
51.021659473541604 
51.792908634357964 
52.306091372047035 
52.311536737326996 
52.250215095335165 
52.29178175209267 
52.08325295182675 
52.313341468396814 
52.291804165249026 
52.501060802256276 
52.30626979176181 
52.489148667353824 
52.289428859365415 
52.44834722323916 
52.04649478384468 
52.2206274929391 
51.10418689442293 
52.07488830928517 
52.301532803215466 
52.4611857512826 
52.059100435899595 
52.29521209776656 
52.50932010109307 
52.048689887628804 
52.47356348722931 
52.289958646227284 
52.47947193244847 
52.082760828035795 
52.52302609290489 
52.50367934114843 
52.51512638597257 
51.021659473541604 
52.50497114653492 
52.52283363313965 
52.225929486927015 
52.507814848153956 
51.79213107679771 
52.51461391491293 
52.060317304922705 
52.48995087907884 
52.32715729030233 
51.814495250384454 
52.51423655610855 
52.50906819632224 
52.25998433100487 
52.31493646959898 
52.46463224749933 
