51.97538754939571 
51.35111464529146 
51.394067373425855 
52.38462568845542 
52.35890429009997 
52.219731167021564 
52.20090057129179 
52.40891551668896 
52.38768657777642 
52.39693875661964 
52.424099757114355 
52.18918022293452 
52.402215704798614 
52.223226937383224 
52.44657930907871 
52.38978265639061 
52.219821828103925 
52.43182801187097 
51.98077450024661 
52.39759724089413 
52.393438263282896 
52.439472712836405 
51.95502117259761 
52.375890003109866 
52.23855610995584 
52.20468650477997 
51.71528961245913 
52.22231226528599 
52.429259759091686 
52.179585433325656 
52.41551940483524 
52.22770896534835 
52.22018724891243 
52.41965518570101 
52.01385220052647 
50.99150769573466 
51.683247079835255 
52.2261898618388 
52.190125739946275 
52.38782375774355 
52.23082094209424 
52.388657387686436 
52.38096845211501 
51.741787561989284 
52.44088899265473 
52.439298339221324 
52.418828163510575 
52.222254029241206 
51.71177238678691 
52.230155825245674 
52.247071736112595 
52.24395877948556 
52.240816142156326 
52.43035600856732 
52.23231302160825 
52.44359994907303 
51.986308347196626 
52.381536359023386 
52.22941990961312 
52.01157760776122 
51.70105309806031 
52.42453995732398 
52.1685860543601 
52.40428284238362 
52.22813730463167 
52.403610874914094 
52.206372296087416 
51.68937547248196 
51.96376082176337 
51.993952265404104 
52.00175812140026 
52.2046959360214 
52.42518782082904 
52.15209554629632 
52.00233634089935 
52.23466260955367 
52.376822443066224 
52.41202604292175 
52.43885304691774 
52.39898087166934 
52.430381706428314 
52.20776477176775 
51.91928943204748 
52.441357329510375 
52.00294062374571 
52.42757622374326 
50.99121210093373 
52.23359036096507 
51.98627200068004 
52.38518072773144 
52.376822443066224 
52.002871144334975 
52.417358852289645 
52.21663995360467 
52.219821828103925 
52.43482625592487 
51.734255815895914 
52.237069358070876 
51.71950677698496 
52.14375111903059 
