62.92378121292933 
62.92378899956853 
62.923815951336685 
62.92381524345994 
62.92368971842147 
62.923847535348074 
62.923835524086705 
62.923849022393995 
62.923786992312266 
62.923857276705085 
62.92374145120301 
62.92381262505628 
62.92384149816403 
62.92383524346968 
62.92383583179387 
62.92387488707174 
62.92384400834651 
62.923788544487905 
62.92383996072582 
62.923821040557826 
62.92379261308207 
62.923847127925434 
62.92376903550003 
62.9238633149795 
62.92381047640405 
62.92384065865944 
62.923844608037456 
62.923822163092765 
62.923847612977156 
62.92384792699556 
62.923790858363105 
62.92381871963769 
62.9238768542498 
62.9238167137525 
62.923764909383195 
62.923820094420606 
62.923878907379404 
62.923844608037456 
62.923875383351415 
62.92387522286059 
62.923844242847096 
62.92387063880243 
62.92387413770679 
62.92387287115439 
62.923845505105675 
62.923863817937054 
62.92384632729263 
62.92381670397419 
62.92381582012251 
62.923872048062584 
62.92379080305752 
62.923870113289354 
62.923870161207475 
62.923813278596285 
62.92383374827495 
62.92387296349814 
62.923863948480616 
62.923875383351415 
62.92381995933811 
62.923838034000525 
62.92387467031835 
62.923815973352575 
62.92384381674383 
62.92381537672874 
62.923763313761384 
62.923838149034346 
62.92383648253086 
62.92384510132799 
62.92386495577231 
62.923878674047124 
62.92377004745872 
62.92384538040284 
62.92386619744905 
62.92376235831465 
62.92383766120872 
62.923851358511364 
62.92387786821407 
62.92382224726186 
62.923878566507156 
62.92384906810502 
62.92383942895179 
62.923844211324536 
62.923812512299556 
62.92387700477696 
62.9238128591422 
62.923833763131675 
62.92383684699625 
62.92378177555346 
62.923815687243696 
62.92387579322969 
62.923814442527274 
62.923836247646626 
62.92384746321886 
62.92384436013298 
62.923875021850534 
62.92384484305592 
62.92383529631036 
62.923844166821596 
62.9238148712187 
62.923869036714414 
