51.49702263401924 
51.490929675457856 
51.304574753844356 
51.4971377362044 
51.49702263401924 
51.49702263401924 
51.50042583832904 
51.497008872545656 
51.497100805760965 
51.4971377362044 
51.49702263401924 
51.49702263401924 
51.49697359312653 
51.4971377362044 
51.49697359312653 
51.49380498838587 
51.4971377362044 
51.50042583832904 
51.49702263401924 
51.49697359312653 
51.497026521358045 
51.48684106519375 
51.48951926491676 
51.47942006322507 
51.50042583832904 
51.497008872545656 
51.484942380255994 
51.49234388749696 
51.49702263401924 
51.497008872545656 
51.49369363591621 
51.497100805760965 
51.497100805760965 
51.497026521358045 
51.497026521358045 
51.49702263401924 
51.497008872545656 
51.493601485333926 
51.47646823130791 
51.497008872545656 
51.49369363591621 
51.497100805760965 
51.497026521358045 
51.49697359312653 
51.49702263401924 
51.50042583832904 
51.49423194094 
51.49074410072739 
51.490457362447025 
51.49697359312653 
51.4971377362044 
51.50042583832904 
51.50042583832904 
51.50042583832904 
51.50042583832904 
51.50042583832904 
51.50042583832904 
51.483254864011954 
51.4971377362044 
51.486317132008324 
51.4971377362044 
51.50042583832904 
51.497100805760965 
51.49371296450286 
51.49697359312653 
51.497026521358045 
51.50042583832904 
51.48549048004142 
51.49697480642295 
51.48980088371081 
51.49697359312653 
51.4971377362044 
51.50042583832904 
51.49359746271841 
51.497008872545656 
51.4971377362044 
51.497026521358045 
51.50042583832904 
51.4793569420073 
51.4971377362044 
51.49257852879862 
51.49702263401924 
51.50042583832904 
51.497100805760965 
51.497008872545656 
51.49702263401924 
51.50042583832904 
51.497100805760965 
51.48549048004142 
51.49697480642295 
51.48980088371081 
51.49697359312653 
51.497100805760965 
51.49359746271841 
51.4971377362044 
51.50042583832904 
51.49359746271841 
51.497026521358045 
51.50042583832904 
51.483635705662344 
