52.051084031219744 
51.427135765394574 
51.46974840720259 
52.46036814700231 
52.4348600269466 
52.2952616453913 
52.27658592562168 
52.4844880785772 
52.46341469012697 
52.472599323659146 
52.499546309791995 
52.26495804138186 
52.47781763838457 
52.298740283553904 
52.52185220281523 
52.4654892831955 
52.2953627400053 
52.507220032613816 
52.05643141598062 
52.4732477080633 
52.46912029477793 
52.51482016703224 
52.0309008327361 
52.45171323104793 
52.313943876825405 
52.28031547409487 
51.79099268344242 
52.29781667594571 
52.504669909600715 
52.25542713683756 
52.49103356655708 
52.30320084384582 
52.295721854123215 
52.49513714998823 
52.08924542411025 
51.06709927248313 
51.75918373193717 
52.301692583304 
52.26590063610528 
52.463538630749795 
52.306277209030576 
52.46439096198241 
52.45674433191591 
51.81725329728864 
52.51618722188907 
52.5146194756835 
52.4943327003852 
52.297769358413355 
51.78750612384413 
52.30561248894652 
52.322401697284626 
52.319312459358045 
52.31619361559702 
52.505769892140925 
52.307759247784865 
52.51889754052296 
52.061934558531696 
52.45729470439737 
52.30487480452961 
52.08700305970878 
51.77683671897673 
52.499999600231725 
52.24452110712789 
52.47986401356062 
52.30360042849612 
52.47922128621075 
52.28201001218592 
51.76525146861085 
52.03957633992993 
52.0695205471982 
52.07725060147945 
52.28035802237327 
52.50062796351076 
52.228162647949674 
52.0778312052279 
52.31007469283085 
52.45264169764034 
52.487552026083414 
52.514190151027066 
52.47461099778539 
52.5057751529382 
52.28339365621371 
51.99541967282559 
52.51666804906668 
52.07843960113445 
52.50300088968997 
51.066782551125385 
52.309018299599 
52.06188543461234 
52.46092564031679 
52.45264169764034 
52.07836104238175 
52.49286526942079 
52.292194570247894 
52.2953627400053 
52.51017385538542 
51.80979936466736 
52.31246886448478 
51.79515902704063 
52.219886234458016 
