48.73525608137995 
48.543174957753955 
48.743259266452164 
48.685766338179654 
48.27738580628695 
48.70434036248124 
48.520128131211685 
48.72222618189853 
48.51350486006029 
48.69209684557706 
48.26105622793932 
48.487428537795026 
48.752128952900634 
48.55277936048854 
48.685766338179654 
48.27738580628695 
48.67046412954305 
48.71836188218587 
48.53350967324861 
47.644372032529816 
48.49555773351431 
48.718761607782504 
48.68344871402856 
48.27957263167448 
48.24048804091183 
48.73525608137995 
48.54293754455649 
48.7432594233797 
48.685766338179654 
48.27738580628695 
48.747108240754905 
48.72556215370008 
48.692512825646446 
48.68934395019057 
48.290762382536435 
48.692588139738724 
48.68344871402856 
48.27957263167448 
48.24048804091183 
48.73525608137995 
48.318405984785024 
48.7432594233797 
48.685766338179654 
48.27738580628695 
48.747108240754905 
48.72556215370008 
48.692512825646446 
48.68934395019057 
48.290762382536435 
48.692588139738724 
48.68344871402856 
48.0299470676909 
48.53022986544843 
48.73038492373053 
48.55231712639947 
48.723100714989094 
48.28781027110275 
48.73572609618758 
48.705055245649376 
48.67287585090494 
48.710850078695785 
48.73572609618758 
48.24695303520625 
48.50550076571363 
48.23770499594146 
48.727386991264424 
48.545157578454535 
47.96410069256254 
48.71829840582472 
