59.96722436027834 
59.775269638481774 
59.970230509700556 
59.95197356615103 
59.53923948658512 
59.958703440725245 
59.768823692356165 
59.9636465991429 
59.76565418884725 
59.95481063999026 
59.53457953580415 
59.757435286694964 
59.97206972095138 
59.7772580979522 
59.95197356615103 
59.53923948658512 
59.94775348830639 
59.96195607003441 
59.77220485594922 
58.9391999667862 
59.7607542995929 
59.96200777598759 
59.95215000581233 
59.54059014055066 
59.52779844755376 
59.96722436027834 
59.77524377969113 
59.97023051692693 
59.95197356615103 
59.53923948658512 
59.97150383678338 
59.96529689635652 
59.9539846989555 
59.95322556776807 
59.54299335699159 
59.95444995193599 
59.95215000581233 
59.54059014055066 
59.52779844755376 
59.96722436027834 
59.55231339738875 
59.97023051692693 
59.95197356615103 
59.53923948658512 
59.97150383678338 
59.96529689635652 
59.9539846989555 
59.95322556776807 
59.54299335699159 
59.95444995193599 
59.95215000581233 
59.2818577030567 
59.77184981975122 
59.967533841994786 
59.777232804992934 
59.96544461073544 
59.542621014034694 
59.96769775111775 
59.95834803989705 
59.948433803493806 
59.96069975388818 
59.96769775111775 
59.53021729980398 
59.763806265011404 
59.5280502549144 
59.96592051065696 
59.77592308175936 
59.26030237045188 
59.96278786359299 
