59.68052999766742 
59.67858942179277 
59.48755273081876 
59.680553432434124 
59.68052999766742 
59.68052999766742 
59.68121920193136 
59.68053662143729 
59.68054625064959 
59.680553432434124 
59.68052999766742 
59.68052999766742 
59.6805202784563 
59.680553432434124 
59.6805202784563 
59.67988016829391 
59.680553432434124 
59.68121920193136 
59.68052999766742 
59.6805202784563 
59.68053943137513 
59.675957836241416 
59.67721628732936 
59.67194066588464 
59.68121920193136 
59.68053662143729 
59.675216707810804 
59.67850604795145 
59.68052999766742 
59.68053662143729 
59.67986616286245 
59.68054625064959 
59.68054625064959 
59.68053943137513 
59.68053943137513 
59.68052999766742 
59.68053662143729 
59.67985652911006 
59.67134870398678 
59.68053662143729 
59.67986616286245 
59.68054625064959 
59.68053943137513 
59.6805202784563 
59.68052999766742 
59.68121920193136 
59.67925609804239 
59.67855317729764 
59.677776400764024 
59.6805202784563 
59.680553432434124 
59.68121920193136 
59.68121920193136 
59.68121920193136 
59.68121920193136 
59.68121920193136 
59.68121920193136 
59.67522886146682 
59.680553432434124 
59.67658977643416 
59.680553432434124 
59.68121920193136 
59.68054625064959 
59.679870536797814 
59.6805202784563 
59.68053943137513 
59.68121920193136 
59.67532690185802 
59.68052045791808 
59.67728224382807 
59.6805202784563 
59.680553432434124 
59.68121920193136 
59.679847088701656 
59.68053662143729 
59.680553432434124 
59.68053943137513 
59.68121920193136 
59.672649511177944 
59.680553432434124 
59.678554760054844 
59.68052999766742 
59.68121920193136 
59.68054625064959 
59.68053662143729 
59.68052999766742 
59.68121920193136 
59.68054625064959 
59.67532690185802 
59.68052045791808 
59.67728224382807 
59.6805202784563 
59.68054625064959 
59.679847088701656 
59.680553432434124 
59.68121920193136 
59.679847088701656 
59.68053943137513 
59.68121920193136 
59.67459113901744 
