51.49697359312653 
51.483351057065846 
51.497100805760965 
51.49702263401924 
51.493601485333926 
51.50042583832904 
51.50042583832904 
51.497008872545656 
51.49697359312653 
51.50042583832904 
51.49697359312653 
51.49702263401924 
51.494043583163965 
51.497100805760965 
51.497008872545656 
51.497100805760965 
51.470086160427655 
51.497008872545656 
51.49331415732911 
51.50042583832904 
51.493757843205046 
51.4971377362044 
51.48834950398833 
51.497008872545656 
51.497026521358045 
51.497026521358045 
51.497100805760965 
51.4971377362044 
51.50042583832904 
51.4971377362044 
51.4793569420073 
51.4971377362044 
51.49257852879862 
51.49702263401924 
51.497026521358045 
51.50042583832904 
51.497100805760965 
51.4971377362044 
51.50042583832904 
49.941469868532046 
51.251721268666984 
51.49351957843903 
51.47942006322507 
51.497100805760965 
51.49702263401924 
51.4971377362044 
51.4971377362044 
51.497026521358045 
51.497100805760965 
51.50042583832904 
51.49697359312653 
51.48697899416997 
51.496912968444796 
51.472919589242544 
51.497026521358045 
51.497008872545656 
51.49697359312653 
51.49702263401924 
51.50042583832904 
51.49359746271841 
51.497026521358045 
51.49697359312653 
51.48202958807609 
51.497100805760965 
51.49082557984427 
51.497008872545656 
51.497026521358045 
51.50042583832904 
51.50042583832904 
51.50042583832904 
51.49359746271841 
51.49702263401924 
51.50042583832904 
51.49697359312653 
51.49702263401924 
51.494043583163965 
51.497008872545656 
51.49702263401924 
51.49356598408314 
51.49697359312653 
51.4971377362044 
51.49356598408314 
51.4971377362044 
51.50042583832904 
51.49359746271841 
51.4971377362044 
51.48834950398833 
51.49697359312653 
51.497026521358045 
51.497008872545656 
51.48980088371081 
51.49356598408314 
51.50042583832904 
51.49697359312653 
51.50042583832904 
51.49359746271841 
51.4971377362044 
51.48834950398833 
51.50042583832904 
51.497026521358045 
