51.22997135640355 
50.9964838943941 
50.75329074326319 
51.29711665818532 
51.497026521358045 
51.299331988155124 
51.493601485333926 
51.4971377362044 
51.43048922437171 
51.4971377362044 
51.49702263401924 
51.49143804249241 
51.278431508215185 
51.49697359312653 
51.50042583832904 
51.183471000754686 
51.4971377362044 
51.50042583832904 
50.806290338615646 
51.482365886247266 
51.278431508215185 
51.49697359312653 
51.28016155544456 
51.49003792110167 
50.806290338615646 
50.47752119923989 
51.4971377362044 
51.48085662650476 
51.28016155544456 
51.49702263401924 
51.497100805760965 
51.49702263401924 
51.49413881457362 
50.432074988257995 
50.79134198267315 
51.49394952370814 
51.46101131742229 
51.28729840706993 
51.497100805760965 
51.497028706067724 
51.497026521358045 
51.49700502050735 
51.27918765723763 
51.50042583832904 
51.497008872545656 
51.4971377362044 
51.49370491026353 
51.2952174896531 
49.37015939268399 
51.497100805760965 
51.493601485333926 
51.49702263401924 
51.49380498838587 
51.4971377362044 
51.49697359312653 
51.49369363591621 
51.49356423376186 
51.49356598408314 
50.41783811362964 
51.49692203611797 
51.24893637214222 
51.467892994338314 
51.043259339817574 
51.28831288937911 
51.49697359312653 
51.49697359312653 
51.49702263401924 
51.497026521358045 
51.265533021483485 
51.22675011093578 
51.49702263401924 
51.50042583832904 
51.4971377362044 
51.49697359312653 
51.49702263401924 
51.497008872545656 
51.25754203213341 
51.26474424943873 
51.49343297863735 
51.4498902708523 
51.49697359312653 
51.49702263401924 
51.49702263401924 
51.497008872545656 
51.4971377362044 
51.278431508215185 
51.27865059951011 
51.4971377362044 
51.04769082016777 
51.497100805760965 
51.278431508215185 
51.497008872545656 
51.278298613947136 
51.4971377362044 
51.27865059951011 
51.497026521358045 
51.50042583832904 
51.494204347399034 
51.278877301425084 
51.47594248452276 
