52.26553434934786 
52.02351620826767 
51.06916671248512 
52.27584131067061 
52.43655540907721 
52.29163371101058 
52.46116825430067 
52.478333005273186 
52.46811881866578 
52.462720359748246 
52.30915118545793 
52.04289925129306 
52.4702146158302 
52.27541759085938 
52.52154053980044 
52.44136717368631 
52.29532012625701 
52.50417691729852 
52.05178784175318 
52.479624175442 
52.4752258043958 
52.506490470430464 
52.04135525636952 
52.45257188578198 
52.30915427229599 
52.0826196445889 
51.45283137066046 
52.46031639249118 
52.50153768473584 
52.266281076653485 
52.48266745230247 
52.30059407290066 
52.29790356549062 
52.494665364646956 
52.49668442713049 
51.06678041375227 
51.7513210111362 
52.30268034305158 
52.03215827180585 
52.25562551632684 
52.29946559831015 
52.462270447294145 
52.063393133356016 
52.0615323284903 
52.51427244657266 
52.323115876604064 
52.5017499075175 
52.48855938892037 
51.74611573018996 
52.484655188308984 
52.30507110330092 
52.4900918451408 
52.49137934394819 
52.501524047378275 
52.30579896212865 
52.518170949481124 
52.07658338953887 
52.29638295667304 
52.49308599289655 
52.28008746602397 
51.47464416155703 
52.491623861399354 
52.25662858420982 
52.46043890956444 
52.297106828697395 
52.46910148882202 
52.29140721174359 
52.03913499436084 
51.791456880448344 
52.27555649161041 
52.07128397791498 
52.28928697250417 
52.50423679028536 
51.78093541203231 
52.07017654687138 
52.09407940018719 
52.45767694546169 
52.464318530056445 
52.500507501313244 
52.27804261847871 
52.29544484857389 
52.061789590350855 
51.02439099687397 
52.511089152508085 
52.067573844775644 
52.497267107664726 
51.7805416021735 
52.303362896828716 
52.28726720605514 
52.266726932721745 
52.46025546099664 
52.0758686011087 
52.48319139297126 
52.293399578350886 
52.29532012625701 
52.51360137252191 
51.4873563596387 
52.31802388743685 
51.48118412767555 
51.989113330218366 
