52.1897754454212 
51.94756410949523 
50.99357978042822 
52.200157165510696 
52.36060306148196 
52.216070196133685 
52.385415094764916 
52.402706317359545 
52.39241926912817 
52.38698009548575 
52.23371339306662 
51.967118582555564 
52.39454687609063 
52.199736345830885 
52.446261272799745 
52.365467354379575 
52.219776958511645 
52.428757715304336 
51.97608595989654 
52.40401749368229 
52.39958323730321 
52.43107679605328 
51.965537179805395 
52.37674970831196 
52.23372750731735 
52.00716489034644 
51.37699190031414 
52.384571434353305 
52.42609898048735 
52.19052019661712 
52.407086208804365 
52.225072817225225 
52.222377148592706 
52.41917475937871 
52.421222997465314 
50.99118208229701 
51.675312329505964 
52.2271792148286 
51.956296918113246 
52.179786823986284 
52.223951307875986 
52.3865131886299 
51.987784105323264 
51.98592534005051 
52.43895385375377 
52.24779549224772 
52.426294758555144 
52.41302722678938 
51.67006588440131 
52.40909389365349 
52.22960493145773 
52.41456093311182 
52.41585780230056 
52.426074856751434 
52.23033314331523 
52.44286076477852 
52.00106829699108 
52.22085505426811 
52.417590710654814 
52.20443208271112 
51.39899448801859 
52.416097093427545 
52.18078191619477 
52.38470560001431 
52.221590605921946 
52.39340777394576 
52.21582950473079 
51.963324415818285 
51.71576050544376 
52.199866517962676 
51.99574055806139 
52.213688516767554 
52.428818920600385 
51.70515916125241 
51.994619008982184 
52.01871844286986 
52.38189144338161 
52.38861339174978 
52.425064180146656 
52.20237794031155 
52.21992792227239 
51.986156310754815 
50.948480756603836 
52.43573327351729 
51.99199066311083 
52.42179490057252 
51.704793532533884 
52.227882841190244 
52.21166098257456 
52.190962088471856 
52.38448848396904 
52.000352850049836 
52.407608385483265 
52.217849822602886 
52.219776958511645 
52.43827324449634 
51.411818728061135 
52.24266013155389 
51.40559226773079 
51.91291102186038 
