52.2844328945638 
51.76981619674422 
51.4972839554421 
52.27635803798191 
52.449466040963635 
52.089958048910276 
52.47317676820199 
52.48875726463405 
52.276153848105395 
52.48719567076607 
52.50409084517819 
52.27697047864862 
52.472901810788585 
52.285507932521455 
52.522591807834885 
52.47139085907601 
52.08508672644926 
52.5071078072178 
52.055082264686106 
52.477952662726864 
52.47651202816959 
52.316837438614456 
52.04167247996598 
52.46876829925259 
52.09492648040986 
52.09421744758388 
51.46094367879609 
52.07358457927309 
52.5071078072178 
52.248175909928015 
52.48960913264423 
52.07987224536178 
52.28980438112062 
52.499823763024835 
52.50486834679863 
51.067847583501454 
51.761955995125554 
52.304475983097575 
52.04469745083148 
52.47882986280897 
52.30689449355409 
52.47115959645094 
52.06258973908833 
52.06969988338696 
52.51497439515382 
52.514112058789934 
52.491455738720326 
52.48310316614255 
52.26362159879668 
52.4990748213464 
52.51047768314301 
52.518364040475376 
52.518307487595195 
52.51073919706798 
52.31011997886092 
52.522092528814945 
52.280917498527955 
52.29905677337194 
52.49473970495829 
52.0893648660373 
51.07258900729571 
52.5061729923896 
52.45319837236413 
52.46961041105312 
52.30408558196801 
52.30330880336504 
52.29506026458073 
52.45758448397306 
51.45847141555597 
52.28771379490614 
52.08465191697181 
52.2845972020296 
52.51380981450004 
52.01668193075003 
52.30333262727552 
52.30459260906582 
52.45355309354388 
52.47936890249396 
52.32133517692453 
52.46296918477675 
52.49526160308966 
52.282400194350686 
51.03204500028984 
52.51760473337077 
52.08777782787779 
52.50646805590164 
51.4786384202211 
52.30035979060656 
51.8272917873251 
52.275755754657624 
52.45355309354388 
52.29202186964365 
52.4844323118281 
52.30360076882558 
52.08508672644926 
52.50769253203836 
51.48064627280202 
52.31459147436647 
51.48894628371376 
51.74855194349444 
