50.10653629172757 
49.58317791308364 
49.32390238242749 
50.096812099104184 
50.26422589446763 
49.91903367529362 
50.29391798267783 
50.31348794660569 
50.0960429497118 
50.31149578179849 
50.33270465692218 
50.09689130729263 
50.294293525508685 
50.108120384328465 
50.355957636408 
50.29198053595952 
49.91262894043291 
50.33653429614591 
49.87550985973074 
50.300074101731624 
50.29826452279272 
50.14637715916105 
49.85755565988392 
50.28833924180467 
49.92517092822112 
49.924475507222176 
49.278274025376525 
49.898682075252275 
50.33653429614591 
50.0611936779562 
50.31480673972831 
49.90573495339124 
50.11296620850062 
50.327349765874246 
50.334280217879915 
48.890864669508176 
49.574302320632825 
50.13096050782633 
49.862234464610985 
50.30145515033593 
50.134252412539 
50.29121484025855 
49.88488895434244 
49.89435545156176 
50.34700551071534 
50.34570259324253 
50.31647561568246 
50.30683094204647 
50.080032784994685 
50.326576442654975 
50.34050949519084 
50.35023453432404 
50.35014877860754 
50.34052769052531 
50.13826737973277 
50.35517475773094 
50.10207680329913 
50.12485759500808 
50.32150191635764 
49.91816550426744 
48.897110370630585 
50.33472912951552 
50.26921693004447 
50.290445360200856 
50.13124579017881 
50.1295846531064 
50.119641569339336 
50.27435157704568 
49.275344262282104 
50.11017985653509 
49.91245947586628 
50.10631610902851 
50.34486076969766 
49.826503721114946 
50.13011695699259 
50.132014604172035 
50.269316552019575 
50.30227208313737 
50.15272442109849 
50.281813287529005 
50.322318353129226 
50.103813946905596 
48.84650499628742 
50.349873891110406 
49.91579059811142 
50.335573558078714 
49.30142250866642 
50.12642219237763 
49.65627122924512 
50.09545321593869 
50.269316552019575 
50.11632881296901 
50.30805848627236 
50.13046727470761 
49.91262894043291 
50.33783504456847 
49.30396059901566 
50.14418796118004 
49.313454946462926 
49.5574131439476 
