59.931409465152676 
59.53378532197274 
59.534669328881286 
59.96860913611146 
59.76913929597253 
59.772941605964576 
59.96757251083054 
59.76953782706325 
59.76718059380899 
59.9488706309962 
59.5468266449315 
59.542140689806885 
59.96938406752246 
59.957638524723826 
59.97129159580815 
59.95875317877927 
59.28505558340502 
59.77328087619091 
59.946921404161436 
59.5468266449315 
59.542140689806885 
59.96960187658361 
58.53833072231965 
59.967606221832035 
59.95942117682509 
59.95202978929258 
59.969574515745165 
59.77328087619091 
59.969367439231526 
59.53043995847074 
59.96324907695689 
59.763640692952066 
59.969367439231526 
59.969979075367846 
59.75930313932804 
59.95440822426454 
59.970391204663 
59.94570450637964 
59.964850625950476 
59.528162805515365 
59.53758511977592 
59.966208780885246 
59.96788419447759 
59.96906118815156 
59.26600211942774 
59.27841511941878 
59.54100681713135 
59.75570972641414 
59.96789067000519 
59.773237433219144 
59.96363430169014 
59.55206455002819 
59.96061454056587 
59.544486994188524 
59.27184891105954 
59.72928291868755 
58.956609448302366 
59.532270405717505 
59.755863791641154 
59.95108350051319 
59.76556297497646 
59.953018298859014 
59.95522366164731 
59.961934486298716 
59.54957466180133 
58.94486638181657 
59.96832797550949 
59.76070245818112 
59.519406819105264 
59.959694494407984 
59.2757950700623 
59.770372522062104 
59.76960017948363 
59.55046781196333 
59.9609870934758 
59.96088091678162 
59.945757837989206 
59.75793216387589 
59.765167769317955 
59.77046076044655 
59.94522039279713 
59.95267433796068 
59.96407477491674 
59.96495943345005 
59.76299473748677 
59.554078033325275 
59.75774017783286 
59.96503794848487 
59.74971976793878 
59.950523433528986 
59.768228440691445 
59.7597965633595 
59.77351945031177 
59.757494963789426 
59.76952512549097 
59.766270604048714 
59.76421284629547 
59.96010258871425 
59.970131479522074 
59.77282053203714 
