51.37537995221817 
51.68968078017766 
51.957978954070065 
51.97552419243731 
51.65140541079774 
52.22899240925507 
52.16460840016831 
52.2360983965086 
52.20134570335685 
52.356125607013205 
51.39562042789529 
51.954921634242304 
52.443048723660176 
51.95480199569146 
52.39260017884234 
52.43022696854729 
52.20968579588975 
52.18454011473541 
52.39830152562053 
52.407601106034946 
51.71393370028783 
52.39032251731374 
52.20224848777326 
52.40527123969061 
52.20284686386893 
51.9853486447803 
52.0151625517663 
52.2316217732302 
52.44052557200175 
52.248763992569714 
51.964323395110185 
51.9810756281702 
52.25102727572611 
52.214460082774366 
52.15840324018658 
52.01010475495626 
52.44925327511386 
52.0151625517663 
52.44174120567651 
52.431352513422354 
52.006732474583735 
52.407226894465396 
52.42501928723479 
52.417728109277185 
52.40204207903846 
52.41222715861378 
51.99934366776808 
52.215004903990625 
52.207438047571934 
52.444267278886365 
52.205043534705624 
52.44479256639179 
52.40864368329028 
51.69257166608613 
52.17962853443114 
52.429275969682365 
51.98266883799772 
52.44174120567651 
51.979870849598754 
52.167763718982535 
52.42218041407106 
52.38822543701708 
52.19800686819686 
52.187652444210656 
51.63743116662228 
52.38435347496985 
52.39847050276245 
52.23571277973857 
52.38891828867957 
52.44809826564158 
51.44052859135291 
52.23880068257857 
52.41551940483524 
50.35923733872678 
52.162326143768766 
52.44152280004136 
52.25178729618441 
52.416728953048086 
52.44765232082048 
52.446067115016895 
52.202521912675 
52.42262869918061 
52.20870580863791 
52.251760606429244 
52.347853966057166 
52.3836711772546 
52.17884218625239 
52.34737989344821 
52.37128515068367 
52.44415637863825 
52.1866253968835 
51.96874100543195 
52.40378461328101 
52.398410380304554 
52.43422307291994 
52.4040764791324 
52.15081870302797 
52.42225546599286 
52.01085100257126 
52.39100650653383 
