59.68064935029413 
59.674765780117625 
59.68064671073442 
59.68064429436206 
59.67998675299813 
59.68124906285516 
59.68124906285516 
59.68062637343999 
59.68064935029413 
59.68124906285516 
59.68064935029413 
59.68064429436206 
59.680639512023106 
59.68064671073442 
59.68062637343999 
59.68064671073442 
59.66859101870509 
59.68062637343999 
59.68041325512515 
59.68124906285516 
59.68000383726474 
59.68062080866417 
59.67930868964531 
59.68062637343999 
59.68060971848501 
59.68060971848501 
59.68064671073442 
59.68062080866417 
59.68124906285516 
59.68062080866417 
59.67803558778645 
59.6806112798973 
59.68062764794805 
59.68064429436206 
59.68060971848501 
59.68124906285516 
59.68064671073442 
59.68062080866417 
59.68124906285516 
57.62551202501308 
59.655632979876664 
59.680005046043185 
59.67728064592146 
59.68064671073442 
59.68064429436206 
59.68062080866417 
59.68062080866417 
59.68060971848501 
59.68064671073442 
59.68124906285516 
59.68064935029413 
59.67800163438425 
59.68062158687198 
59.674807910009946 
59.68060971848501 
59.68062637343999 
59.68064935029413 
59.68064429436206 
59.68124906285516 
59.680021341942485 
59.68060971848501 
59.68064935029413 
59.678703980193795 
59.68064671073442 
59.677397243418135 
59.68062637343999 
59.68060971848501 
59.68124906285516 
59.68124906285516 
59.68124906285516 
59.680021341942485 
59.68064429436206 
59.68124906285516 
59.68064935029413 
59.68064429436206 
59.680639512023106 
59.68062637343999 
59.68064429436206 
59.680009738070495 
59.68064935029413 
59.68062080866417 
59.680009738070495 
59.68062080866417 
59.68124906285516 
59.680021341942485 
59.68062080866417 
59.67930868964531 
59.68064935029413 
59.68060971848501 
59.68062637343999 
59.67931766234994 
59.680009738070495 
59.68124906285516 
59.68064935029413 
59.68124906285516 
59.680021341942485 
59.68062080866417 
59.67930868964531 
59.68124906285516 
59.68060971848501 
