50.934538956737555 
50.98934322868865 
51.971784862050065 
51.97791847427997 
50.418198191603636 
52.23408627897627 
52.1866105586297 
52.234920809548264 
51.74926881408904 
51.98112779618508 
51.72501801368273 
51.961952776917265 
52.44801928167628 
52.175709253750505 
52.39466742800209 
52.42701536644985 
52.39865390486866 
51.947524915136505 
52.37931649323804 
52.225176211261825 
51.71901531457442 
52.394062821388765 
51.97790644438648 
52.411397243481794 
51.980184715623096 
51.98271356992127 
52.02331392008999 
52.23380207700766 
52.2475869637533 
52.24598636953694 
51.75188676407953 
51.98169888303686 
52.25154690944074 
51.75259813222386 
51.72161863756499 
51.43188935152632 
52.44951767215883 
52.02331392008999 
52.44250404608673 
52.43865729743638 
52.21865811183616 
52.4105213176147 
52.42301153562052 
52.42505580500789 
52.211723780728306 
52.41091644570824 
52.23366782050732 
52.16763173059915 
51.995668259651076 
52.444786541717065 
51.99160256018232 
52.44319788854112 
52.407840530544476 
51.68219908564542 
52.35840626846197 
52.43900904757493 
52.38563908322506 
52.44250404608673 
52.20045722678077 
52.18905914214792 
52.43428329803232 
52.2002132585921 
52.20465366188367 
52.20888414136991 
51.64671775680841 
52.3851378055119 
52.215645372944586 
52.23315481057339 
52.39545391382362 
52.44861554271145 
51.99787949942931 
52.23952468390284 
52.41409564702824 
50.37132436621922 
52.16635489328096 
52.22194329520761 
52.42794842113538 
52.22475165801435 
52.43807127837389 
52.24470032215947 
52.446904274656696 
52.44124766434168 
52.445854783672466 
52.43834597794058 
52.3956072389381 
52.23967996404345 
52.44493531408111 
52.2323249487956 
52.44581490719911 
51.965719306179125 
52.400669058720524 
52.44648380274794 
52.20551258237243 
52.00521251055067 
52.21299616262263 
51.760454049303036 
52.446191306681406 
52.000633598700986 
52.21429264015289 
52.400952097917724 
