59.74610797953475 
59.75147906584028 
58.939441610433065 
59.96653095319176 
59.76538843516166 
59.96368551260484 
59.96616219755261 
59.76140333091419 
59.54636336975403 
59.953018102438506 
59.541470548941994 
59.28746222966147 
59.96736482675703 
59.76599328354343 
59.777103083871516 
59.96299160275838 
59.53465990786748 
59.77394410222219 
59.949158862135874 
59.541470548941994 
59.28746222966147 
59.97060786716649 
58.53830236344049 
59.96563715393423 
59.95666092499263 
59.7639381526713 
59.96938721856866 
59.77394410222219 
59.9635250790969 
59.26330565914197 
59.96422249312674 
59.53810098594113 
59.77077733483523 
59.96982614639353 
59.75694473976544 
59.75794790417807 
59.9671613016143 
59.76025421821736 
59.961586077686285 
59.52206994980629 
59.27910738307844 
59.96211113112928 
59.96257794991517 
59.96191173973786 
59.27111553523797 
59.27715908657568 
59.284287429651954 
59.27812500179704 
59.96398122925874 
59.95659566626054 
59.960870344835335 
59.55189611482955 
59.95400465039928 
59.54518313796899 
59.49614419921106 
59.73200501193801 
59.264411163153326 
59.52953593370368 
59.75125782984104 
59.95088595824484 
59.7661395970358 
59.76068881574143 
59.954510906607155 
59.96109613230892 
59.768979174261695 
58.92951102514959 
59.9687625142525 
59.758317938831425 
59.51694998501125 
59.96650400477388 
58.9436267227943 
59.770375624617905 
59.77241304785555 
59.76156811751721 
59.95891462012274 
59.9581313567291 
59.93861484920294 
59.53497221084825 
59.54851810527366 
59.76660710287997 
59.53113809943815 
59.94402168009374 
59.9562323487914 
59.96542508384289 
59.75778277138144 
59.9556783451475 
59.94512423124619 
59.959837064969115 
59.27024491459171 
59.75788825616118 
59.95793877958638 
59.54617385549055 
59.766832083305474 
59.75580114352285 
59.761448231142346 
59.54414259235785 
59.76542997985736 
59.955443963162516 
59.96823545653885 
59.7713177494875 
