51.49842673017475 
51.486992137377776 
51.30207791268927 
51.49848575458357 
51.49842673017475 
51.49842673017475 
51.50114472435646 
51.49831620598292 
51.49848662434498 
51.49848575458357 
51.49842673017475 
51.49842673017475 
51.49859412505235 
51.49848575458357 
51.49859412505235 
51.49582266274346 
51.49848575458357 
51.50114472435646 
51.49842673017475 
51.49859412505235 
51.49835913497699 
51.48994002255049 
51.30231065954522 
51.49815057325458 
51.50114472435646 
51.49831620598292 
51.495404917367594 
51.304088671417404 
51.49842673017475 
51.49831620598292 
51.49569589291144 
51.49848662434498 
51.49848662434498 
51.49835913497699 
51.49835913497699 
51.49842673017475 
51.49831620598292 
51.495525144568454 
51.476438295057775 
51.49831620598292 
51.49569589291144 
51.49848662434498 
51.49835913497699 
51.49859412505235 
51.49842673017475 
51.50114472435646 
51.489672355489176 
51.495652013122815 
51.49508941626842 
51.49859412505235 
51.49848575458357 
51.50114472435646 
51.50114472435646 
51.50114472435646 
51.50114472435646 
51.50114472435646 
51.50114472435646 
51.490095147481775 
51.49848575458357 
51.495525144568454 
51.49848575458357 
51.50114472435646 
51.49848662434498 
51.495652013122815 
51.49859412505235 
51.49835913497699 
51.50114472435646 
51.49273887345718 
51.49834775902958 
51.49538381833785 
51.49859412505235 
51.49848575458357 
51.50114472435646 
51.495592781333386 
51.49831620598292 
51.49848575458357 
51.49835913497699 
51.50114472435646 
51.489888194525214 
51.49838133421531 
51.48965167929666 
51.49842673017475 
51.50114472435646 
51.49848662434498 
51.49831620598292 
51.49842673017475 
51.50114472435646 
51.49848662434498 
51.49273887345718 
51.49834775902958 
51.49538381833785 
51.49859412505235 
51.49848662434498 
51.495592781333386 
51.49848575458357 
51.50114472435646 
51.495592781333386 
51.49835913497699 
51.50114472435646 
51.49401025036054 
