48.62307746967202 
48.258990209301764 
48.26262428093912 
48.73682598786762 
48.52337900631647 
48.53608699236945 
48.73114491679896 
48.522637961284964 
48.519252993179364 
48.67357380620241 
48.30005607855733 
48.28855349481788 
48.739939940618314 
48.702838579088784 
48.745573431461686 
48.70519661694361 
48.041191767339726 
48.53888802161011 
48.66744784465337 
48.30005607855733 
48.28855349481788 
48.738080784704444 
47.27521896405068 
48.735415427723936 
48.70742755158768 
48.68675279349622 
48.73782347855305 
48.53888802161011 
48.73977551472078 
48.249562906069336 
48.71890455796325 
48.504429291734816 
48.73977551472078 
48.74146820761806 
48.4917093724494 
48.6927313435195 
48.745175378462406 
48.6679688060941 
48.7258854481705 
48.23976245864107 
48.273158476416455 
48.73033661195204 
48.73787276754062 
48.74082589200685 
47.98479736714672 
48.02357868551224 
48.28366888479221 
48.48109698152266 
48.73792613567036 
48.53860617958759 
48.722540440436134 
48.31732666544396 
48.71060704410653 
48.29493155288429 
48.00134674293561 
48.40504922277504 
47.70125910996929 
48.25544841381363 
48.48247607788324 
48.68196585862749 
48.51313759557738 
48.687915116512166 
48.69632965124045 
48.71471276847481 
48.309600910257664 
47.66417958863466 
48.73418462700068 
48.49566224543442 
48.216187832878624 
48.709767129213915 
48.01190290393424 
48.526158550400275 
48.523227858125054 
48.31258919833198 
48.71399934886841 
48.71304409135608 
48.66427791062841 
48.48796040868218 
48.509580799328035 
48.52693461564508 
48.663459332874176 
48.68866067963786 
48.722714969132745 
48.72680445374593 
48.503408960441504 
48.32474012408288 
48.48640430244805 
48.72754648031799 
48.46227484862187 
48.68086047377327 
48.519710283992424 
48.49614663860889 
48.53691637811085 
48.488331686009175 
48.52252643145367 
48.51520553637941 
48.50553087159789 
48.70972164639656 
48.74277212943438 
48.535082263625554 
