50.08278368660552 
49.834224022968286 
48.89174968894607 
50.095470786358966 
50.24735695593652 
50.11513049776376 
50.278463758382635 
50.29965777045665 
50.287139908926 
50.2804341060477 
50.13663902395981 
49.85929714271985 
50.2903719766119 
50.09516301937832 
50.354170027172074 
50.25397648923059 
50.11941048537295 
50.33225390761836 
49.87078897989346 
50.30167311439324 
50.29610538485819 
50.33466690721057 
49.856360078637586 
50.26762403855996 
50.13707107430499 
49.90964361286253 
49.267173896424765 
50.27798713184653 
50.328992323624796 
50.083399540162404 
50.30554693367937 
50.125259935200226 
50.122521390171066 
50.32046318730551 
50.32350919612432 
48.88902663546269 
49.56030606482658 
50.12802682911603 
49.84597225849132 
50.07027687044611 
50.124476006745596 
50.27934029486294 
49.885402964618876 
49.88375429600516 
50.345748198807755 
50.15445383567478 
50.32855114104916 
50.31305423560733 
49.55381234462543 
50.30821204905446 
50.131652507482244 
50.314539925113706 
50.31612640176067 
50.328565743578224 
50.13236307093637 
50.34976493103935 
49.9015930922041 
50.121008539829255 
50.31877822479481 
50.10061119812098 
49.295286000038026 
50.316163143003976 
50.070913591975675 
50.278563815248916 
50.12216103736596 
50.288306377703 
50.114363879119615 
49.854560965081724 
49.61052576042289 
50.094958461109705 
49.89544954277236 
50.111539963845125 
50.33236730698237 
49.59741839950255 
49.89387088676648 
49.92418344713196 
50.27389080391129 
50.28333936078934 
50.32784290474803 
50.09830143860521 
50.12057226270709 
49.88293351163788 
48.83671637872526 
50.34127673681203 
49.890400860192344 
50.32364081664816 
49.59816986139204 
50.129492896863866 
50.10932235874661 
50.08367049174255 
50.277055964635515 
49.90086370132734 
50.30597664980902 
50.117328222254606 
50.11941048537295 
50.344742665636275 
49.3117240965218 
50.147922869815794 
49.30374195878863 
49.791847525413964 
