48.560510907343996 
48.57381202965242 
47.7556152267959 
48.83781252486224 
48.61995143551361 
48.83134910351838 
48.834454269559856 
48.60610174886202 
48.64026002384577 
48.58698610691143 
48.412990983983356 
48.84143908132449 
48.62100626490631 
48.65561246269479 
48.8251108499399 
48.37137043297864 
48.842262815767754 
48.58698610691143 
48.412990983983356 
48.83990287410202 
48.41687459551766 
48.64045303975776 
48.65561246269479 
48.82502675068004 
48.60493862742738 
48.814862067189125 
48.63753201290868 
48.14703329098352 
48.60291646878748 
48.390348544777744 
48.37158025627207 
48.84771908306535 
48.830759941985754 
48.59717718780787 
48.843393348989466 
48.604687473003466 
48.824032761243544 
48.32989322586119 
48.13264359716948 
48.82472358052512 
48.82894312230525 
48.826804885868796 
48.10912643974987 
48.404345833775054 
48.591105633290645 
48.39333240969599 
48.80980595987582 
48.82139817491851 
48.6057449185246 
48.82553014647227 
48.81873104515677 
48.00013663902121 
48.26063834925104 
47.27701564293349 
48.084063670792375 
48.10822943257905 
48.80605567171409 
48.84528604446004 
48.571255828575175 
48.811129216188846 
48.847847862541414 
48.63950041469559 
48.12196600053356 
48.64009510040515 
48.627061165133284 
48.606744743913 
48.83180536966044 
48.096288209456546 
48.831082156255526 
48.397660768152804 
48.78109727428891 
48.84170690751645 
48.79998250218038 
48.39399899033546 
48.58818334560546 
48.81184982864008 
48.397660768152804 
48.75234991900657 
48.598571930473476 
48.851002860476385 
48.82433352671875 
48.584702253049564 
48.75668784381395 
48.83090842095916 
48.3505788253229 
48.776105984537544 
48.83180028393957 
48.563897195991736 
48.62443074632997 
48.78691029599277 
48.59876219643153 
48.12918647488909 
48.84262442531589 
48.81246356396645 
48.80700392465587 
48.409129129617845 
48.1549734633877 
48.39208885439526 
48.81533705007338 
48.109904353547186 
