49.884821507663816 
50.32612414739656 
50.302135253031665 
50.15009832701012 
49.92416948428488 
50.152408200997684 
50.110643538500526 
50.296724502141444 
49.8616554768975 
50.115773188984 
50.296994748066666 
50.34880213524746 
50.31480673972831 
50.31550285284025 
49.89173995066725 
50.33420907246563 
49.86983573879412 
50.3305527861792 
50.35724206664443 
50.3291302166581 
50.14134904259989 
50.152408200997684 
50.110643538500526 
50.296724502141444 
49.8616554768975 
50.115773188984 
50.13089473393158 
50.10268123526693 
50.34958831912222 
50.277006397776134 
49.930526612591294 
50.328106945189035 
50.35837431548233 
50.32366135888216 
50.359450000994684 
50.126164115717536 
50.090867746098276 
49.51191234887039 
49.8898302415438 
50.12919409567219 
49.92352333594764 
50.27374229175249 
50.103801252757464 
50.35899998673173 
49.90098704711028 
50.259215151127286 
50.10268123526693 
50.34958831912222 
49.88251162912552 
49.590046292362096 
50.32012046466339 
50.35617620889706 
50.115559061735176 
49.51191234887039 
49.8898302415438 
50.12919409567219 
49.92352333594764 
49.869111232072605 
50.10708170757877 
49.64871592217292 
50.13365466626895 
50.28689850459076 
50.333212623032935 
50.134674321301986 
50.31521045354729 
50.264822815335414 
50.07652458959371 
50.09317724103938 
50.05572452224966 
48.925162547373844 
49.90304661622275 
50.11009034908969 
50.28609694152226 
49.62527429094539 
49.666193717588506 
50.337189668181985 
49.879307507894396 
50.30881332262629 
49.913868817464426 
50.29619136233277 
49.9001183157634 
50.35735041596515 
50.33731811901803 
50.34417875102562 
49.51191234887039 
50.33814780854218 
50.357214034857975 
50.043179261723495 
50.329616937294475 
49.6236948288553 
50.345082546534115 
49.88455621917244 
50.32612414739656 
50.354168168776695 
50.13195189333538 
50.15472282175734 
50.345004817460115 
49.84315696838352 
50.145742871805986 
50.286387153816925 
