51.91162158474056 
51.67422178425427 
51.96503972159861 
52.18580899330286 
50.40552830806161 
52.22729205447457 
52.16014797137239 
52.23696779112282 
51.74591510303631 
52.350585544143954 
50.954619847180695 
51.94790025904139 
52.25078062208231 
52.158034483941265 
52.387790348197356 
52.42574883387893 
52.40030657600594 
51.9720426508818 
52.38111940383588 
52.00704347301198 
51.69801060434623 
52.22493243821075 
51.41784910659925 
52.38376923258413 
51.97756427247797 
51.985097298225014 
52.01661723596167 
52.01029772389758 
52.244979762064354 
52.2402904362919 
51.736346929991655 
51.98418082840329 
52.43766562367741 
52.21571594493506 
51.708973721308766 
52.00224394281006 
52.44871977276236 
52.01661723596167 
52.428386450894706 
52.43192877303931 
52.220576493005034 
52.402345345938315 
52.428546528888425 
52.414489169576406 
52.40738351463511 
52.40065137955298 
52.230804595184985 
52.21347239460305 
51.9925992847785 
52.44118595222063 
51.98492106495721 
52.425266302993855 
52.4136009817217 
51.95381655975151 
52.162657148784774 
52.42220921527091 
52.394997283848326 
52.428386450894706 
51.98087259988208 
52.16414445808753 
52.425822033153814 
51.96438354839684 
52.20390405440519 
52.18884445891516 
51.34067356957604 
52.38105026389971 
52.21397326565404 
52.22597888047177 
52.40257722249291 
52.44773323341493 
51.42892845166013 
52.21186608830059 
52.407086208804365 
51.327703931376 
52.161431765751004 
52.2140280883137 
52.42570675829984 
51.984316734134445 
52.41923625441495 
52.015722278078606 
52.445790964527255 
52.42928987701558 
52.44155384509308 
52.23312390398154 
52.18535461734565 
52.23515764385554 
52.44298736254468 
52.22912066540313 
52.43735882843143 
51.71111206658912 
51.95537686704488 
52.44521141002056 
52.197944628095826 
51.99677410397095 
52.194996615882374 
51.752997520721436 
52.434412998145035 
51.72157312005823 
52.20076361364135 
52.39947742163062 
