62.82291751209722 
62.82297334894997 
62.823000748778945 
62.82300179305936 
62.82294005248076 
62.823035365603545 
62.82302314752849 
62.823036549710324 
62.82299662550727 
62.82304526749556 
62.82294761301807 
62.82299722161362 
62.8230583665488 
62.822998639352996 
62.82302349421306 
62.82306541771664 
62.82300469376717 
62.82299660865746 
62.82302793470144 
62.82305563455377 
62.82297740780412 
62.823057429741056 
62.823030771139564 
62.82305611140919 
62.82302292977889 
62.82302833937664 
62.82303291987173 
62.82303579730453 
62.823035634172406 
62.8230362803387 
62.82299703721881 
62.823003631419304 
62.82303920108178 
62.823002004905184 
62.82299531453597 
62.823006805808554 
62.823068945062516 
62.82303291987173 
62.82306745363355 
62.82306476444574 
62.8230314692141 
62.82306081409185 
62.823062973321775 
62.82306296764199 
62.82303383548716 
62.823054339350136 
62.82300387745848 
62.82303132911043 
62.823029521907564 
62.823062841169694 
62.82300186751332 
62.823062608021495 
62.82305821189713 
62.82297175640128 
62.823023071994115 
62.82306290568927 
62.82299820331985 
62.82306745363355 
62.82300616545262 
62.82302545979704 
62.82306357033816 
62.82305715960582 
62.8230300785933 
62.82300092861232 
62.82296802738819 
62.82302413870889 
62.82304962548775 
62.82303347402397 
62.8230522397172 
62.82306865291875 
62.82295292970983 
62.823037309175746 
62.823057628017075 
62.82289223879465 
62.823024695608815 
62.82306730110325 
62.823039393544875 
62.82306250465592 
62.823068544281774 
62.82306761759045 
62.82302660985546 
62.823032561164766 
62.823022580345075 
62.823038093230714 
62.823021969859596 
62.82302081783753 
62.823026867266144 
62.8230153110814 
62.82305379495918 
62.8230679164236 
62.82302866636372 
62.82302386490351 
62.823060319104854 
62.82305915469178 
62.82306600703427 
62.8230332138586 
62.82302208860754 
62.823032471485696 
62.82300093270421 
62.82305748144929 
