48.732953608011414 
48.368354862687724 
48.371927286489615 
48.84547366196364 
48.63225282801289 
48.64480428248436 
48.83989400902494 
48.631549352732755 
48.82791697377966 
48.60605545878144 
48.629487033072394 
48.848543234617566 
48.81186080136687 
48.85411995117363 
48.81420952754923 
48.150036175989925 
48.841763975529645 
48.60605545878144 
48.629487033072394 
48.6441227573952 
48.63970960036787 
48.64264259861168 
48.85411995117363 
48.81649682069359 
48.59227901491286 
48.8301892501963 
48.836726144337234 
48.14954489687442 
48.392376403481386 
48.63150034622636 
48.79960931444826 
48.84674263813505 
48.83341592518711 
48.801866811884864 
48.85368950091409 
48.77734138789055 
48.83464291357981 
48.3493565746384 
48.38232764019468 
48.83904288022174 
48.84646015428711 
48.84939130650294 
48.09423059080447 
48.601495092717606 
48.617968377282075 
48.6038962293858 
48.647272886606814 
48.831328161411555 
48.40520003677675 
48.84304570414243 
48.81218306925382 
48.25123349392241 
48.491221226268564 
48.081956739313945 
48.33866805840631 
48.771918667319305 
48.80769990781933 
48.851101773244594 
48.73900813053805 
48.81958761087664 
48.842417820351265 
48.42784224369187 
48.39606919750479 
48.64619446796671 
48.63044838232004 
48.42809734759755 
48.84685218191271 
48.37797004530077 
48.82733601900364 
48.394231191022975 
48.80473984185812 
48.840594802684315 
48.825542639178636 
48.60383505991576 
48.58167466799618 
48.80946189590464 
48.394231191022975 
48.56732244726108 
48.7748880099717 
48.85202542815443 
48.83186335013395 
48.56770906309871 
48.76555699719284 
48.835818215363695 
48.13854869689616 
48.60356791625194 
48.845009422274984 
48.56727018063681 
48.645638896553415 
48.80420116962825 
48.61849014618032 
48.38484867665675 
48.845114650674056 
48.80507724447902 
48.81928055358745 
48.60305322484496 
48.652930268183205 
48.62979637266682 
48.830157339690565 
48.12541234112828 
