51.45120295030349 
51.765569157546494 
52.03381386981844 
52.05121896339885 
51.72756048321192 
52.30444354643026 
52.24057966847693 
52.31150085335795 
52.277034045343484 
52.43209068329875 
51.47128258917178 
52.03080155754238 
52.51834495285681 
52.03068286519159 
52.468284877515515 
52.50561293782558 
52.28528627810581 
52.26033021965109 
52.47394154276003 
52.483171747172015 
51.78960779769805 
52.46601105265256 
52.27791294895629 
52.48085765963492 
52.278513250172225 
52.0609762438886 
52.09056093349834 
52.30705595028923 
52.51584863258788 
52.32406871216511 
52.04010516744055 
52.05672791694144 
52.32632107045992 
52.290012236427465 
52.234399215977405 
52.085540462630014 
52.52448746733886 
52.09056093349834 
52.51704619064541 
52.50674158750689 
52.08218953778659 
52.482803870460835 
52.500442907161116 
52.49320958615604 
52.477646029184676 
52.48779007906189 
52.07485719040775 
52.29057233170397 
52.28305975525677 
52.51955490866285 
52.28068858263363 
52.52009179315382 
52.484210054235774 
51.76841622127779 
52.2554926094195 
52.50467571256681 
52.05832450872108 
52.51704619064541 
52.055541190745465 
52.2437007989905 
52.49762582492055 
52.46395418808075 
52.273700951262335 
52.26344181890969 
51.71371429166443 
52.46011101084335 
52.474117671909205 
52.31110964647345 
52.46463758419058 
52.52334935913758 
51.515844086324066 
52.31418495040929 
52.49103356655708 
50.43520418554764 
52.238309903495065 
52.28328267940485 
52.49902257270788 
52.06744810562139 
52.50462896022591 
52.0862441325925 
52.52135371176968 
52.52180404345262 
52.328444400587465 
52.3167813076132 
52.26327029545705 
52.3143595316673 
52.327090927270206 
52.08356057083855 
52.328122638863974 
51.45740857561573 
51.7884990475478 
52.52102419217817 
52.26631432871505 
52.06350352862788 
52.2803763013233 
52.51501897726999 
52.520666279309864 
52.060539868492825 
52.28475249592444 
52.49250352987913 
