45.01760164870725 
45.02684900079783 
45.23335710698227 
45.03256775524487 
45.2432857786835 
45.2554890091608 
45.25783971010601 
45.25549969119396 
45.258793288932814 
45.25755140498767 
44.75619025996969 
45.25342776138147 
45.259007176700976 
45.254864787436524 
45.25826409783645 
45.25866929013663 
45.25568287588579 
45.24895229886166 
45.25834457940653 
45.25852141103472 
45.02194578276977 
45.25790614940848 
45.23845062964866 
45.258576602362155 
45.25880538625863 
45.24146690492217 
45.03492250568602 
45.2527070120345 
45.25902909490507 
45.25901353129599 
45.24644379539164 
45.02942425134917 
45.259011029733415 
45.25531593669638 
45.251486914784536 
45.030984272994374 
45.25903194632093 
45.03492250568602 
45.25899314109037 
45.258847169664776 
45.2416876214816 
45.25839965434785 
45.258676885408 
45.2585699910694 
45.258916694354454 
45.258584423247115 
45.25087918622842 
45.2515964864713 
45.255406672410764 
45.258979047180176 
45.25857461758894 
45.25898447142629 
45.258543357370414 
45.00527024089216 
45.249286677965074 
45.25891059385456 
45.25220530179996 
45.25899314109037 
45.031321025221516 
45.24776099881634 
45.258615989381205 
45.25841990596304 
45.25538662147932 
45.258838088854915 
45.2435400072497 
45.25902274036003 
45.25834610056094 
45.254166789774985 
45.25774337187841 
45.259034750053274 
45.2397787805389 
45.259001549350394 
45.2585845906543 
44.749524063746556 
45.2418515884379 
45.258510816623115 
45.25865587597691 
45.2445122113772 
45.25884444002528 
45.249390437381855 
45.259006462687715 
45.258991372561944 
45.24975905221684 
45.25430436947751 
45.25804230507695 
45.24946248119633 
45.24974121792342 
45.238172225239715 
45.249757972412986 
45.02523929442936 
45.24458441412448 
45.25897463465362 
45.25025079991914 
45.25902496389542 
45.258565880491176 
45.25891170483943 
45.25901292029545 
45.24647792264272 
45.255029027252384 
45.25866689770107 
