43.39410548185375 
43.40426783738414 
43.396560757456854 
43.40498762353147 
43.388671751224926 
43.401105734343965 
43.39483397304387 
43.40031175176602 
43.395965876472395 
43.40378167337862 
43.404235196782544 
43.40485963135611 
43.40411074093905 
43.4041520088339 
43.404934873595785 
43.40455619512647 
43.38286464093181 
43.40488815994124 
43.40490524185909 
43.39673136554524 
43.39064251756258 
43.401105734343965 
43.39483397304387 
43.40031175176602 
43.395965876472395 
43.40378167337862 
43.39702034758996 
43.40391496151644 
43.404800858712875 
43.40369530445032 
43.164897974503496 
43.404813167367664 
43.404981076823155 
43.40502914172604 
43.405009323774465 
43.40384653035107 
43.40012604441511 
42.15959615175663 
43.166399784895795 
43.39997830801297 
43.389060886680376 
43.40317312540821 
43.4040294537518 
43.405029449320246 
43.169330583904184 
43.40427104759112 
43.40391496151644 
43.404800858712875 
43.389566617879126 
43.376884696411466 
43.40075446980907 
43.40488815994124 
43.39990174241104 
42.15959615175663 
43.166399784895795 
43.39997830801297 
43.389060886680376 
43.39097494491226 
43.40456145196318 
43.40006642159335 
43.40498808378043 
43.39493479283066 
43.40497601572746 
43.404168958952404 
43.404216268800575 
43.39173652415152 
43.403326144756846 
43.40325539830971 
43.4023604105355 
43.376148744464594 
43.378451545891714 
43.4046384288452 
43.40052361072266 
43.396392521117114 
43.3913898082712 
43.40468622427156 
43.38076090276606 
43.40395132683632 
43.39611348405394 
43.40446642159 
43.39490422813594 
43.40499552764732 
43.40442230909638 
43.40095840140591 
42.15959615175663 
43.400811617180615 
43.4049467124755 
43.40427104759112 
43.40460282101394 
43.37525769763317 
43.40486352360592 
43.391951255929 
43.40426783738414 
43.40476472000781 
43.37357392184621 
43.40485660981606 
43.404788124290604 
43.403326144756846 
43.40394755000276 
43.399410881103684 
