44.381535153922606 
44.38142458515621 
44.38153203255856 
44.38153123266965 
44.38158374205758 
44.38158374205758 
44.38158374205758 
44.38158374205758 
44.381535153922606 
44.38158374205758 
44.381535153922606 
44.38153123266965 
44.3815037999927 
44.38153203255856 
44.38158374205758 
44.38153203255856 
44.38126421163869 
44.38158374205758 
44.38152362535849 
44.38158374205758 
44.381479185063434 
44.381530892880384 
44.38147581364256 
44.38158374205758 
44.38158374205758 
44.38158374205758 
44.38153203255856 
44.381530892880384 
44.38158374205758 
44.381530892880384 
44.38145274084937 
44.381529775151336 
44.38144898864184 
44.38153123266965 
44.38158374205758 
44.38158374205758 
44.38153203255856 
44.381530892880384 
44.38158374205758 
43.87615081981379 
44.38054450059584 
44.38153492718699 
44.38158374205758 
44.38153203255856 
44.38153123266965 
44.381530892880384 
44.381530892880384 
44.38158374205758 
44.38153203255856 
44.38158374205758 
44.381535153922606 
44.38142165438503 
44.38158374205758 
44.381447713525645 
44.38158374205758 
44.38158374205758 
44.381535153922606 
44.38153123266965 
44.38158374205758 
44.38153123266965 
44.38158374205758 
44.381535153922606 
44.38141644195939 
44.38153203255856 
44.38136829327832 
44.38158374205758 
44.38158374205758 
44.38158374205758 
44.38158374205758 
44.38158374205758 
44.38153123266965 
44.38153123266965 
44.38158374205758 
44.381535153922606 
44.38153123266965 
44.3815037999927 
44.38158374205758 
44.38153123266965 
44.381535153922606 
44.381535153922606 
44.381530892880384 
44.381535153922606 
44.381530892880384 
44.38158374205758 
44.38153123266965 
44.381530892880384 
44.38147581364256 
44.381535153922606 
44.38158374205758 
44.38158374205758 
44.38155564368504 
44.381535153922606 
44.38158374205758 
44.381535153922606 
44.38158374205758 
44.38153123266965 
44.381530892880384 
44.38147581364256 
44.38158374205758 
44.38158374205758 
