45.1773699671848 
44.960466141168105 
45.17829586969524 
45.184501324885 
44.68695068633099 
45.189455321766104 
45.190327265841326 
45.191106555694944 
45.19123824120877 
45.19303754110713 
45.1590242499369 
45.18724162037919 
45.19458742148544 
45.190478834758935 
45.19381757965769 
45.19414962234995 
45.19421887235016 
45.17838027417382 
45.19384608414586 
45.18322924925102 
44.962782577574814 
45.1903532250666 
45.16445423700911 
45.19396300210707 
45.194179913330665 
45.18624819153711 
44.96692441963288 
44.96497022489283 
45.19459923418503 
45.19457890469879 
45.18827309747186 
44.95758697235711 
45.19458092634685 
45.19084160318089 
45.1809004192923 
44.961077643495656 
45.19460062904481 
44.96692441963288 
45.19440097775897 
45.19437844024162 
45.18645489110484 
45.1939313448046 
45.19434256482198 
45.193938668448666 
45.19445255869266 
45.19399567887051 
45.18958024691538 
45.18408851228387 
45.186432480879944 
45.19455129871253 
45.190878641014386 
45.194377017608275 
45.19411753941318 
45.16411213127169 
45.191089098873945 
45.19445435221122 
45.19389984795092 
45.19440097775897 
44.97034576192238 
45.19075580045916 
45.194237629315424 
45.181420319016695 
45.191026109933496 
45.19442634323724 
44.69286077576881 
45.19459554191357 
45.190826459637975 
45.18976803307489 
45.19358545087804 
45.19460452620843 
45.17342964697466 
45.194386545419924 
45.1940205592915 
44.945942931983986 
45.18376901833974 
45.194123994806084 
45.19429777432203 
45.18442909483154 
45.19429503286891 
45.188156512644305 
45.19457666908938 
45.19455448519072 
45.19456659270505 
45.19142426049116 
45.193444230626405 
45.18491596411601 
45.194548819441415 
45.18455463261648 
45.194497045595014 
44.95739190139061 
45.18909741673037 
45.19453920196017 
45.1874623724613 
45.1945963002612 
45.19406547230029 
45.19444699485345 
45.19447901117204 
45.18495688173844 
45.187371098387096 
45.19397600984467 
