42.1196974036667 
42.1046551486911 
42.12106347192932 
42.12144476015062 
42.11415086698651 
42.11686855228764 
42.121338613595505 
42.11627728438305 
42.121191081449666 
42.116316783563796 
42.11668775670844 
42.12138665697147 
42.120881909895004 
42.12157507210808 
42.121340039827366 
41.89688408693263 
42.12143084470453 
42.116316783563796 
42.11668775670844 
42.12141266554229 
42.112285846215386 
42.06921686689668 
42.12157507210808 
42.12094354054941 
42.12079900168507 
42.12111412602591 
42.121159504701744 
42.10255910006904 
42.115835584254526 
42.11700533347058 
42.120055127877336 
42.121375066854235 
42.121019684131625 
42.120746748216476 
42.1214978643461 
42.12075356469786 
42.120966191842854 
42.120661400249524 
42.11214163355138 
42.12133948093414 
42.12133781887386 
42.121470429654885 
41.8826125073372 
42.10956515860363 
42.11398054064443 
42.12107650336114 
42.11617677469671 
42.12148895147724 
42.12152106964125 
42.12134481010778 
42.12142149161703 
41.87531869625773 
42.10009229086648 
42.10022161820569 
42.1115326089844 
42.119896180246535 
42.12017616126289 
42.12143389089449 
42.11994850013423 
42.12094724719099 
42.12137977645656 
41.86798404985719 
42.111994057886655 
42.112483099249566 
42.12122072609436 
42.112009987457114 
42.12135042883296 
42.09655433423792 
42.12101465056963 
42.10474708111095 
42.12122203583311 
42.12148808176369 
42.12145131669709 
42.120850305202865 
42.11364824122518 
42.12105770308728 
42.10474708111095 
42.11610575787966 
42.11953435170736 
42.121461364290504 
42.12135650857387 
42.111140987130256 
42.11976540727181 
42.121070606503515 
42.093896450955015 
42.11624243268031 
42.12135299666808 
42.11328919107944 
42.121587633738066 
42.12077127350353 
42.121497941324805 
42.11613730610117 
42.12137977645656 
42.12068122010771 
42.120854174798865 
42.115848461563985 
42.11699793717875 
42.12130653808771 
42.12102961643469 
42.10739901787822 
