44.38151830347036 
44.38152036189774 
44.38158057314118 
44.38152036189774 
44.38151830347036 
44.38151830347036 
44.38158057314118 
44.38158057314118 
44.38152152719965 
44.38152036189774 
44.38151830347036 
44.38151830347036 
44.38151954053062 
44.38152036189774 
44.38151954053062 
44.38146131768373 
44.38152036189774 
44.38158057314118 
44.38151830347036 
44.38151954053062 
44.38158057314118 
44.381394663173964 
44.381461983937506 
44.38158057314118 
44.38158057314118 
44.38158057314118 
44.38151807688406 
44.381463632394855 
44.38151830347036 
44.38158057314118 
44.38152152719965 
44.38152152719965 
44.38152152719965 
44.38158057314118 
44.38158057314118 
44.38151830347036 
44.38158057314118 
44.38158057314118 
44.3812562003277 
44.38158057314118 
44.38152152719965 
44.38152152719965 
44.38158057314118 
44.38151954053062 
44.38151830347036 
44.38158057314118 
44.38158057314118 
44.38149304446638 
44.38154741559369 
44.38151954053062 
44.38152036189774 
44.38158057314118 
44.38158057314118 
44.38158057314118 
44.38158057314118 
44.38158057314118 
44.38158057314118 
44.38143167531244 
44.38152036189774 
44.38158057314118 
44.38152036189774 
44.38158057314118 
44.38152152719965 
44.38152036189774 
44.38151954053062 
44.38158057314118 
44.38158057314118 
44.381411453008845 
44.38151785370894 
44.38148267432518 
44.38151954053062 
44.38152036189774 
44.38158057314118 
44.38151830347036 
44.38158057314118 
44.38152036189774 
44.38158057314118 
44.38158057314118 
44.381356194102814 
44.38152036189774 
44.381479622852815 
44.38151830347036 
44.38158057314118 
44.38152152719965 
44.38158057314118 
44.38151830347036 
44.38158057314118 
44.38152152719965 
44.381411453008845 
44.38151785370894 
44.38148267432518 
44.38151954053062 
44.38152152719965 
44.38151830347036 
44.38152036189774 
44.38158057314118 
44.38151830347036 
44.38158057314118 
44.38158057314118 
44.38152152719965 
