42.12100510792706 
42.120562483898 
42.12138451477286 
42.121348304286826 
42.12100086121066 
42.1214984261843 
42.12093147621533 
42.12148807723699 
42.12150602140327 
42.117089603619 
42.12044540357568 
42.12100510792706 
42.10919159556911 
42.12145088970181 
42.12070714948908 
42.12154696600959 
42.121348304286826 
42.12100086121066 
42.1214984261843 
42.12093147621533 
42.12148807723699 
42.12150602140327 
42.117042877519296 
42.12044540357568 
42.12100510792706 
42.1215318202424 
42.121035602990375 
42.12155749266448 
42.12017142181271 
42.12137956109465 
42.11661420642788 
42.1214984261843 
42.12093147621533 
42.12148807723699 
42.12150602140327 
42.117042877519296 
42.12044540357568 
42.12100510792706 
42.1215318202424 
42.121035602990375 
42.12155749266448 
42.12017142181271 
42.12137956109465 
42.11661420642788 
42.1214984261843 
42.12069471188317 
42.11260281271484 
42.12145749403826 
42.12150726553504 
42.121326529396725 
41.8754684080369 
42.121564504734465 
42.120779497302216 
42.120323344625916 
42.12142965033092 
42.121564504734465 
42.104693365266726 
42.11586981200073 
42.115836908439135 
42.12147030902463 
42.121514021615475 
42.10972074627071 
42.12106409500299 
