45.18596933389328 
45.19412874343504 
45.18788511664166 
45.194591218942776 
45.18150647856992 
45.19145686520478 
45.18644069074716 
45.19093094076934 
45.1874793616146 
45.19380928761833 
45.19409838038276 
45.19450949819925 
45.1940205592915 
45.19403873650487 
45.19455860331735 
45.194307530348716 
45.17680997064082 
45.19453118703315 
45.194542641305546 
45.18798545734718 
45.18310243154135 
45.19145686520478 
45.18644069074716 
45.19093094076934 
45.1874793616146 
45.19380928761833 
45.18817112380309 
45.19388970537252 
45.194469282530385 
45.19375631572289 
44.957858601624764 
45.194482207700624 
45.19458774491556 
45.194613663690426 
45.19460294143407 
45.19384633130225 
45.19080948822091 
43.95404542234254 
44.95919486696276 
45.19071299786353 
45.18176310795955 
45.19339626501967 
45.19396617927565 
45.19461383032404 
44.96146337563698 
45.194123994806084 
45.19388970537252 
45.194469282530385 
45.18239911400811 
45.17199428111158 
45.19122701391717 
45.19453118703315 
45.19065882300913 
43.95404542234254 
44.95919486696276 
45.19071299786353 
45.18176310795955 
45.18361064399406 
45.19431041984187 
45.19077533945081 
45.194591531797386 
45.18650987484295 
45.19458493805629 
45.1940520647687 
45.1940945553911 
45.18411703963329 
45.193501920295134 
45.19345539946629 
45.192868845682874 
45.17151232096275 
45.173314557307165 
45.19436896829626 
45.191068663683545 
45.18777108745267 
45.18358599044733 
45.19439890534407 
45.17513478936192 
45.19391350209536 
45.187578017727695 
45.19424851860231 
45.18649983601513 
45.19459554212658 
45.19422262461561 
45.19135611726609 
43.95404542234254 
45.191253645631974 
45.194569247060706 
45.194123994806084 
45.19433704546243 
45.170619501800736 
45.19451370880042 
45.18425816039642 
45.19412874343504 
45.194458276349934 
45.169231424403705 
45.1945120544081 
45.194460273940926 
45.193501920295134 
45.19391781613122 
45.19033679211478 
