42.121233970740356 
42.120453253484555 
42.12144179517312 
42.12127687026263 
42.12095860778362 
42.121464189091355 
42.120944752140836 
42.12130609318658 
42.12151692331052 
42.12146829342669 
42.11151464890401 
42.121233970740356 
42.12088129023653 
42.12133955662695 
42.111462930336685 
42.121552569482134 
42.12127687026263 
42.12095860778362 
42.121464189091355 
42.120944752140836 
42.12130609318658 
42.12151692331052 
42.12146829342669 
42.11151464890401 
42.121233970740356 
42.12154354679159 
42.12095652221817 
42.12155986515526 
42.12046184309954 
42.12132667250556 
42.12095860778362 
42.121464189091355 
42.120944752140836 
42.12130609318658 
42.12151692331052 
42.12146829342669 
42.11151464890401 
42.121233970740356 
42.12154354679159 
42.12095652221817 
42.12155986515526 
42.12046184309954 
42.12132667250556 
42.12095860778362 
42.121464189091355 
42.121136961947514 
42.121103547995546 
42.12151773816002 
42.12147182902865 
42.1213810187277 
42.109520065443846 
42.12155933789743 
42.12093906204401 
42.11628294321041 
42.121430651966556 
42.12155933789743 
42.11401604999371 
42.11402965756718 
42.106631403449576 
42.121492985734704 
42.12148029183551 
42.116385292063704 
42.1209754411946 
