51.38473698905109 
51.38397987254789 
51.38407007888729 
51.387238123593654 
51.39102617466656 
51.39101535776625 
51.39102617466656 
51.39102084530742 
51.39096412066932 
51.39102084530742 
51.39102062557491 
51.39100730850552 
51.385601281669224 
51.39102073538875 
51.39102617466656 
51.39092024459212 
51.39102084530742 
51.39102617466656 
51.163403900727324 
51.39097669766347 
51.385601281669224 
51.39102073538875 
51.38788783495646 
51.39102617466656 
51.163403900727324 
50.90248528483882 
51.39102084530742 
51.39099600353762 
51.38788783495646 
51.39102062557491 
51.39102094672843 
51.39102062557491 
51.39101515855035 
51.155286055780756 
51.161485436277424 
51.391015038935066 
51.391012247867934 
51.389480686504704 
51.39102094672843 
51.391020906819634 
51.39102617466656 
51.391020906819634 
51.384813478592385 
51.39102617466656 
51.39102617466656 
51.39102084530742 
51.39101539761668 
51.38946466544432 
50.57600767353693 
51.39102094672843 
51.39102617466656 
51.39102062557491 
51.39101561738253 
51.39102084530742 
51.39102073538875 
51.39102094672843 
51.39102073538875 
51.39102073538875 
51.1614858616882 
51.39102094672843 
51.38931558749677 
51.39093854795982 
51.38405043075369 
51.383442576966544 
51.39102073538875 
51.39102073538875 
51.39102062557491 
51.39102617466656 
51.39096351997857 
51.39086119944295 
51.39102062557491 
51.39102617466656 
51.39102084530742 
51.39102073538875 
51.39102062557491 
51.39102617466656 
51.39093243546793 
51.38950917522878 
51.391020278312055 
51.390884127726885 
51.39102073538875 
51.39102062557491 
51.39102062557491 
51.39102617466656 
51.39102084530742 
51.385601281669224 
51.38951108661855 
51.39102084530742 
51.381051482629985 
51.39102094672843 
51.385601281669224 
51.39102617466656 
51.389362025490186 
51.39102084530742 
51.38951108661855 
51.39102617466656 
51.39102617466656 
51.39101536834035 
51.38946456194629 
51.390987772286444 
