51.39102062557491 
51.39102084530742 
51.39102617466656 
51.39102084530742 
51.39102062557491 
51.39102062557491 
51.39102617466656 
51.39102617466656 
51.39102094672843 
51.39102084530742 
51.39102062557491 
51.39102062557491 
51.39102073538875 
51.39102084530742 
51.39102073538875 
51.39101561738253 
51.39102084530742 
51.39102617466656 
51.39102062557491 
51.39102073538875 
51.39102617466656 
51.39099600353762 
51.39100956136738 
51.39102617466656 
51.39102617466656 
51.39102617466656 
51.39102060555001 
51.39100974265727 
51.39102062557491 
51.39102617466656 
51.39102094672843 
51.39102094672843 
51.39102094672843 
51.39102617466656 
51.39102617466656 
51.39102062557491 
51.39102617466656 
51.39102617466656 
51.39096855422398 
51.39102617466656 
51.39102094672843 
51.39102094672843 
51.39102617466656 
51.39102073538875 
51.39102062557491 
51.39102617466656 
51.39102617466656 
51.391015387968416 
51.39102019875085 
51.39102073538875 
51.39102084530742 
51.39102617466656 
51.39102617466656 
51.39102617466656 
51.39102617466656 
51.39102617466656 
51.39102617466656 
51.39100991892122 
51.39102084530742 
51.39102617466656 
51.39102084530742 
51.39102617466656 
51.39102094672843 
51.39102084530742 
51.39102073538875 
51.39102617466656 
51.39102617466656 
51.390999046894365 
51.3910205856661 
51.391006870042396 
51.39102073538875 
51.39102084530742 
51.39102617466656 
51.39102062557491 
51.39102617466656 
51.39102084530742 
51.39102617466656 
51.39102617466656 
51.39098804117309 
51.39102084530742 
51.39101267698353 
51.39102062557491 
51.39102617466656 
51.39102094672843 
51.39102617466656 
51.39102062557491 
51.39102617466656 
51.39102094672843 
51.390999046894365 
51.3910205856661 
51.391006870042396 
51.39102073538875 
51.39102094672843 
51.39102062557491 
51.39102084530742 
51.39102617466656 
51.39102062557491 
51.39102617466656 
51.39102617466656 
51.39102094672843 
