45.18774447872304 
45.19413175997394 
45.19108053232144 
45.19459434390775 
45.173773775068746 
45.19146148524168 
45.19120628192992 
45.19412389506943 
45.18732892672052 
45.19085847003997 
45.194205238799476 
45.19448955389052 
45.19414952678072 
45.19392423289091 
45.19442244174753 
45.194388846105475 
45.1844286074808 
45.194539347344815 
45.19452485998111 
45.194349400134385 
45.194137696971936 
45.19146148524168 
45.19120628192992 
45.19412389506943 
45.18732892672052 
45.19085847003997 
45.18487584238601 
45.19368223669177 
45.19456314065008 
45.194039680184325 
45.17266398343737 
45.19451109264681 
45.19459365126417 
45.19461489732192 
45.19460442232959 
45.19379393915552 
45.191061455745896 
44.36476350513165 
44.96117706412696 
45.190787709013435 
45.18790840449096 
45.19337539574503 
45.18781448833361 
45.19461489732192 
44.9595670758395 
45.194074773447255 
45.19368223669177 
45.19456314065008 
45.1841019380147 
45.18588164447646 
45.19116457246751 
45.194539347344815 
45.19389658779056 
44.36476350513165 
44.96117706412696 
45.190787709013435 
45.18790840449096 
45.18958558804638 
45.19428586781094 
44.970159129484934 
45.1945944009054 
45.191263302487634 
45.19458819335552 
45.19083721816964 
45.19403975105283 
45.187085510676965 
45.19351898321306 
45.187437030069354 
45.193129749847635 
44.9465532101711 
44.96104183168151 
45.19443869450491 
45.194102664075764 
45.18466255998712 
45.19438027005363 
45.19447144516474 
45.18280315820268 
45.19413399053874 
45.19048847062432 
45.19435560617262 
45.188141513795344 
45.194601629366545 
45.19433764787195 
45.19452549363169 
44.36476350513165 
45.19436561074086 
45.19457321966594 
45.194074773447255 
45.194546340161885 
45.18001722018374 
45.19448227738225 
45.185820332031724 
45.19413175997394 
45.191413330028396 
45.170575429198536 
45.194517353420935 
45.19440230180982 
45.19351898321306 
45.18781468340219 
45.19349594658776 
