51.3910210933178 
51.39101013871435 
51.39102134814605 
51.39102142164173 
51.39102623577349 
51.39102623577349 
51.39102623577349 
51.39102623577349 
51.3910210933178 
51.39102623577349 
51.3910210933178 
51.39102142164173 
51.39102142164173 
51.39102134814605 
51.39102623577349 
51.39102134814605 
51.39095471443447 
51.39102623577349 
51.39102068448567 
51.39102623577349 
51.39101617859884 
51.391021066211515 
51.39101557864807 
51.39102623577349 
51.39102623577349 
51.39102623577349 
51.39102134814605 
51.391021066211515 
51.39102623577349 
51.391021066211515 
51.391010128358296 
51.39102102644944 
51.39102132819151 
51.39102142164173 
51.39102623577349 
51.39102623577349 
51.39102134814605 
51.391021066211515 
51.39102623577349 
50.89406011664454 
51.390853920405846 
51.3910210732902 
51.39102623577349 
51.39102134814605 
51.39102142164173 
51.391021066211515 
51.391021066211515 
51.39102623577349 
51.39102134814605 
51.39102623577349 
51.3910210933178 
51.39101018218592 
51.39102623577349 
51.390999482540934 
51.39102623577349 
51.39102623577349 
51.3910210933178 
51.39102142164173 
51.39102623577349 
51.39102142164173 
51.39102623577349 
51.3910210933178 
51.3910207083139 
51.39102134814605 
51.39100520468965 
51.39102623577349 
51.39102623577349 
51.39102623577349 
51.39102623577349 
51.39102623577349 
51.39102142164173 
51.39102142164173 
51.39102623577349 
51.3910210933178 
51.39102142164173 
51.39102142164173 
51.39102623577349 
51.39102142164173 
51.3910210933178 
51.3910210933178 
51.391021066211515 
51.3910210933178 
51.391021066211515 
51.39102623577349 
51.39102142164173 
51.391021066211515 
51.39101557864807 
51.3910210933178 
51.39102623577349 
51.39102623577349 
51.391020708189906 
51.3910210933178 
51.39102623577349 
51.3910210933178 
51.39102623577349 
51.39102142164173 
51.391021066211515 
51.39101557864807 
51.39102623577349 
51.39102623577349 
