45.25046873872564 
45.25856427519399 
45.25236768807585 
45.25901948498074 
45.246037617331126 
45.255909034347084 
45.250932798975036 
45.25539085494127 
45.25196753518889 
45.25824960511239 
45.25853408092984 
45.25893906476047 
45.258457553490395 
45.25847517012841 
45.258987423116864 
45.258740040763676 
45.24137671789871 
45.25896052362521 
45.25897181277386 
45.252466148919 
45.24762148152394 
45.255909034347084 
45.250932798975036 
45.25539085494127 
45.25196753518889 
45.25824960511239 
45.25264889749399 
45.25832858763671 
45.25889940055341 
45.258197548420114 
45.0223948677068 
45.25891228800394 
45.25901608915439 
45.25904143775056 
45.25903095024714 
45.25828591524094 
45.255271240988606 
44.01862569942565 
45.02372484618488 
45.25517621387444 
45.24629043126479 
45.25784234766228 
45.25840395669313 
45.25904160074259 
45.025972895978136 
45.258559378303254 
45.25832858763671 
45.25889940055341 
45.24692881796234 
45.236598241955264 
45.25568265824038 
45.25896052362521 
45.25512272765813 
44.01862569942565 
45.02372484618488 
45.25517621387444 
45.24629043126479 
45.24813354306131 
45.25874286844748 
45.25523776437001 
45.25901979299644 
45.25100104115963 
45.25901334158944 
45.25848836948789 
45.25853058970814 
45.24863254232168 
45.257946585525104 
45.25790075970585 
45.25732304218638 
45.23612355558331 
45.23791023127211 
45.25880079514198 
45.255526465882014 
45.25225525517716 
45.248097556603405 
45.25883023711886 
45.23971507341703 
45.25835202510486 
45.252064766978606 
45.258681912291706 
45.2509914747396 
45.25902371498552 
45.25865650538277 
45.255809669865386 
44.01862569942565 
45.2557085399022 
45.25899799926624 
45.258559378303254 
45.25876907671871 
45.23523208842993 
45.25894326543898 
45.24877155053686 
45.25856427519399 
45.258888968398104 
45.23385360242439 
45.258941728943725 
45.258890506490346 
45.257946585525104 
45.25835649285517 
45.254805537785124 
