45.19414602627039 
45.184245109619276 
44.95769478239222 
45.18785302726143 
45.19329293390722 
45.18199025153788 
45.193934307600315 
45.19410053690309 
45.19402529355368 
45.19422390312749 
45.194401953306325 
45.18445050301069 
45.1935276799273 
45.18938365636228 
45.19456506967856 
45.19422390312749 
45.18315862180146 
45.19440709726621 
45.17494082398788 
45.19405639305935 
45.194540655855356 
45.19442604535799 
45.182846669058115 
45.194569783570415 
45.191386033431094 
45.17997373700908 
44.69583962199519 
45.19037915756434 
45.19440709726621 
45.191192255759944 
45.194135882509244 
45.186412418292804 
45.19456388844705 
45.194257941279595 
45.194403441506225 
44.68935987406472 
45.16361549142661 
45.19110996287159 
45.181395655939426 
45.19399267613363 
45.194544791590005 
45.193575664520324 
45.17820259665278 
45.19456616773625 
45.19461210019872 
45.194469307690625 
45.19429785766253 
45.19404353637624 
45.18272682195539 
45.1943197758401 
45.194507582929006 
45.19461600820383 
45.19461550571614 
45.19457318649697 
45.19459661584158 
45.194596443181375 
45.194215122840845 
45.181705866113084 
45.19448777593503 
45.19093400283897 
44.94625328611599 
45.194544791590005 
45.193646418685915 
45.19433994052488 
45.19136280589193 
45.18770680666511 
45.19099746899801 
45.194018792510946 
45.184432889168114 
45.1627062248136 
44.96507732770848 
45.19399418382768 
45.19454812166453 
45.17160447003449 
45.19459133424994 
45.18662433913315 
45.19355597400515 
45.194526094625786 
45.19127418017372 
45.19455685111847 
45.19423758388323 
45.175484685275656 
44.95730228031753 
45.1945826931514 
45.189551074501985 
45.19438802633107 
45.17492517525795 
45.17241475989157 
45.17893563306142 
45.19431856294577 
45.19355597400515 
45.19043938644803 
45.19402284548358 
45.19074926382523 
45.18315862180146 
45.1944344598464 
44.9665167382163 
45.183422888522394 
44.68535841244343 
45.176264544344136 
