51.3910216175312 
51.39102162077475 
51.391026299398725 
51.39102162077475 
51.3910216175312 
51.3910216175312 
51.391026299398725 
51.391026299398725 
51.3910217211577 
51.39102162077475 
51.3910216175312 
51.3910216175312 
51.391021966242484 
51.39102162077475 
51.391021966242484 
51.39101704254664 
51.39102162077475 
51.391026299398725 
51.3910216175312 
51.391021966242484 
51.391026299398725 
51.39100279093372 
51.39102157747608 
51.391026299398725 
51.391026299398725 
51.391026299398725 
51.39102159765046 
51.39102168124918 
51.3910216175312 
51.391026299398725 
51.3910217211577 
51.3910217211577 
51.3910217211577 
51.391026299398725 
51.391026299398725 
51.3910216175312 
51.391026299398725 
51.391026299398725 
51.390947757192876 
51.391026299398725 
51.3910217211577 
51.3910217211577 
51.391026299398725 
51.391021966242484 
51.3910216175312 
51.391026299398725 
51.391026299398725 
51.39102162077475 
51.39102604102033 
51.391021966242484 
51.39102162077475 
51.391026299398725 
51.391026299398725 
51.391026299398725 
51.391026299398725 
51.391026299398725 
51.391026299398725 
51.39100632254352 
51.39102162077475 
51.391026299398725 
51.39102162077475 
51.391026299398725 
51.3910217211577 
51.39102162077475 
51.391021966242484 
51.391026299398725 
51.391026299398725 
51.39101076643961 
51.391021538045756 
51.391020772427574 
51.391021966242484 
51.39102162077475 
51.391026299398725 
51.3910216175312 
51.391026299398725 
51.39102162077475 
51.391026299398725 
51.391026299398725 
51.39100555391223 
51.39102152126143 
51.391005250664165 
51.3910216175312 
51.391026299398725 
51.3910217211577 
51.391026299398725 
51.3910216175312 
51.391026299398725 
51.3910217211577 
51.39101076643961 
51.391021538045756 
51.391020772427574 
51.391021966242484 
51.3910217211577 
51.3910216175312 
51.39102162077475 
51.391026299398725 
51.3910216175312 
51.391026299398725 
51.391026299398725 
51.3910217211577 
