51.39102142164173 
51.391021066211515 
51.39102623577349 
51.391021066211515 
51.39102142164173 
51.39102142164173 
51.39102623577349 
51.39102623577349 
51.39102134814605 
51.391021066211515 
51.39102142164173 
51.39102142164173 
51.3910210933178 
51.391021066211515 
51.3910210933178 
51.39101617859884 
51.391021066211515 
51.39102623577349 
51.39102142164173 
51.3910210933178 
51.39102623577349 
51.38948116113147 
51.391021291903584 
51.39102623577349 
51.39102623577349 
51.39102623577349 
51.391021401614225 
51.39102122842879 
51.39102142164173 
51.39102623577349 
51.39102134814605 
51.39102134814605 
51.39102134814605 
51.39102623577349 
51.39102623577349 
51.39102142164173 
51.39102623577349 
51.39102623577349 
51.39093110889703 
51.39102623577349 
51.39102134814605 
51.39102134814605 
51.39102623577349 
51.3910210933178 
51.39102142164173 
51.39102623577349 
51.39102623577349 
51.39101561892823 
51.39102575794495 
51.3910210933178 
51.391021066211515 
51.39102623577349 
51.39102623577349 
51.39102623577349 
51.39102623577349 
51.39102623577349 
51.39102623577349 
51.38950099847013 
51.391021066211515 
51.39102623577349 
51.391021066211515 
51.39102623577349 
51.39102134814605 
51.391021066211515 
51.3910210933178 
51.39102623577349 
51.39102623577349 
51.39099956930541 
51.39102142164173 
51.391020708189906 
51.3910210933178 
51.391021066211515 
51.39102623577349 
51.39102142164173 
51.39102623577349 
51.391021066211515 
51.39102623577349 
51.39102623577349 
51.391010128358296 
51.39102102644944 
51.39102132819151 
51.39102142164173 
51.39102623577349 
51.39102134814605 
51.39102623577349 
51.39102142164173 
51.39102623577349 
51.39102134814605 
51.39099956930541 
51.39102142164173 
51.391020708189906 
51.3910210933178 
51.39102134814605 
51.39102142164173 
51.391021066211515 
51.39102623577349 
51.39102142164173 
51.39102623577349 
51.39102623577349 
51.39102134814605 
