51.38247882177156 
51.38548475863097 
51.162379161286026 
51.3879945561987 
51.39102623577349 
51.391021066211515 
51.39102623577349 
51.391021066211515 
51.390931903035124 
51.391021066211515 
51.39102142164173 
51.39099964013569 
51.39090430569085 
51.3910210933178 
51.39102623577349 
51.39089901134591 
51.391021066211515 
51.39102623577349 
51.164261497074456 
51.3909993731157 
51.39090430569085 
51.3910210933178 
51.39087637902867 
51.39102623577349 
51.164261497074456 
51.16413800664817 
51.391021066211515 
51.39098274256749 
51.39087637902867 
51.39102142164173 
51.39102134814605 
51.39102142164173 
51.39102142164173 
51.37798985778909 
51.16413800664817 
51.39101582423295 
51.39102608615977 
51.39099376439273 
51.39102134814605 
51.39102134814605 
51.39102623577349 
51.39102134814605 
51.38935880268709 
51.39102623577349 
51.39102623577349 
51.391021066211515 
51.39101653399798 
51.387181761379225 
50.578796857324086 
51.39102134814605 
51.39102623577349 
51.39102142164173 
51.39101617859884 
51.391021066211515 
51.3910210933178 
51.39102134814605 
51.3910210933178 
51.3910210933178 
51.38706420679099 
51.39102134814605 
51.38634923190819 
51.39096618490873 
51.38937325132736 
51.38645990498271 
51.3910210933178 
51.3910210933178 
51.39102142164173 
51.39102623577349 
51.39095541863376 
51.385594693758975 
51.39102142164173 
51.39102623577349 
51.391021066211515 
51.3910210933178 
51.39102142164173 
51.39102623577349 
51.38943981388288 
51.38949867601091 
51.39101781531439 
51.39087606634464 
51.3910210933178 
51.39102142164173 
51.39102142164173 
51.39102623577349 
51.391021066211515 
51.39090430569085 
51.39102134814605 
51.391021066211515 
51.385582971682204 
51.39102134814605 
51.39090430569085 
51.39102623577349 
51.3909081908591 
51.391021066211515 
51.39102134814605 
51.39102623577349 
51.39102623577349 
51.391021066211515 
51.391010008640556 
51.39100498969235 
