44.36157721976311 
44.36829372864439 
44.1444354843047 
44.37467853360623 
44.38158212568943 
44.381523715681446 
44.38158212568943 
44.381523715681446 
44.38104916461968 
44.381523715681446 
44.38152809051123 
44.3814190490969 
44.38090891319595 
44.381524402642356 
44.38158212568943 
44.38088362848464 
44.381523715681446 
44.38158212568943 
44.14903900039811 
44.38141635428205 
44.38090891319595 
44.381524402642356 
44.38076507582586 
44.38158212568943 
44.14903900039811 
44.148385233828876 
44.381523715681446 
44.38133149908948 
44.38076507582586 
44.38152809051123 
44.38152692874001 
44.38152809051123 
44.38152809051123 
44.35154491645643 
44.148385233828876 
44.381499190627736 
44.381580440511804 
44.38138702508621 
44.38152692874001 
44.38152692874001 
44.38158212568943 
44.38152692874001 
44.377340395200946 
44.38158212568943 
44.38158212568943 
44.381523715681446 
44.381472891494376 
44.372656579867645 
43.562748895779364 
44.38152692874001 
44.38158212568943 
44.38152809051123 
44.381468520657435 
44.381523715681446 
44.381524402642356 
44.38152692874001 
44.381524402642356 
44.381524402642356 
44.37208418147602 
44.38152692874001 
44.37056874244846 
44.38124750618766 
44.377417357243196 
44.37114916753427 
44.381524402642356 
44.381524402642356 
44.38152809051123 
44.38158212568943 
44.38119411205026 
44.36886560862375 
44.38152809051123 
44.38158212568943 
44.381523715681446 
44.381524402642356 
44.38152809051123 
44.38158212568943 
44.37775768893008 
44.37804494876754 
44.38153850946646 
44.38079542928202 
44.381524402642356 
44.38152809051123 
44.38152809051123 
44.38158212568943 
44.381523715681446 
44.38090891319595 
44.38152692874001 
44.381523715681446 
44.36880207635327 
44.38152692874001 
44.38090891319595 
44.38158212568943 
44.380952757030606 
44.381523715681446 
44.38152692874001 
44.38158212568943 
44.38158212568943 
44.381523715681446 
44.38146784621723 
44.381445461241064 
