45.184553051170106 
45.19417384789282 
45.19398217278427 
45.19460072124324 
45.18482772101993 
45.19456194214654 
45.19423950463233 
45.19391040221503 
45.17960351895815 
45.19107748964416 
45.19426552056173 
45.194536604674425 
45.194135882509244 
45.194137701202465 
45.19442517699454 
45.194333649637834 
45.18757519993999 
45.19457631551211 
45.19457593372641 
45.19438717406617 
45.191111673425105 
45.19456194214654 
45.19423950463233 
45.19391040221503 
45.17960351895815 
45.19107748964416 
45.19125930487197 
45.19397028169189 
45.194541331819465 
45.193529903755795 
44.95967444147835 
45.19445580462184 
45.194594405307505 
45.19461600820383 
45.19460486345028 
45.18167997066961 
45.19406749831311 
44.96193011487988 
44.961238674427875 
45.189323420408925 
45.18789365581991 
45.193347038359505 
45.193995883901344 
45.19461600820383 
45.18664278509173 
45.19431856294577 
45.19397028169189 
45.194541331819465 
45.18405257046155 
45.17973852253431 
45.19429425147034 
45.19457631551211 
45.19075941238299 
44.96193011487988 
44.961238674427875 
45.189323420408925 
45.18789365581991 
45.180745318455486 
45.19419758114094 
45.18766494123711 
45.19459753927205 
45.19411227220055 
45.19459038647236 
45.19084239826994 
45.19417004688254 
45.193296094209835 
45.19048850434289 
45.19042384872604 
45.18687474720701 
44.691100070954526 
45.17527679116049 
45.194263121930064 
45.19407348955285 
45.18763635838485 
45.18814352409141 
45.194445091696174 
45.18134505760189 
45.19431747404402 
45.184427895845324 
45.194308886869145 
45.18809872711253 
45.19459967023761 
45.19440515358703 
45.19451091526388 
44.96193011487988 
45.194345908604326 
45.19457696461252 
45.19431856294577 
45.19440709851264 
45.17068257701727 
45.194483052404465 
45.187248070168096 
45.19417384789282 
45.19454032243732 
45.18770846258446 
45.191425089353544 
45.19447760805514 
45.19048850434289 
45.19107678699055 
45.19354018178606 
