42.026929108524676 
42.0117275813465 
42.02832461497589 
42.02871372437359 
42.021333749236256 
42.02408669818202 
42.02860590257437 
42.023482295922165 
42.02845587433251 
42.02759937953101 
42.016802674569625 
42.01476655287671 
42.02865474941141 
42.028139452234385 
42.02884827162553 
42.02860713499046 
41.80413117457817 
42.01970650868416 
42.02759937953101 
42.016802674569625 
42.01476655287671 
42.02864227043339 
41.78000890608595 
42.02856703103242 
42.027715077556095 
42.027625331904645 
42.028658153855844 
42.01970650868416 
42.028724811298936 
42.00908279542903 
42.0287642994422 
42.018974462850466 
42.028724811298936 
42.02867049344493 
42.02816608908114 
42.028001403902934 
42.02876906322707 
42.02800818494418 
42.02822493567027 
42.027913549960005 
42.01930546670137 
42.02860704147035 
42.02860533961365 
42.02874073794848 
41.789688610167 
41.99844860517944 
42.0176203700566 
42.017955560987126 
42.02862725094677 
42.02338005445652 
42.02875986005474 
42.024293199669756 
42.02814070214931 
42.023802709551916 
41.787956994592335 
42.025854270748994 
42.014182039861886 
42.01619835174464 
42.023364576040855 
42.027108734633096 
42.0238279663826 
42.028536432413205 
42.028198288183745 
42.028553347804575 
41.76916869849161 
42.00040715746071 
42.02864790643364 
42.02793833418161 
42.01399704788766 
42.0283009657505 
42.00271831577243 
42.02873439022054 
42.00806542365001 
42.01935323078637 
42.02800157744132 
42.028190078698216 
42.0281324740068 
42.0212867549161 
42.023853503465645 
42.0284443585204 
42.02749776254456 
42.02837886328733 
42.0286627147478 
42.02827044942744 
42.02853906321923 
42.019625236298566 
42.0232201849835 
42.0287967695743 
42.02760767525091 
42.02765911835708 
42.016856190512385 
42.02051924214584 
42.02886123897701 
42.01680097558358 
42.02351729431717 
42.02391022171542 
42.028366909584925 
42.02815754529293 
42.028859191459944 
42.02873139847153 
