45.25529021811788 
45.019950608472996 
44.76036479950775 
45.258413719958256 
45.25754400264819 
45.2510055877547 
45.255174334279 
45.25842713923241 
45.258470965241855 
45.258551570595266 
45.258797507738606 
45.254906025701416 
45.257966467444795 
45.255396082653455 
45.25898812695851 
45.258551570595266 
45.2459964093039 
45.25883105447908 
45.02699898695576 
45.258543357370414 
45.258921433255125 
45.258910648241745 
45.24437622443486 
45.258826691032446 
45.25583418484174 
45.25498164277502 
44.758113913064584 
45.25474123701531 
45.25883105447908 
45.25413881567207 
45.2585845906543 
45.24781046516485 
45.258993754647356 
45.258709534724915 
45.034995857347226 
45.02168555528611 
45.00465608237512 
45.249539293488425 
45.247422298480565 
45.25832617109062 
45.25896555952054 
45.25804230507695 
45.25822127475729 
45.25591476913394 
45.25903832101974 
45.25893811561753 
45.25881440336733 
45.254017496778374 
45.02524561742813 
45.255437797804156 
45.25897583568597 
45.25904139151101 
45.25901822084268 
45.259022574280436 
45.25902274036003 
45.25900142195809 
45.25570999670683 
45.25823082035589 
45.25895462003998 
45.249310731149954 
45.248780821811586 
45.25896555952054 
45.258017847315436 
45.258896400273834 
45.25565325694091 
45.2584984241394 
45.25526261932868 
45.250385918775734 
45.25207510079227 
45.230541999980154 
45.03111628676053 
45.25858435750905 
45.258890957284365 
45.243722695712904 
45.259019548497385 
45.24184931678843 
45.25801675025565 
45.25883278013583 
45.258889966880254 
45.25903104360932 
45.25882325081689 
45.23532873747843 
45.25055598350851 
45.25900306534253 
45.2509791366601 
45.25867690828268 
44.75412272192949 
45.24798177901101 
45.24778037457531 
45.258510816623115 
45.25801675025565 
45.24396508632853 
45.258652777165196 
45.2505898751978 
45.2459964093039 
45.25887930917736 
45.034823434204064 
45.241732507374635 
45.02182158226065 
45.24565939522035 
