43.40430867649617 
43.39193206844916 
43.16464082835786 
43.3965300498788 
43.40300617573872 
43.3894162095623 
43.403978861389525 
43.40424412680361 
43.40413191860829 
43.404421588000645 
43.404696792934274 
43.39224567727865 
43.40337061596182 
43.39840970521491 
43.404940014555315 
43.404421588000645 
43.390727855126784 
43.40470606328923 
43.380476831403534 
43.404169983758734 
43.404910545678845 
43.40472173635082 
43.39024796135386 
43.40495668192495 
43.40099902035913 
43.38678789841881 
42.90288532387434 
43.39947440701661 
43.40470606328923 
43.400718398467994 
43.40429006297645 
43.394786334529414 
43.40493790028335 
43.40446899100517 
43.404699497892736 
42.894912096653606 
43.36638285850003 
43.40058156045583 
43.388502646701745 
43.404067740181354 
43.40490245983561 
43.40343997896277 
43.38453262003387 
43.404957755540885 
43.405027174457295 
43.40480196963678 
43.40453123205189 
43.40414640842302 
43.39006893922052 
43.404571766054396 
43.40485693218451 
43.40503442104022 
43.405033492334255 
43.40496299389873 
43.40499856025128 
43.40499812992634 
43.40440129012965 
43.38896744304086 
43.40482828541621 
43.400318261674265 
43.15038293397339 
43.40490245983561 
43.40355179875136 
43.40461307435559 
43.40097570212195 
43.39629404283092 
43.40041617602466 
43.4041162300459 
43.392225093275165 
43.36545245921325 
43.17377844393814 
43.40408241045208 
43.40491644118237 
43.37630100103278 
43.40498879627462 
43.39511626354661 
43.40340740139873 
43.404887465825 
43.40082703732933 
43.404940528146774 
43.404454834439434 
43.38130847632862 
43.164050472870144 
43.40497260238085 
43.3986569479845 
43.40466292136375 
43.380455952347944 
43.37753199547965 
43.38565200939797 
43.40456972261346 
43.40340740139873 
43.39956655148765 
43.40410784672192 
43.40003482323074 
43.390727855126784 
43.40474911493046 
43.17544461907379 
43.39112753353194 
42.89006123659042 
43.38205096470707 
