58.234397568452685 
58.23439146356576 
58.234391061118224 
58.234398013074895 
58.23438447239394 
58.23439840431417 
58.234397414717826 
58.23439847085278 
58.23439847733997 
58.23439797269544 
58.23439589084098 
58.234390075898595 
58.23439860379838 
58.234397945027254 
58.23439857566642 
58.23439852111688 
58.23439859685319 
58.23439795820951 
58.23439857893801 
58.23439796111756 
58.234384975597706 
58.23439843496405 
58.234397350818156 
58.234398582972005 
58.23439859532738 
58.23439117628782 
58.23439140102124 
58.23439167627237 
58.234398615404494 
58.23439861406402 
58.234398359544855 
58.234391393859504 
58.234398576674074 
58.234398446909736 
58.234397875084234 
58.23439151973553 
58.234398615400174 
58.23439140102124 
58.23439859016115 
58.23439860096695 
58.23439118682951 
58.234398547146114 
58.23439820616905 
58.2343985152444 
58.23439860810112 
58.23439845482579 
58.23439816444111 
58.234398176985316 
58.23439768330639 
58.23439861225175 
58.234398085164834 
58.23439856072421 
58.234398590873035 
58.23439105238002 
58.2343911154288 
58.234398239151886 
58.234398152643934 
58.23439859016115 
58.234391763936166 
58.23439840438063 
58.234398596579545 
58.234398024209625 
58.23439844114849 
58.234398606818026 
58.23438429228685 
58.234398614742396 
58.2343984567216 
58.23439140172002 
58.234398240666806 
58.23439861528502 
58.2343977302449 
58.23439850953985 
58.23439858756365 
58.234390931619984 
58.23439810039495 
58.23439861502963 
58.23439856807303 
58.23439145424083 
58.234398614994284 
58.234398614742396 
58.23439170756511 
58.23439861265063 
58.23439799195911 
58.23439860798715 
58.23439859047281 
58.23439856449904 
58.2343982425732 
58.23439833932664 
58.23439181824918 
58.23439859005388 
58.23439761407903 
58.234391116329654 
58.234398381418565 
58.234398434669735 
58.23439852752403 
58.2343979338238 
58.2343901551066 
58.234398612154585 
58.23439834850326 
58.23439860151595 
