44.695468875865274 
44.957257790625974 
45.18276339530693 
44.96276710825153 
43.95512790335868 
45.186430208985605 
45.193849084543466 
45.19093462704481 
45.19133047372056 
45.18730677876098 
44.68515530770946 
45.19047730082057 
45.19461583838248 
45.19371413748071 
45.19379643132152 
45.19423405384755 
45.19421944296238 
45.18281024023631 
45.19376175170827 
45.1896139682467 
44.96289219581324 
45.193504485352946 
45.17836136561424 
45.19406362135283 
45.19435333652674 
45.18318769483505 
44.968740892339106 
45.191305283785255 
45.194600478000176 
45.19458245184161 
45.18805697039228 
44.95947436792468 
45.19458241562975 
44.95779747265796 
45.184057614264766 
44.70086285997255 
45.19460433843292 
44.968740892339106 
45.19454335705529 
45.194507192048064 
45.18347620711954 
45.19412964879804 
45.1942596778156 
45.1943197758401 
45.18981503236775 
45.19413571136215 
45.18340208211476 
45.19331038201364 
45.19113248870521 
45.1945805738542 
44.970416449977705 
45.19453875476767 
45.19405639305935 
44.953441354819944 
45.19398987640734 
45.19454951901547 
45.19391952141519 
45.19454335705529 
45.18821412344377 
45.1896579713025 
45.19439873404486 
45.19096372788211 
45.1879101935383 
45.194574120748605 
45.18367178362028 
45.19459661584158 
45.19075092245846 
45.18367427316821 
45.19344268571302 
45.19460620412268 
45.18441876974965 
45.19457696461252 
45.194135882509244 
44.35228823298156 
45.185168204918156 
45.19431856294577 
45.194325434101565 
45.19070625709747 
45.19452178784037 
45.18664278509173 
45.194580421858724 
45.19455994283598 
45.19457631551211 
45.19453727084658 
45.193575664520324 
45.18953746059169 
45.194561686955666 
45.1753370051797 
45.19457597324765 
45.18757802542141 
45.19400011415086 
45.19454979365608 
45.19032609809364 
45.19459789232735 
45.194155029382785 
45.194496663231014 
45.194588604414584 
45.18816796207532 
45.19055829715238 
45.19396015404386 
