44.366651700862256 
44.364908392459405 
44.365395278041206 
44.3729661085084 
44.38158057314118 
44.38149269981793 
44.38158057314118 
44.38152036189774 
44.381206327866956 
44.38152036189774 
44.38151830347036 
44.381453293036245 
44.368887911509404 
44.38151954053062 
44.38158057314118 
44.38098537343805 
44.38152036189774 
44.38158057314118 
44.14716746787039 
44.38129672846657 
44.368887911509404 
44.38151954053062 
44.374107342655094 
44.38158057314118 
44.14716746787039 
43.88838771855762 
44.38152036189774 
44.381394663173964 
44.374107342655094 
44.38151830347036 
44.38152152719965 
44.38151830347036 
44.381490880854436 
44.12827152991862 
44.14236160830144 
44.38148953444976 
44.38150909849802 
44.377960529917814 
44.38152152719965 
44.38152107743924 
44.38158057314118 
44.38152107743924 
44.367035470785844 
44.38158057314118 
44.38158057314118 
44.38152036189774 
44.38145925498018 
44.37784858713841 
43.556033554095684 
44.38152152719965 
44.38158057314118 
44.38151830347036 
44.38146131768373 
44.38152036189774 
44.38151954053062 
44.38152152719965 
44.38151954053062 
44.38151954053062 
44.14238663105935 
44.38152152719965 
44.37710880141063 
44.381106106832554 
44.36529294543987 
44.364345278183706 
44.38151954053062 
44.38151954053062 
44.38151830347036 
44.38158057314118 
44.38123329177032 
44.38069539429502 
44.38151830347036 
44.38158057314118 
44.38152036189774 
44.38151954053062 
44.38151830347036 
44.38158057314118 
44.38107147211599 
44.378094084964516 
44.381548308399665 
44.38083415904125 
44.38151954053062 
44.38151830347036 
44.38151830347036 
44.38158057314118 
44.38152036189774 
44.368887911509404 
44.37811514114278 
44.38152036189774 
44.358572614900424 
44.38152152719965 
44.368887911509404 
44.38158057314118 
44.377358484028555 
44.38152036189774 
44.37811514114278 
44.38158057314118 
44.38158057314118 
44.38149282779436 
44.377881859781645 
44.38135317393692 
