58.08275845672163 
58.08275894270449 
58.08275822674811 
58.082759081341074 
58.08276577799918 
58.08276666803671 
58.08276582105734 
58.08276666824627 
58.082766819044934 
58.08276646528265 
58.082751407330996 
58.082757598986234 
58.08276682666721 
58.08276614607101 
58.082766788763074 
58.082766729849354 
58.08276667924448 
58.08276636942468 
58.08276679519039 
58.08276679150723 
58.08275168429544 
58.08276677088447 
58.08276584167345 
58.08276680641881 
58.082766820548635 
58.082758368829325 
58.082758749949505 
58.08276654562966 
58.08276683257923 
58.08276683134271 
58.08276626465706 
58.0827590958929 
58.08276679192403 
58.08276665538981 
58.082766149675166 
58.08275914315149 
58.08276683271094 
58.082758749949505 
58.08276681077977 
58.08276681658642 
58.08275838137667 
58.082766770879104 
58.08276611417202 
58.08276672702969 
58.08276682614545 
58.08276680642501 
58.082766271021725 
58.08276647851226 
58.08276567070806 
58.08276682890223 
58.082766461138156 
58.08276678042599 
58.082766804757306 
58.082751297144924 
58.082758366501466 
58.08276642839429 
58.082765988845956 
58.08276681077977 
58.08275916433301 
58.08276626683018 
58.08276680849633 
58.08276671578012 
58.082766632882326 
58.08276682200985 
58.08275812482188 
58.08276683168666 
58.08276679403761 
58.08275875070156 
58.08276606698859 
58.08276683251702 
58.082765927696535 
58.08276672763684 
58.082766808318475 
58.0827509721711 
58.08276597869421 
58.08276683101725 
58.08276664028146 
58.082766382968195 
58.082766832226575 
58.08276683168666 
58.08275915837384 
58.08276682975827 
58.08276661708227 
58.082766616710025 
58.08276680711439 
58.08276677536783 
58.08276655213725 
58.082766798622785 
58.082766749520246 
58.08276681077924 
58.082765731548584 
58.0827583684272 
58.082766713921515 
58.082766774419724 
58.082766741999336 
58.082766157008564 
58.08275757631307 
58.082766828977064 
58.08276668027822 
58.08276681308254 
