45.24193989090796 
45.02499074418761 
45.242851990127626 
45.249010940864096 
44.75155352018666 
45.25392565160575 
45.25479622162966 
45.25556368599509 
45.255693722905136 
45.25748918422643 
45.2237293973137 
45.25173361299762 
45.25901560664554 
45.254945789737526 
45.258257463557804 
45.25858461328836 
45.25865275206867 
45.24293486537679 
45.25828550435726 
45.24774633818452 
45.02728607166296 
45.2548217768502 
45.22911301412414 
45.2584006837453 
45.25861431634089 
45.250743375682134 
45.03139281408061 
45.02945450620876 
45.25902732432161 
45.25900744219838 
45.252749540748034 
45.02212747839063 
45.25900941888466 
45.25530273855347 
45.24544065826374 
45.02559296052223 
45.25902868885032 
45.03139281408061 
45.25883209881563 
45.25881005653587 
45.25094685677695 
45.258369889858216 
45.25877464141221 
45.25837680382914 
45.2588829602438 
45.25843305419438 
45.254048910899755 
45.24860430930204 
45.25092468947421 
45.25898027918768 
45.25533929331725 
45.25880874876229 
45.25855306969525 
45.22877594520726 
45.25554678090949 
45.258884798494876 
45.25833867235936 
45.25883209881563 
45.034790233054736 
45.25521832143525 
45.25867126447881 
45.24595294100285 
45.255484593935705 
45.25885723692755 
44.7574238130422 
45.25902371293287 
45.255288008234935 
45.254233480673186 
45.25802886444464 
45.259032500369365 
45.23802370117121 
45.258817986950675 
45.258457553490395 
45.010576292751395 
45.2482897691694 
45.258559378303254 
45.25873058715784 
45.248939887220885 
45.258727736961376 
45.25263460681471 
45.25900525596041 
45.25898356072951 
45.25899539975019 
45.25587714704518 
45.25788983703697 
45.249419368751326 
45.25897801757729 
45.24906357945128 
45.25892688398978 
45.02193523223249 
45.25357321292369 
45.258968613002644 
45.251950918799714 
45.25902445464536 
45.258501730101976 
45.25887751904526 
45.25890899726483 
45.249459972144784 
45.25186107339807 
45.25841382110677 
