44.35989452426148 
44.35984630367936 
44.15066039675917 
44.36957971839295 
44.38158374205758 
44.38150357546285 
44.38158374205758 
44.381530892880384 
44.38116669036208 
44.381530892880384 
44.38153123266965 
44.38153203255856 
44.37757873094544 
44.381535153922606 
44.38158374205758 
44.38107025772839 
44.381530892880384 
44.38158374205758 
44.15310545040816 
44.38150426189278 
44.37757873094544 
44.381535153922606 
44.38090514418653 
44.38158374205758 
44.15310545040816 
43.888373948686706 
44.381530892880384 
44.15742974429413 
44.38090514418653 
44.38153123266965 
44.38153203255856 
44.38153123266965 
44.3815037999927 
44.36189502547729 
44.14636246012645 
44.38150357515545 
44.38158374205758 
44.38147694461266 
44.38153203255856 
44.38142225520142 
44.38158374205758 
44.38142225520142 
44.373739526272765 
44.38158374205758 
44.38158374205758 
44.381530892880384 
44.381479296401764 
44.377817653626344 
44.36298784171816 
44.38153203255856 
44.38158374205758 
44.38153123266965 
44.381479185063434 
44.381530892880384 
44.381535153922606 
44.38153203255856 
44.381535153922606 
44.381535153922606 
44.14270799816071 
44.38153203255856 
44.36909642889019 
44.38132881240522 
44.35477591232357 
44.369549959327585 
44.381535153922606 
44.381535153922606 
44.38153123266965 
44.38158374205758 
44.38114672558479 
44.38080184158108 
44.38153123266965 
44.38158374205758 
44.381530892880384 
44.381535153922606 
44.38153123266965 
44.38158374205758 
44.15506615361253 
44.381417792396924 
44.38158351723279 
44.38081750566744 
44.381535153922606 
44.38153123266965 
44.38153123266965 
44.38158374205758 
44.381530892880384 
44.37757873094544 
44.38153203255856 
44.381530892880384 
44.38094285091686 
44.38153203255856 
44.37757873094544 
44.38158374205758 
44.380893822194736 
44.381530892880384 
44.38153203255856 
44.38158374205758 
44.38158374205758 
44.381530892880384 
44.381452291098604 
44.38144883127138 
