44.381524402642356 
44.381469316318835 
44.38152692874001 
44.38152809051123 
44.38158212568943 
44.38158212568943 
44.38158212568943 
44.38158212568943 
44.381524402642356 
44.38158212568943 
44.381524402642356 
44.38152809051123 
44.38152809051123 
44.38152692874001 
44.38158212568943 
44.38152692874001 
44.38118622963548 
44.38158212568943 
44.381519800169734 
44.38158212568943 
44.381468520657435 
44.381523715681446 
44.38149605348427 
44.38158212568943 
44.38158212568943 
44.38158212568943 
44.38152692874001 
44.381523715681446 
44.38158212568943 
44.381523715681446 
44.38146919498508 
44.38152326966934 
44.38152670385305 
44.38152809051123 
44.38158212568943 
44.38158212568943 
44.38152692874001 
44.381523715681446 
44.38158212568943 
43.86947332308369 
44.38068262522889 
44.381524175898065 
44.38158212568943 
44.38152692874001 
44.38152809051123 
44.381523715681446 
44.381523715681446 
44.38158212568943 
44.38152692874001 
44.38158212568943 
44.381524402642356 
44.38146943653943 
44.38158212568943 
44.381417584335104 
44.38158212568943 
44.38158212568943 
44.381524402642356 
44.38152809051123 
44.38158212568943 
44.38152809051123 
44.38158212568943 
44.381524402642356 
44.38155401446646 
44.38152692874001 
44.38141322591219 
44.38158212568943 
44.38158212568943 
44.38158212568943 
44.38158212568943 
44.38158212568943 
44.38152809051123 
44.38152809051123 
44.38158212568943 
44.381524402642356 
44.38152809051123 
44.38152809051123 
44.38158212568943 
44.38152809051123 
44.381524402642356 
44.381524402642356 
44.381523715681446 
44.381524402642356 
44.381523715681446 
44.38158212568943 
44.38152809051123 
44.381523715681446 
44.38149605348427 
44.381524402642356 
44.38158212568943 
44.38158212568943 
44.381554012009964 
44.381524402642356 
44.38158212568943 
44.381524402642356 
44.38158212568943 
44.38152809051123 
44.381523715681446 
44.38149605348427 
44.38158212568943 
44.38158212568943 
