44.760009231333626 
45.021803216084095 
45.247287400950775 
45.02727061039563 
44.01969165178139 
45.25092253310332 
45.258288590375344 
45.255394277161784 
45.25578449202066 
45.25179764919227 
44.749768772806355 
45.25494402386328 
45.25904354875735 
45.25815578390878 
45.25823651571414 
45.25866766917006 
45.258653294191475 
45.24733329375708 
45.25820234693487 
45.25408195558534 
45.02739403517026 
45.25794899606903 
45.24291643909093 
45.25849973826475 
45.258785155910125 
45.247705352589655 
45.033195616126704 
45.2557595219741 
45.25902852490166 
45.2590108953804 
45.25253657245113 
45.024000109341245 
45.25901085960399 
45.02233458374556 
45.248573740548544 
44.765354981411804 
45.25903230075449 
45.033195616126704 
45.258972327263784 
45.25893679148308 
45.247989428424866 
45.25856514485617 
45.25869289701709 
45.25875217048001 
45.25427992770846 
45.2585709047521 
45.24791660186509 
45.257757754029946 
45.255589201686256 
45.259009060605706 
45.03485982800081 
45.2589679924041 
45.25849275384691 
45.01801673292643 
45.25842728379524 
45.258978520665565 
45.2583579796607 
45.258972327263784 
45.25269143330181 
45.254125324941626 
45.258829972266895 
45.2554232371687 
45.25239194407163 
45.259002745719044 
45.24819373877947 
45.25902474736306 
45.25521345141173 
45.24818438236761 
45.25788814494619 
45.25903412543188 
45.248929690140415 
45.25900553106319 
45.2585710721251 
44.41698380243004 
45.24967949299318 
45.258750980757775 
45.2587577887657 
45.25516951885784 
45.25895106695245 
45.25113184631959 
45.259008909979755 
45.258988882079116 
45.25900489293202 
45.2589667081239 
45.25801919408317 
45.25400646679927 
45.25899058627777 
45.239914072935555 
45.259004558214684 
45.252064674683645 
45.25843737851834 
45.258978955823615 
45.254794900940645 
45.259025995756716 
45.258589882923644 
45.25892641118866 
45.259016911716564 
45.25264612170305 
45.255023736779705 
45.25839804859323 
