58.082766445938844 
58.08275872718906 
58.082744035693565 
58.08276679821461 
58.08276669462887 
58.0827588870641 
58.082766077931836 
58.082766799702206 
58.08276573043176 
58.08276671603761 
58.082766818339536 
58.082766552125655 
58.08276670906162 
58.082766652087365 
58.08276673734154 
58.08276671603761 
58.08276614619443 
58.08276672864644 
58.08275902399727 
58.082766804757306 
58.08276651992707 
58.082766825989715 
58.082765533306684 
58.082766404441045 
58.08276664569176 
58.082765974221594 
58.082751582609916 
58.08276643374751 
58.08276672864644 
58.08276660853854 
58.082766808318475 
58.08276632387243 
58.08276683095647 
58.08276673734304 
58.08275933825461 
58.08275065686569 
58.0827578490842 
58.08275895530811 
58.08276628927257 
58.082766572006925 
58.082766828977064 
58.082764963881715 
58.082766713685 
58.08276669136491 
58.082766814747565 
58.0827668274552 
58.08276682074131 
58.08275928975476 
58.08275871792316 
58.08276625184594 
58.082766825565194 
58.08276682984427 
58.08276682920042 
58.0827668297932 
58.08276683168666 
58.08276669353587 
58.08276657631205 
58.082766698238885 
58.0827668258821 
58.082766313369326 
58.08276621897242 
58.082766828977064 
58.08276677616444 
58.082766384308016 
58.08275874942949 
58.08276669867332 
58.08276559722644 
58.08276643199446 
58.08276543581805 
58.08276527592806 
58.082759185196565 
58.08276680748572 
58.08276646491667 
58.08276584256757 
58.08276683223798 
58.08275873924564 
58.08276570459655 
58.08276631514164 
58.08276674593256 
58.08276682412475 
58.0827668203472 
58.08276576633454 
58.08276602229126 
58.08276673836639 
58.082758840376144 
58.082766772284266 
58.08275120839643 
58.082766146951826 
58.082766019374766 
58.082766804419116 
58.08276570459655 
58.082765372029996 
58.0827667320553 
58.082766358669666 
58.08276614619443 
58.08276682394285 
58.08275877173811 
58.08276601453277 
58.082758349716265 
58.0827662119798 
