36.41009844779023 
36.41015749955109 
36.414811880934096 
36.41032574303722 
36.41455667509516 
36.414760389323185 
36.414795619892885 
36.41476875025986 
36.414811188197596 
36.414798555009135 
36.149347636652024 
36.41481020398175 
36.41481186735937 
36.41475857196013 
36.41479145784721 
36.414804206861575 
36.414765537185836 
36.41479936069694 
36.41479136068101 
36.414802554939705 
36.41018181103151 
36.41478553902806 
36.414291925583434 
36.41480210207307 
36.41480751499884 
36.41480779644694 
36.4148115684161 
36.41480851400388 
36.414811541802074 
36.41481159937657 
36.4146459698225 
36.41031634935823 
36.41481135142511 
36.41481018023382 
36.41467899370545 
36.41022925031163 
36.414811638510216 
36.4148115684161 
36.41481093293902 
36.41481032505209 
36.41481187413098 
36.41479941687035 
36.41481187753254 
36.41480355021589 
36.41480974637738 
36.414802770121 
36.41463926334046 
36.41470866878857 
36.41481109547365 
36.41481187753254 
36.414811880934096 
36.414810760042215 
36.41481144836949 
36.414804336767055 
36.41481088234084 
36.41481133621259 
36.414766171375796 
36.41481093293902 
36.41027584599186 
36.414802611128735 
36.41480285388484 
36.4147991688853 
36.41475800351695 
36.41480811822556 
36.41458548150761 
36.41481135142511 
36.41479888305756 
36.414811880934096 
36.41480042298337 
36.414811689234355 
36.41453317678271 
36.41481187413098 
36.414802770121 
36.40098726100214 
36.414786139193055 
36.41480035444777 
36.414811880934096 
36.414593522088325 
36.41481141249566 
36.41464640007426 
36.41481152517224 
36.414811618132376 
36.4146680154848 
36.41470807558393 
36.41481088234084 
36.414679501324116 
36.4146680154848 
36.414507448434264 
36.41466800187722 
36.410354710113175 
36.41464557601556 
36.414811215992735 
36.414686365820984 
36.41481144836949 
36.414809399260626 
36.414811312181214 
36.414811188197596 
36.41481020398175 
36.41476375332626 
36.414805603695264 
