37.22876014070758 
37.22876085515412 
37.22876085515412 
37.22876085515412 
37.22876014070758 
37.22876014070758 
37.22876085515412 
37.22876085515412 
37.22876085515412 
37.22876085515412 
37.22876014070758 
37.22876014070758 
37.228760094270385 
37.22876085515412 
37.228760094270385 
37.22876085515412 
37.22876085515412 
37.22876085515412 
37.22876014070758 
37.228760094270385 
37.22876085515412 
37.22875824959973 
37.228760132036435 
37.22876085515412 
37.22876085515412 
37.22876085515412 
37.22876014070758 
37.228760848650765 
37.22876014070758 
37.22876085515412 
37.22876085515412 
37.22876085515412 
37.22876085515412 
37.22876085515412 
37.22876085515412 
37.22876014070758 
37.22876085515412 
37.22876085515412 
37.2287551453049 
37.22876085515412 
37.22876085515412 
37.22876085515412 
37.22876085515412 
37.228760094270385 
37.22876014070758 
37.22876085515412 
37.22876085515412 
37.22876085515412 
37.228760809845625 
37.228760094270385 
37.22876085515412 
37.22876085515412 
37.22876085515412 
37.22876085515412 
37.22876085515412 
37.22876085515412 
37.22876085515412 
37.228727299648355 
37.22876085515412 
37.22876085515412 
37.22876085515412 
37.22876085515412 
37.22876085515412 
37.22876085515412 
37.228760094270385 
37.22876085515412 
37.22876085515412 
37.22876085515412 
37.22876014070758 
37.22876085515412 
37.228760094270385 
37.22876085515412 
37.22876085515412 
37.22876014070758 
37.22876085515412 
37.22876085515412 
37.22876085515412 
37.22876085515412 
37.22875956533049 
37.228760850961876 
37.22876085298633 
37.22876014070758 
37.22876085515412 
37.22876085515412 
37.22876085515412 
37.22876014070758 
37.22876085515412 
37.22876085515412 
37.22876085515412 
37.22876014070758 
37.22876085515412 
37.228760094270385 
37.22876085515412 
37.22876014070758 
37.22876085515412 
37.22876085515412 
37.22876014070758 
37.22876085515412 
37.22876085515412 
37.22876085515412 
