43.07072844093989 
43.070728470128245 
43.070728470128245 
43.070728470128245 
43.07072844093989 
43.07072844093989 
43.070728470128245 
43.070728470128245 
43.070728470128245 
43.070728470128245 
43.07072844093989 
43.07072844093989 
43.070728441797414 
43.070728470128245 
43.070728441797414 
43.070728470128245 
43.070728470128245 
43.070728470128245 
43.07072844093989 
43.070728441797414 
43.070728470128245 
43.07072836105331 
43.07072844093989 
43.070728470128245 
43.070728470128245 
43.070728470128245 
43.07072844093989 
43.07072847004297 
43.07072844093989 
43.070728470128245 
43.070728470128245 
43.070728470128245 
43.070728470128245 
43.070728470128245 
43.070728470128245 
43.07072844093989 
43.070728470128245 
43.070728470128245 
43.0707280683667 
43.070728470128245 
43.070728470128245 
43.070728470128245 
43.070728470128245 
43.070728441797414 
43.07072844093989 
43.070728470128245 
43.070728470128245 
43.070728470128245 
43.070728469194506 
43.070728441797414 
43.070728470128245 
43.070728470128245 
43.070728470128245 
43.070728470128245 
43.070728470128245 
43.070728470128245 
43.070728470128245 
43.070728441797414 
43.070728470128245 
43.070728470128245 
43.070728470128245 
43.070728470128245 
43.070728470128245 
43.070728470128245 
43.070728441797414 
43.070728470128245 
43.070728470128245 
43.070728470128245 
43.07072844059881 
43.070728470128245 
43.070728441797414 
43.070728470128245 
43.070728470128245 
43.07072844093989 
43.070728470128245 
43.070728470128245 
43.070728470128245 
43.070728470128245 
43.07072837192155 
43.070728469707056 
43.070728399612555 
43.07072844093989 
43.070728470128245 
43.070728470128245 
43.070728470128245 
43.07072844093989 
43.070728470128245 
43.070728470128245 
43.070728470128245 
43.07072844059881 
43.070728470128245 
43.070728441797414 
43.070728470128245 
43.07072844093989 
43.070728470128245 
43.070728470128245 
43.07072844093989 
43.070728470128245 
43.070728470128245 
43.070728470128245 
