37.95991648476659 
37.95630973988573 
37.960107021144566 
37.960006715672975 
37.69290449698978 
37.96004845149736 
37.9600722219725 
37.96007986767952 
37.96010702648086 
37.960101838695365 
37.95981154512617 
37.96006617412779 
37.960107114316635 
37.960059474112846 
37.96009733368835 
37.96010321927897 
37.96010320628621 
37.960074934573804 
37.96009810084668 
37.959996546953796 
37.956457704501396 
37.960067256438876 
37.95977040793229 
37.96010067664599 
37.96010316791765 
37.960105485644576 
37.960107177445714 
37.96010522063697 
37.96010718484315 
37.96010719122621 
37.960053699039605 
37.95470628655369 
37.96010714011862 
37.96010603773865 
37.959970466243846 
37.95270285445029 
37.96010720998148 
37.960107177445714 
37.96010551041602 
37.96010678952013 
37.960107313853094 
37.96010104994556 
37.960107032664276 
37.96010065983308 
37.96010598397097 
37.96010146791039 
37.96005135562614 
37.96001643763528 
37.96010691986823 
37.96010733047709 
37.96010733047709 
37.960105326796494 
37.96010714710599 
37.96010524831129 
37.960106900136346 
37.96010693188974 
37.960106066896756 
37.96010551041602 
37.95651745213536 
37.96010094648896 
37.96010363101118 
37.9599941840972 
37.96007474457797 
37.96010554400397 
37.951040048759715 
37.96010714011862 
37.96007390225491 
37.96010733047709 
37.96010265181696 
37.960107241729474 
37.959967925778194 
37.96010575215752 
37.96010146791039 
37.95617524635135 
37.9600937293014 
37.960102306499735 
37.96010733047709 
37.9600182253519 
37.960106904398906 
37.960053129804464 
37.96010716384329 
37.960107217276395 
37.960106789439195 
37.96008024000784 
37.960106900136346 
37.96002239035798 
37.960106789439195 
37.959977754499974 
37.96010639759626 
37.9601050390084 
37.960064845723956 
37.96010702589274 
37.96005234399575 
37.96010714710599 
37.960105728859084 
37.96010707640141 
37.96010702648086 
37.96006617412779 
37.96004963754103 
37.960102405952654 
