43.27844966554818 
43.27842154401723 
43.27844959365251 
43.27844965237411 
43.278431024858385 
43.27844954965428 
43.278449660275555 
43.27844321956679 
43.2784494762135 
43.27844905174703 
43.27842498114198 
43.278431384952285 
43.27844964730811 
43.27844909201991 
43.27844965954925 
43.27844956368353 
43.27844963375445 
43.27843753349835 
43.27844905174703 
43.27842498114198 
43.278431384952285 
43.27844964715395 
43.27841861264636 
43.27844954965428 
43.27844957108883 
43.27844902377507 
43.278449625459366 
43.27843753349835 
43.27844966250802 
43.278413076400106 
43.27844963037432 
43.278437154695006 
43.27844966250802 
43.27844966702581 
43.27844931249091 
43.2784496546873 
43.27844963375445 
43.27844944713918 
43.27844943310858 
43.27844922661384 
43.27844351875716 
43.278449666910596 
43.278449561695695 
43.278449625914945 
43.2767223490784 
43.278406539618864 
43.27843147109344 
43.2784364229515 
43.27844956165932 
43.2784428920347 
43.2784496603483 
43.27844964730811 
43.27844948035862 
43.27844959700425 
43.27844097591352 
43.278449660538975 
43.27843718659909 
43.27842500272618 
43.27844932007647 
43.27844888996354 
43.27844962249506 
43.27844956736982 
43.27844936252406 
43.278449660538975 
43.276653014698844 
43.27842460842323 
43.27844957808384 
43.278449344124404 
43.278437129108916 
43.27844966725259 
43.27841582613799 
43.2784496546873 
43.27841922713283 
43.27843726528559 
43.278449166330354 
43.27844930765317 
43.27844931594217 
43.278431024858385 
43.27844966217049 
43.278449516916936 
43.27844964487416 
43.27844942258292 
43.27844960260508 
43.27844932904634 
43.27844954454487 
43.2784373898348 
43.278449344124404 
43.27844965363321 
43.278449598214124 
43.2784491494777 
43.278449598214124 
43.27843061492234 
43.27844966228313 
43.27843147109344 
43.27844321455931 
43.27844959882711 
43.27844960448378 
43.278449448625054 
43.278449662018225 
43.27844963047655 
