52.51434337760645 
52.51434319175344 
52.514340083125184 
52.51434337793329 
52.51434336941817 
52.51434337525719 
52.51434337692838 
52.51434337723094 
52.51434337839753 
52.514343367091804 
52.5143433774324 
52.514343371389245 
52.51434335444316 
52.51434337339117 
52.514343378395004 
52.514343367091804 
52.51434337404868 
52.51434337839753 
52.5143400299876 
52.51434337790709 
52.51434337839409 
52.51434337745071 
52.514343372256285 
52.51434337839409 
52.514343375965886 
52.514343368874314 
52.51433998520113 
52.51434335415049 
52.51434337839753 
52.51434337839234 
52.514343377273576 
52.5143433774603 
52.5143433774603 
52.51434337665501 
52.514343317228246 
52.51434319104616 
52.514343174743054 
52.514343378392894 
52.514343373684206 
52.51434336707133 
52.5143433774603 
52.514343378390635 
52.51434337293927 
52.51434337839753 
52.51434337839753 
52.51434337792422 
52.51434337731646 
52.51434337632587 
52.51434337669565 
52.51434330871444 
52.51434337836669 
52.5143433783795 
52.514343377509064 
52.51434337839409 
52.51434337839409 
52.51434337839753 
52.514343377783185 
52.51434336704943 
52.51434337731646 
52.51434336635847 
52.514343275578106 
52.5143433774603 
52.51434337783104 
52.51434337839753 
52.51434337839409 
52.514343378317974 
52.514343378397456 
52.51434337627087 
52.514343376469455 
52.51434335903916 
52.51434331725937 
52.51434337800231 
52.51434337839527 
52.51434322137992 
52.514343377768434 
52.51434337839527 
52.514343378270055 
52.514343378395004 
52.51434337824889 
52.51434337839563 
52.51434337838833 
52.51434337125484 
52.51434337758245 
52.51434337839753 
52.51434337809959 
52.51434337236079 
52.514339979935414 
52.514343254459334 
52.514343159901685 
52.5143433773878 
52.514343378270055 
52.514343275000535 
52.514343378317974 
52.51434336620034 
52.51434337404868 
52.51434337807763 
52.51434337744622 
52.51434336858284 
52.514343371773045 
52.51434337346393 
