37.90631999780732 
37.906403256645476 
37.90640212948127 
37.906408263605215 
37.90632168665855 
37.90640826730699 
37.90640543727721 
37.906402021569285 
37.906351813974204 
37.90640578034451 
37.90640502384233 
37.906408191109776 
37.90640341495432 
37.906408425592886 
37.906408425592886 
37.9064058127813 
37.90634109851019 
37.90640791595189 
37.906408425592886 
37.906406111477544 
37.90637746789768 
37.90640826730699 
37.90640543727721 
37.906402021569285 
37.906351813974204 
37.90640578034451 
37.906408425592886 
37.906408425592886 
37.90640788213187 
37.90640215041515 
37.906408425592886 
37.90640670303996 
37.906408425592886 
37.906408425592886 
37.906408302958276 
37.906293877314184 
37.90640281987358 
37.90268421362112 
37.90258737558954 
37.90635161204872 
37.90634959868397 
37.906408425592886 
37.906407614310275 
37.906408425592886 
37.90632678032397 
37.90640548148579 
37.906408425592886 
37.90640788213187 
37.90629904299625 
37.906378838288866 
37.906407536309736 
37.90640791595189 
37.906373002882916 
37.90268421362112 
37.90258737558954 
37.90635161204872 
37.90634959868397 
37.906278856194355 
37.90640820410239 
37.906375401538895 
37.906408425592886 
37.906406016261684 
37.90640817526102 
37.90640820410239 
37.906407536309736 
37.90639589033656 
37.90636846535689 
37.90636914133304 
37.90634964300627 
37.63926956365299 
37.906200658611795 
37.906408226447454 
37.90640841814454 
37.90637907990043 
37.906380585567106 
37.90640676184281 
37.906293588407145 
37.90640578034451 
37.906324685917646 
37.906405195076424 
37.906351709323545 
37.906408425592886 
37.90640615101548 
37.90640733594332 
37.90268421362112 
37.906408425592886 
37.906408425592886 
37.90640548148579 
37.906408425592886 
37.906282248827544 
37.90640750605149 
37.90634032380038 
37.906403256645476 
37.90640801354213 
37.90635162333929 
37.90638080178069 
37.90640714711903 
37.90636846535689 
37.90637827501376 
37.90639499974641 
