35.34505719410857 
35.34493609784445 
35.07940264288438 
35.345058352329104 
35.3448791597836 
35.34505423300271 
35.34505915622047 
35.34493799714391 
35.34505450492305 
35.345048924364484 
35.34500311692103 
35.345058069203475 
35.34498929986258 
35.34505908435652 
35.34505503891282 
35.345056310352426 
35.34505972554547 
35.345048924364484 
35.34500311692103 
35.34505640925645 
35.34505971344694 
35.34482270881905 
35.34505908435652 
35.345058057435494 
35.34504557704373 
35.34504858352064 
35.34505619647395 
35.34488690818537 
35.34494582014068 
35.34505710042747 
35.34500186156656 
35.345058057435494 
35.345055170773946 
35.345058754654985 
35.345056310352426 
35.34504708061353 
35.345055170773946 
35.345044609251026 
35.345003020492655 
35.34505968263868 
35.34505371061539 
35.34505547151909 
35.34476391423493 
35.344963593309075 
35.34487713980284 
35.34491995716931 
35.34504199293161 
35.345059128255016 
35.345058069203475 
35.345053456280816 
35.34505649021098 
35.339467918844264 
35.339688381761505 
35.33981497788077 
35.344936337157904 
35.34477543481006 
35.34505937019255 
35.34505688761202 
35.344987304002885 
35.34505744384768 
35.345057713850146 
35.34505937019255 
35.34500069956518 
35.34505972554547 
35.34505898247763 
35.34498520952906 
35.34505661615492 
35.344946504786 
35.345053458660864 
35.34500272069524 
35.345054075688225 
35.34505890373801 
35.345056310352426 
35.344993083443 
35.344996858550765 
35.34505898247763 
35.34500272069524 
35.34504916233697 
35.344961390038904 
35.345058069203475 
35.34505319163266 
35.34504409958694 
35.34503534819875 
35.34505418064168 
35.34498817480962 
35.34505288715169 
35.34505542292651 
35.344999608537236 
35.34505941065321 
35.345050022594464 
35.34505917764083 
35.33720640428402 
35.345057713850146 
35.34505818099926 
35.34505749128323 
35.34471416422152 
35.345000342809314 
35.34505749128323 
35.34505972554547 
35.34482480171043 
