37.89715899201404 
37.90087712829148 
37.906408422613545 
37.90271845619644 
37.634946103428156 
37.90632178359376 
37.90640099668228 
37.90638012068007 
37.9064081347711 
37.906349855242546 
37.63918152700938 
37.90640791595189 
37.90640842410322 
37.90640057377043 
37.906396559327476 
37.9064051078129 
37.90640449643044 
37.90640132086085 
37.90639642954026 
37.90636505970382 
37.90089232343221 
37.90639439714657 
37.90622592535632 
37.906402358297875 
37.90640565907054 
37.90640572736031 
37.90640828738394 
37.90637936257393 
37.906408259108204 
37.90640826730699 
37.9063799122733 
37.90276423312442 
37.90640820410239 
37.90633943462647 
37.90631066028625 
37.90273544193907 
37.90640830816093 
37.90640828738394 
37.90640776903447 
37.90640793102221 
37.906408425592886 
37.906404155037315 
37.906407819330475 
37.90640578034451 
37.90636670895208 
37.90640341495432 
37.906298151724634 
37.90639589033656 
37.90640800482812 
37.906408425592886 
37.906408425592886 
37.906407716335956 
37.906408226447454 
37.9064055870902 
37.90640801427017 
37.90640820410239 
37.90640730779077 
37.90640776903447 
37.90635314905634 
37.906405722504864 
37.90640621120162 
37.90637636930891 
37.90634822535835 
37.9064079728898 
37.906330567029244 
37.90640820410239 
37.906373307892004 
37.906408425592886 
37.906403017233266 
37.90640832219519 
37.9063069200366 
37.906408425592886 
37.90640341495432 
37.6369860985655 
37.90639456058628 
37.90640830446475 
37.906408422613545 
37.906408221508016 
37.90640828738394 
37.90640820410239 
37.90640820410239 
37.90640801354213 
37.906355769781555 
37.90640793102221 
37.90640479624141 
37.906395594830386 
37.906369458193424 
37.90632319578469 
37.9026540686245 
37.90640776903447 
37.90639456058628 
37.906408425592886 
37.90640452546229 
37.90640024292174 
37.90640602190676 
37.906408425592886 
37.90634964300627 
37.90640801354213 
37.90640601353435 
37.906405950850484 
