43.07072201972416 
43.07067912765246 
43.070718047054 
43.070728470128245 
43.070728470128245 
43.070728470128245 
43.070728470128245 
43.070728470128245 
43.07072815013762 
43.070728470128245 
43.07072844093989 
43.070728470128245 
43.0707214298169 
43.070728441797414 
43.070728470128245 
43.07072815013762 
43.070728470128245 
43.070728470128245 
43.06893747366066 
43.07072841757646 
43.0707214298169 
43.070728441797414 
43.07072775463054 
43.070728470128245 
43.06893747366066 
42.803630452554806 
43.070728470128245 
43.0689668531727 
43.07072775463054 
43.07072844093989 
43.070728470128245 
43.07072844093989 
43.07072841761941 
43.07068883454479 
43.0663132059536 
43.07072841753414 
43.070728470128245 
43.070728470128245 
43.070728470128245 
43.07072837633377 
43.070728470128245 
43.07072837633377 
43.07071453709789 
43.070728470128245 
43.070728470128245 
43.070728470128245 
43.070728440854616 
43.070728440854616 
43.07071456971555 
43.070728470128245 
43.070728470128245 
43.07072844093989 
43.070728470128245 
43.070728470128245 
43.070728441797414 
43.070728470128245 
43.070728441797414 
43.070728441797414 
43.06895375562178 
43.070728470128245 
43.07072195634618 
43.07072823246871 
43.0707220151648 
43.070728470128245 
43.070728441797414 
43.070728441797414 
43.07072844093989 
43.070728470128245 
43.070728470128245 
43.07072844587231 
43.07072844093989 
43.070728470128245 
43.070728470128245 
43.070728441797414 
43.07072844093989 
43.070728470128245 
43.07072832429391 
43.07072843864577 
43.07072847004297 
43.070728470128245 
43.070728441797414 
43.07072844093989 
43.07072844093989 
43.070728470128245 
43.070728470128245 
43.0707214298169 
43.070728470128245 
43.070728470128245 
43.070728470128245 
43.070728470128245 
43.0707214298169 
43.070728470128245 
43.070728441797414 
43.070728470128245 
43.070728470128245 
43.070728470128245 
43.070728470128245 
43.070728470128245 
43.070728371836275 
43.07072837140619 
