37.22876004215394 
37.22876085315654 
37.22876085315654 
37.22876085315654 
37.22876004215394 
37.22876004215394 
37.22876085315654 
37.22876085315654 
37.22876085315654 
37.22876085315654 
37.22876004215394 
37.22876004215394 
37.2287600422883 
37.22876085315654 
37.2287600422883 
37.22876085315654 
37.22876085315654 
37.22876085315654 
37.22876004215394 
37.2287600422883 
37.22876085315654 
37.22875848282513 
37.22875951109999 
37.22876085315654 
37.22876085315654 
37.22876085315654 
37.22876004215394 
37.22876031123708 
37.22876004215394 
37.22876085315654 
37.22876085315654 
37.22876085315654 
37.22876085315654 
37.22876085315654 
37.22876085315654 
37.22876004215394 
37.22876085315654 
37.22876085315654 
37.22875701718439 
37.22876085315654 
37.22876085315654 
37.22876085315654 
37.22876085315654 
37.2287600422883 
37.22876004215394 
37.22876085315654 
37.22876085315654 
37.22876085315654 
37.228760814351396 
37.2287600422883 
37.22876085315654 
37.22876085315654 
37.22876085315654 
37.22876085315654 
37.22876085315654 
37.22876085315654 
37.22876085315654 
37.228759780004076 
37.22876085315654 
37.22876085315654 
37.22876085315654 
37.22876085315654 
37.22876085315654 
37.22876085315654 
37.2287600422883 
37.22876085315654 
37.22876085315654 
37.22876085315654 
37.22876003781836 
37.22876085315654 
37.2287600422883 
37.22876085315654 
37.22876085315654 
37.22876004215394 
37.22876085315654 
37.22876085315654 
37.22876085315654 
37.22876085315654 
37.22875845657876 
37.22876085315654 
37.22876044898105 
37.22876004215394 
37.22876085315654 
37.22876085315654 
37.22876085315654 
37.22876004215394 
37.22876085315654 
37.22876085315654 
37.22876085315654 
37.22876003781836 
37.22876085315654 
37.2287600422883 
37.22876085315654 
37.22876004215394 
37.22876085315654 
37.22876085315654 
37.22876004215394 
37.22876085315654 
37.22876085315654 
37.22876085315654 
