43.070728438133855 
43.07072847005219 
43.07072847005219 
43.07072847005219 
43.070728438133855 
43.070728438133855 
43.07072847005219 
43.07072847005219 
43.07072847005219 
43.07072847005219 
43.070728438133855 
43.070728438133855 
43.0707284381362 
43.07072847005219 
43.0707284381362 
43.07072847005219 
43.07072847005219 
43.07072847005219 
43.070728438133855 
43.0707284381362 
43.07072847005219 
43.070728299026 
43.07072839132267 
43.07072847005219 
43.07072847005219 
43.07072847005219 
43.070728438133855 
43.07072842281419 
43.070728438133855 
43.07072847005219 
43.07072847005219 
43.07072847005219 
43.07072847005219 
43.07072847005219 
43.07072847005219 
43.070728438133855 
43.07072847005219 
43.07072847005219 
43.07072817009705 
43.07072847005219 
43.07072847005219 
43.07072847005219 
43.07072847005219 
43.0707284381362 
43.070728438133855 
43.07072847005219 
43.07072847005219 
43.07072847005219 
43.07072846852111 
43.0707284381362 
43.07072847005219 
43.07072847005219 
43.07072847005219 
43.07072847005219 
43.07072847005219 
43.07072847005219 
43.07072847005219 
43.070728414858344 
43.07072847005219 
43.07072847005219 
43.07072847005219 
43.07072847005219 
43.07072847005219 
43.07072847005219 
43.0707284381362 
43.07072847005219 
43.07072847005219 
43.07072847005219 
43.07072843796331 
43.07072847005219 
43.0707284381362 
43.07072847005219 
43.07072847005219 
43.070728438133855 
43.07072847005219 
43.07072847005219 
43.07072847005219 
43.07072847005219 
43.07072829799873 
43.07072847005219 
43.070728434710645 
43.070728438133855 
43.07072847005219 
43.07072847005219 
43.07072847005219 
43.070728438133855 
43.07072847005219 
43.07072847005219 
43.07072847005219 
43.07072843796331 
43.07072847005219 
43.0707284381362 
43.07072847005219 
43.070728438133855 
43.07072847005219 
43.07072847005219 
43.070728438133855 
43.07072847005219 
43.07072847005219 
43.07072847005219 
