35.26777075214805 
35.26777075214805 
35.267770726479846 
35.26764434992402 
35.267762988193056 
35.26776820924989 
35.267770187377714 
35.267759923124736 
35.267762821767334 
35.267760516601655 
35.26753376170029 
35.26765928195844 
35.26777075214805 
35.26777071368062 
35.26764434992402 
35.267762988193056 
35.26775790571292 
35.26777075214805 
35.26776996051393 
35.26759403872634 
35.267756191297785 
35.267770713645746 
35.26776151023987 
35.26767979944194 
35.26777075214805 
35.26777075214805 
35.26777075214805 
35.267770726479846 
35.26764434992402 
35.267762988193056 
35.26777036949647 
35.26776996051393 
35.267756179928334 
35.26775255118432 
35.26760237505393 
35.26777075214805 
35.26776151023987 
35.26767979944194 
35.26777075214805 
35.26777075214805 
35.26777075214805 
35.267770726479846 
35.26764434992402 
35.267762988193056 
35.26777036949647 
35.26776996051393 
35.267756179928334 
35.26775255118432 
35.26760237505393 
35.26777075214805 
35.26776151023987 
35.26767979944194 
35.26776686389821 
35.26776973612626 
35.267770726479846 
35.26776900391912 
35.26776797534097 
35.26777036949647 
35.2677611029986 
35.26776961587621 
35.26776924068764 
35.26777036949647 
35.26758895617417 
35.26767897375236 
35.26763998506849 
35.26776973612626 
35.2677704049995 
35.26767727500807 
35.26775978428521 
