37.228760137921704 
37.22875911393808 
37.22876085751898 
37.22876011596615 
37.22876085751898 
37.22876085751898 
37.22876085751898 
37.22876085751898 
37.228760137921704 
37.22876085751898 
37.228760137921704 
37.22876011596615 
37.228759852598046 
37.22876085751898 
37.22876085751898 
37.22876085751898 
37.228757892452 
37.22876085751898 
37.228760083458326 
37.22876085751898 
37.22876085751898 
37.22876085751898 
37.22876085751898 
37.22876085751898 
37.22876085751898 
37.22876085751898 
37.22876085751898 
37.22876085751898 
37.22876085751898 
37.22876085751898 
37.22875935000295 
37.22876084697566 
37.22876005332431 
37.22876011596615 
37.22876085751898 
37.22876085751898 
37.22876085751898 
37.22876085751898 
37.22876085751898 
36.96361299916804 
37.22876085751898 
37.228760137921704 
37.22876085751898 
37.22876085751898 
37.22876011596615 
37.22876085751898 
37.22876085751898 
37.22876085751898 
37.22876085751898 
37.22876085751898 
37.228760137921704 
37.22875978890812 
37.22876085751898 
37.228759328110094 
37.22876085751898 
37.22876085751898 
37.228760137921704 
37.22876011596615 
37.22876085751898 
37.22876011596615 
37.22876085751898 
37.228760137921704 
37.22876085751898 
37.22876085751898 
37.228759780443006 
37.22876085751898 
37.22876085751898 
37.22876085751898 
37.22876085751898 
37.22876085751898 
37.22876011596615 
37.22876011596615 
37.22876085751898 
37.228760137921704 
37.22876011596615 
37.228759852598046 
37.22876085751898 
37.22876011596615 
37.228760137921704 
37.228760137921704 
37.22876085751898 
37.228760137921704 
37.22876085751898 
37.22876085751898 
37.22876011596615 
37.22876085751898 
37.22876085751898 
37.228760137921704 
37.22876085751898 
37.22876085751898 
37.22876085751898 
37.228760137921704 
37.22876085751898 
37.228760137921704 
37.22876085751898 
37.22876011596615 
37.22876085751898 
37.22876085751898 
37.22876085751898 
37.22876085751898 
