35.26777060919429 
35.26749367062396 
35.267767570194046 
35.267769498799815 
35.26758895617417 
35.2677662814794 
35.26777016558066 
35.26770357577909 
35.2677649334754 
35.267752139127666 
35.2675334470387 
35.26759935324364 
35.26776906892672 
35.2677537194506 
35.267770103502635 
35.267766254590484 
35.267769139374856 
35.267658252534744 
35.267752139127666 
35.2675334470387 
35.26759935324364 
35.26776905553459 
35.26746870366888 
35.2677662814794 
35.267767485516686 
35.26775098920475 
35.267768436985826 
35.267658252534744 
35.26777035244245 
35.267427544568534 
35.26776885426912 
35.26764688623924 
35.26777035244245 
35.26777073321078 
35.26775960129323 
35.26776969329939 
35.267769139374856 
35.26776429682451 
35.26776311053618 
35.26775720133052 
35.26771185717075 
35.26777072327132 
35.26776669109074 
35.26776847538357 
35.26238029068384 
35.26735829824427 
35.26760237505393 
35.26762572854116 
35.26776668830071 
35.2676935019348 
35.267770171160706 
35.26776906892672 
35.267764677629316 
35.26776846098005 
35.2676402562832 
35.267770187377714 
35.267648364798156 
35.267534056898214 
35.26776023934121 
35.26774757067925 
35.26776939944006 
35.26776717233596 
35.267761398394136 
35.267770187377714 
35.26174685540196 
35.26752320178585 
35.26776686389821 
35.26776044974527 
35.26764654282774 
35.26777075214805 
35.267448088370806 
35.26776969329939 
35.26748602566068 
35.26764955616843 
35.267756352981195 
35.26775919073824 
35.26775989156237 
35.26758895617417 
35.2677703247166 
35.26776594590841 
35.2677700758814 
35.267762828184416 
35.26776772368047 
35.26775978428521 
35.267766460006484 
35.26765340047412 
35.26776044974527 
35.2677696060065 
35.26776856208364 
35.26775493322868 
35.26776856208364 
35.26757677819932 
35.267770333993425 
35.26760237505393 
35.26770315439631 
35.26776861471051 
35.26776787863164 
35.26776381655485 
35.26777031181274 
35.26776946727254 
