37.2287600422883 
37.2287600422883 
37.22876085315654 
37.22876004215394 
37.22876085315654 
37.22876085315654 
37.22876085315654 
37.22876085315654 
37.2287600422883 
37.22876085315654 
37.2287600422883 
37.22876004215394 
37.228759777684004 
37.22876085315654 
37.22876085315654 
37.22876085315654 
37.2287568160994 
37.22876085315654 
37.228759744119145 
37.22876085315654 
37.22876085315654 
37.22876085315654 
37.22876085315654 
37.22876085315654 
37.22876085315654 
37.22876085315654 
37.22876085315654 
37.22876085315654 
37.22876085315654 
37.22876085315654 
37.22875845657876 
37.22876085315654 
37.22876044898105 
37.22876004215394 
37.22876085315654 
37.22876085315654 
37.22876085315654 
37.22876085315654 
37.22876085315654 
37.22865058261073 
37.22876085315654 
37.2287600422883 
37.22876085315654 
37.22876085315654 
37.22876004215394 
37.22876085315654 
37.22876085315654 
37.22876085315654 
37.22876085315654 
37.22876085315654 
37.2287600422883 
37.22875978694636 
37.22876085315654 
37.22875845759099 
37.22876085315654 
37.22876085315654 
37.2287600422883 
37.22876004215394 
37.22876085315654 
37.22876004215394 
37.22876085315654 
37.2287600422883 
37.22876085315654 
37.22876085315654 
37.22876084882096 
37.22876085315654 
37.22876085315654 
37.22876085315654 
37.22876085315654 
37.22876085315654 
37.22876004215394 
37.22876004215394 
37.22876085315654 
37.2287600422883 
37.22876004215394 
37.228759777684004 
37.22876085315654 
37.22876004215394 
37.2287600422883 
37.2287600422883 
37.22876085315654 
37.2287600422883 
37.22876085315654 
37.22876085315654 
37.22876004215394 
37.22876085315654 
37.22876085315654 
37.2287600422883 
37.22876085315654 
37.22876085315654 
37.22876085315654 
37.2287600422883 
37.22876085315654 
37.2287600422883 
37.22876085315654 
37.22876004215394 
37.22876085315654 
37.22876085315654 
37.22876085315654 
37.22876085315654 
