37.96001889905077 
37.96010255140902 
37.960051447825144 
37.9601071038113 
37.95999428602897 
37.96010719122621 
37.96006486957882 
37.960061518072166 
37.96010517559943 
37.96010066994457 
37.960102794926186 
37.960107099991184 
37.96010146791039 
37.96010733047709 
37.960107329036454 
37.96010465821529 
37.959910479925725 
37.96010648649501 
37.96010712516728 
37.96005039999254 
37.95998237467736 
37.96010719122621 
37.96006486957882 
37.960061518072166 
37.96010517559943 
37.96010066994457 
37.960107320365644 
37.960107320365644 
37.96010621371246 
37.960102405952654 
37.96010733047709 
37.96010588617476 
37.960107313853094 
37.960107329036454 
37.96010722449038 
37.96009844484296 
37.96007394303077 
37.362407714611635 
37.9562582235331 
37.96007686500598 
37.9599836565887 
37.96010733047709 
37.960105132455766 
37.96010733047709 
37.960053129804464 
37.960102306499735 
37.960107320365644 
37.96010621371246 
37.959998889085696 
37.96010524831129 
37.9601065943163 
37.96010648649501 
37.96007073266655 
37.362407714611635 
37.9562582235331 
37.96007686500598 
37.9599836565887 
37.96000378693475 
37.96010714011862 
37.960076152204095 
37.96010733047709 
37.96005168435251 
37.96010705197531 
37.96010714011862 
37.9601065943163 
37.960016829502656 
37.96009439103513 
37.9600955888684 
37.960101543487525 
37.95993200216378 
37.95982378280255 
37.96010714710599 
37.96010731678294 
37.960105485644576 
37.96008001440076 
37.960105351616505 
37.95988736376274 
37.96010066994457 
37.96005199685887 
37.960103401479714 
37.960104229886326 
37.96010733047709 
37.96010377826957 
37.96007926474204 
37.362407714611635 
37.96010733047709 
37.96010733047709 
37.960102306499735 
37.96010733047709 
37.95987448110505 
37.96010673000611 
37.959987709515154 
37.96010255140902 
37.960106296503334 
37.959905421082006 
37.9601065943163 
37.96010604320984 
37.96009439103513 
37.96010338924774 
37.960067061229694 
