37.22876028633441 
37.228617519981924 
37.22863769692672 
37.22876085515412 
37.22876085515412 
37.22876085515412 
37.22876085515412 
37.22876085515412 
37.22875684836544 
37.22876085515412 
37.22876014070758 
37.22876085515412 
37.228753341717514 
37.228760094270385 
37.22876085515412 
37.22875684836544 
37.22876085515412 
37.22876085515412 
37.22463334506782 
37.22875868949955 
37.228753341717514 
37.228760094270385 
37.228752326265884 
37.22876085515412 
37.22463334506782 
37.22278553379495 
37.22876085515412 
37.22875824959973 
37.228752326265884 
37.22876014070758 
37.22876085515412 
37.22876014070758 
37.22876014070758 
37.22840438563671 
37.22278553379495 
37.22876013855771 
37.22876084541701 
37.22876055711054 
37.22876085515412 
37.22876085515412 
37.22876085515412 
37.22876085515412 
37.22871886435252 
37.22876085515412 
37.22876085515412 
37.22876085515412 
37.22876014070758 
37.22876014070758 
36.958954928539974 
37.22876085515412 
37.22876085515412 
37.22876014070758 
37.22876085515412 
37.22876085515412 
37.228760094270385 
37.22876085515412 
37.228760094270385 
37.228760094270385 
37.22872275954907 
37.22876085515412 
37.22872696313219 
37.22875732078254 
37.22876043613557 
37.22876085515412 
37.228760094270385 
37.228760094270385 
37.22876014070758 
37.22876085515412 
37.22876085515412 
37.22876004127607 
37.22876014070758 
37.22876085515412 
37.22876085515412 
37.228760094270385 
37.22876014070758 
37.22876085515412 
37.22875908282764 
37.22875975424146 
37.2287608465009 
37.22876085515412 
37.228760094270385 
37.22876014070758 
37.22876014070758 
37.22876085515412 
37.22876085515412 
37.228753341717514 
37.22876085515412 
37.22876085515412 
37.228581106479474 
37.22876085515412 
37.228753341717514 
37.22876085515412 
37.228760094270385 
37.22876085515412 
37.22876085515412 
37.22876085515412 
37.22876085515412 
37.22876085515412 
37.22875955882713 
37.228759350576254 
