35.267770752182926 
35.26771461793796 
35.26777071382012 
35.26775649161179 
35.26770981723109 
35.267768263446165 
35.26771379896462 
35.26776572497278 
35.26770313636494 
35.26776188909238 
35.267585477306405 
35.267691612115506 
35.267770752182926 
35.26777068815192 
35.26775649161179 
35.26770981723109 
35.26775421527819 
35.267770752182926 
35.26777003514706 
35.267759229868616 
35.26770309405925 
35.26777005924589 
35.267762301878626 
35.26770514509926 
35.267770752182926 
35.267770752182926 
35.26771461793796 
35.26777071382012 
35.26775649161179 
35.26770981723109 
35.267770445454836 
35.26777003514706 
35.26775158191808 
35.26775205549568 
35.26763043340224 
35.267770129903234 
35.267762301878626 
35.26770514509926 
35.267770752182926 
35.267770752182926 
35.262543561018056 
35.26777071382012 
35.26775649161179 
35.26770981723109 
35.267770445454836 
35.26777003514706 
35.26775158191808 
35.26775205549568 
35.26763043340224 
35.267770129903234 
35.267762301878626 
35.262535464993626 
35.26776865261999 
35.2677696006357 
35.26777011689475 
35.267768950664504 
35.26776890023479 
35.267770445454836 
35.26775818918167 
35.26776856602455 
35.26776924054814 
35.267770445454836 
35.26758607413378 
35.267704045675494 
35.26769469218661 
35.2677696006357 
35.26777034654853 
35.267592722650605 
35.26776360594202 
