35.34505594213982 
35.345048492318206 
35.34505723103228 
35.345059725512414 
35.34505101487823 
35.34505739677574 
35.34504840075214 
35.34505577467726 
35.345058072773526 
35.345058093764166 
35.34493616125145 
35.34505594213982 
35.34504975064023 
35.345059725512414 
35.344937036684236 
35.345058710954824 
35.345059725512414 
35.34505101487823 
35.34505739677574 
35.34504840075214 
35.34505577467726 
35.345058072773526 
35.345058093764166 
35.34493616125145 
35.34505594213982 
35.34505850918035 
35.3450505054478 
35.34505958737104 
35.345043875860945 
35.34505644710575 
35.34505101487823 
35.34505739677574 
35.34504840075214 
35.34505577467726 
35.345058072773526 
35.345058093764166 
35.34493616125145 
35.34505594213982 
35.34505850918035 
35.3450505054478 
35.34505958737104 
35.345043875860945 
35.34505644710575 
35.34505101487823 
35.34505739677574 
35.34505251629371 
35.34505787519709 
35.34505970091869 
35.34505750103479 
35.3450580442461 
35.345057040331405 
35.345059358854314 
35.34505040951844 
35.34505863062848 
35.34505827114329 
35.345059358854314 
35.34488194884012 
35.344969996684405 
35.344931957573216 
35.34505875197745 
35.34505939286903 
35.34496834136337 
35.345049127561715 
