36.41467514952497 
36.41480216612039 
36.41480001739178 
36.41481151540851 
36.41467836788735 
36.41481152384941 
36.4148062098834 
36.4147998135487 
36.41472522129817 
36.414806908055354 
36.41480539336479 
36.41481143477901 
36.41480227270319 
36.41481188509155 
36.41481188509155 
36.414806897299464 
36.41470513300751 
36.41481072166444 
36.41481188509155 
36.414807366762986 
36.41476343353779 
36.41481152384941 
36.4148062098834 
36.4147998135487 
36.41472522129817 
36.414806908055354 
36.41481188509155 
36.41481188509155 
36.41481081435691 
36.41480002271463 
36.41481188509155 
36.41480846252372 
36.41481188509155 
36.41481188509155 
36.41481160520331 
36.41463608409225 
36.41480116901647 
36.410189896714876 
36.41004712348691 
36.414724845214614 
36.414720971012834 
36.41481188509155 
36.41481020297388 
36.41481188509155 
36.41468791533222 
36.414806183411 
36.41481188509155 
36.41481081435691 
36.414640906345916 
36.414766179612236 
36.41481002497465 
36.41481072166444 
36.41475510898099 
36.410189896714876 
36.41004712348691 
36.414724845214614 
36.414720971012834 
36.41461271206612 
36.414811379582446 
36.41475960796082 
36.41481188509155 
36.41480723444833 
36.414811313834754 
36.414811379582446 
36.41481002497465 
36.41478840710898 
36.4147466187003 
36.414747991998276 
36.414721072026516 
36.146682289799784 
36.41449525375108 
36.4148114306058 
36.414811868083774 
36.41476660390673 
36.41476936186518 
36.41480855425572 
36.41463550947412 
36.414806908055354 
36.41468406837213 
36.41480574180533 
36.41472485496318 
36.41481188509155 
36.41480745707773 
36.41480965248799 
36.410189896714876 
36.41481188509155 
36.41481188509155 
36.414806183411 
36.41481188509155 
36.414619098646384 
36.414810125714375 
36.414703619076285 
36.41480216612039 
36.41481094451377 
36.4147247434925 
36.41476964308449 
36.41480943371719 
36.4147466187003 
36.41476497874568 
36.41478662874231 
