37.90633452786254 
37.90640335507608 
37.90637955850873 
37.90640820477442 
37.906129950514774 
37.90640830074618 
37.90636632107766 
37.90640308505273 
37.90637996988997 
37.906403998055815 
37.906404394510936 
37.90640799236193 
37.906403689009814 
37.90640842411442 
37.90640842411442 
37.90640628940944 
37.906313840989554 
37.906407633709605 
37.906408020419256 
37.906405692868205 
37.90640379894897 
37.90640830074618 
37.90636632107766 
37.90640308505273 
37.90637996988997 
37.906403998055815 
37.90640841964541 
37.90640841964541 
37.90640808403829 
37.906405153522364 
37.90640842411442 
37.90640729156119 
37.906408421135076 
37.90640842411442 
37.90640831474684 
37.90639905337343 
37.906376740530675 
37.31946221762353 
37.902490721035235 
37.906377673252585 
37.90634787507511 
37.90640842411442 
37.906407008954766 
37.90640842411442 
37.90629943805764 
37.90640235182954 
37.90640841964541 
37.90640808403829 
37.906300699656875 
37.90640437536358 
37.90640770159605 
37.906407633709605 
37.906399577488735 
37.31946221762353 
37.902490721035235 
37.906377673252585 
37.90634787507511 
37.906369163141065 
37.90640819212903 
37.90278959039671 
37.90640842411442 
37.90637968839827 
37.90640814713089 
37.90640819212903 
37.90640770159605 
37.90634298852417 
37.90639502868325 
37.9063423880756 
37.9064033003165 
37.90073865877632 
37.89528503992871 
37.90640823458464 
37.90640842411442 
37.90640624426003 
37.90640723653854 
37.90640701720957 
37.90625404884125 
37.906403998055815 
37.906379197816406 
37.906405704483184 
37.90635209824918 
37.90640842411442 
37.906405807567445 
37.9064075019465 
37.31946221762353 
37.90640842411442 
37.90640842411442 
37.90640235182954 
37.90640842411442 
37.90629572195713 
37.906407410690115 
37.90632776120955 
37.90640335507608 
37.90638085227365 
37.90621766845046 
37.90640770159605 
37.90640662202083 
37.90639502868325 
37.906351025459344 
37.90639482903193 
