43.278449667252715 
43.27844360176504 
43.27844966679727 
43.27844916796687 
43.278443458683846 
43.278449609017265 
43.278443592046784 
43.27844951432234 
43.27844322877632 
43.27844937551882 
43.27843090466528 
43.278442826562944 
43.278449667252715 
43.27844966649329 
43.27844916796687 
43.278443458683846 
43.27844910508567 
43.278449667252715 
43.27844965874749 
43.278449279384525 
43.27844321389088 
43.27844964468187 
43.2784493875981 
43.27844330283662 
43.278449667252715 
43.278449667252715 
43.27844360176504 
43.27844966679727 
43.27844916796687 
43.278443458683846 
43.27844966360984 
43.27844965874749 
43.27844900925616 
43.27844902923851 
43.27843450373297 
43.27844964551811 
43.2784493875981 
43.27844330283662 
43.278449667252715 
43.278449667252715 
43.276738284691504 
43.27844966679727 
43.27844916796687 
43.278443458683846 
43.27844966360984 
43.27844965874749 
43.27844900925616 
43.27844902923851 
43.27843450373297 
43.27844964551811 
43.2784493875981 
43.27673803078422 
43.27844964237138 
43.278449653586826 
43.278449645365434 
43.278449631514825 
43.27844960939063 
43.27844966360984 
43.27844928861389 
43.27844959825496 
43.2784496349646 
43.27844966360984 
43.27843092609672 
43.278443268262066 
43.278442956378655 
43.278449653586826 
43.27844966243404 
43.27843114846681 
43.278449467692454 
