36.414697484558054 
36.41480234763241 
36.41476735605197 
36.414811380291106 
36.41438711521148 
36.41481159937657 
36.41474746159967 
36.414801773363955 
36.41476825262559 
36.414803560420616 
36.41480421068835 
36.41481106526908 
36.414802770121 
36.414811880934096 
36.414811880934096 
36.414807772226524 
36.41466376838558 
36.41481020398175 
36.414811129205766 
36.414806580181974 
36.414803063522776 
36.41481159937657 
36.41474746159967 
36.414801773363955 
36.41476825262559 
36.414803560420616 
36.41481187072943 
36.41481187072943 
36.41481118959916 
36.414805603695264 
36.414811880934096 
36.414809550519884 
36.41481187413098 
36.414811880934096 
36.41481163126616 
36.41479435317639 
36.414761984630275 
35.82735136249817 
36.4098999911703 
36.414763986592575 
36.414717757281196 
36.414811880934096 
36.41480907512009 
36.414811880934096 
36.41464640007426 
36.41480035444777 
36.41481187072943 
36.41481118959916 
36.414643965680455 
36.414804336767055 
36.41481031653244 
36.41481020398175 
36.41479516754376 
35.82735136249817 
36.4098999911703 
36.414763986592575 
36.414717757281196 
36.41474799859696 
36.41481135142511 
36.41035324555552 
36.414811880934096 
36.414767610278865 
36.414811248905956 
36.41481135142511 
36.41481031653244 
36.41470868239576 
36.414786651451244 
36.41470756636891 
36.41480217986844 
36.40775531314129 
36.40103331104745 
36.41481144836949 
36.414811880934096 
36.41480779644694 
36.4148095946142 
36.41480900896284 
36.41457596438184 
36.414803560420616 
36.414766787454774 
36.414806691583344 
36.414725572246404 
36.414811880934096 
36.41480679956738 
36.4148099456679 
35.82735136249817 
36.414811880934096 
36.414811880934096 
36.41480035444777 
36.414811880934096 
36.4146394877755 
36.41480994968362 
36.4146848818568 
36.41480234763241 
36.4147697575124 
36.4145222735775 
36.41481031653244 
36.414808446508026 
36.414786651451244 
36.414723632722456 
36.414786280580614 
