37.960020274447274 
37.96010228013651 
37.96010117876181 
37.9601071758594 
37.96002192467529 
37.960107179452905 
37.960104412799176 
37.960101073287234 
37.960051580147734 
37.96010474726523 
37.96010400930636 
37.96010710404332 
37.9601024381432 
37.96010733310477 
37.96010733310477 
37.960104780194925 
37.96004110409783 
37.96010683838853 
37.96010733310477 
37.960105073756424 
37.9600768665114 
37.960107179452905 
37.960104412799176 
37.960101073287234 
37.960051580147734 
37.96010474726523 
37.96010733310477 
37.96010733310477 
37.96010680266933 
37.960101199804924 
37.96010733310477 
37.96010565232713 
37.96010733310477 
37.96010733310477 
37.96010721406059 
37.959994531571745 
37.960101856155745 
37.95641181657205 
37.956316332543125 
37.96005138269176 
37.960049416008445 
37.96010733310477 
37.96010654269071 
37.96010733310477 
37.96002690456169 
37.9601044578799 
37.96010733310477 
37.96010680266933 
37.95999968330899 
37.96007820327298 
37.96010646697354 
37.96010683838853 
37.96007250047562 
37.95641181657205 
37.956316332543125 
37.96005138269176 
37.960049416008445 
37.95997974584954 
37.96010711809898 
37.96007484550044 
37.96010733310477 
37.96010497988279 
37.96010709010096 
37.96010711809898 
37.96010646697354 
37.960095077550974 
37.96006806405467 
37.96006872312386 
37.96004945903506 
37.69300013481307 
37.959902687142936 
37.96010713978949 
37.9601073258746 
37.96007843997402 
37.96007991310094 
37.96010571013077 
37.95999424968104 
37.96010474726523 
37.96002485559983 
37.96010417624808 
37.960051480729085 
37.96010733310477 
37.96010511213572 
37.96010627103046 
37.95641181657205 
37.96010733310477 
37.96010733310477 
37.9601044578799 
37.96010733310477 
37.959983062233995 
37.96010643471295 
37.960040347744176 
37.96010228013651 
37.960106933119945 
37.96005139581988 
37.96008012659458 
37.96010608412507 
37.96006806405467 
37.960077655047805 
37.960094208709144 
