37.950928601814226 
37.95461818060566 
37.9601073302127 
37.95644549974861 
37.6887088535748 
37.96002201877017 
37.96010007119204 
37.96007945894057 
37.96010705079905 
37.96004966722368 
37.692913336502954 
37.96010683838853 
37.96010733165873 
37.960099657775366 
37.96009573128228 
37.960104089372564 
37.960103493006336 
37.96010038587856 
37.96009560529828 
37.960064634526674 
37.954633137777485 
37.96009361942338 
37.95992759188765 
37.96010140304364 
37.96010463026579 
37.9601046951108 
37.960107198941984 
37.960078719425574 
37.96010717149432 
37.960107179452905 
37.96007925519156 
37.95649055826492 
37.96010711809898 
37.96003937544614 
37.96001114104809 
37.9564622065371 
37.96010721911092 
37.960107198941984 
37.96010669288404 
37.960106853016136 
37.96010733310477 
37.96010316016408 
37.96010674026324 
37.96010474726523 
37.960066245589786 
37.9601024381432 
37.95999871330385 
37.960095077550974 
37.9601069217729 
37.96010733310477 
37.96010733310477 
37.960106643173916 
37.96010713978949 
37.96010455750533 
37.96010693382678 
37.96010711809898 
37.96010624081481 
37.96010669288404 
37.96005288841028 
37.96010469256405 
37.96010516911385 
37.960075792150086 
37.960048072793704 
37.96010689365617 
37.960030706871216 
37.96010711809898 
37.96007279799879 
37.96010733310477 
37.96010204557067 
37.96010723273493 
37.96000738599931 
37.96010733310477 
37.9601024381432 
37.69073451970498 
37.96009377663247 
37.9601044578799 
37.96010733310477 
37.96007151749941 
37.96010715414731 
37.96002690456169 
37.96010715938109 
37.96010721261455 
37.96010683838853 
37.96010683838853 
37.96010693382678 
37.9600492564797 
37.96010683838853 
37.959937697503065 
37.96010683838853 
37.960077260434325 
37.96010588279169 
37.96010704232789 
37.96007795814373 
37.96010713978949 
37.96010576256034 
37.960107083297046 
37.96010705079905 
37.96010683838853 
37.96007739046674 
37.960101199804924 
