52.62445983642503 
52.624459718288676 
52.62445977667894 
52.62445983617151 
52.624459826162706 
52.6244598336995 
52.62445983653722 
52.62445983543552 
52.62445983661619 
52.62445982457827 
52.62445983565131 
52.62445982855353 
52.62445981408671 
52.62445974859927 
52.62445983661362 
52.62445982457827 
52.62445983313518 
52.62445983661619 
52.62445970309036 
52.6244598361951 
52.62445983661333 
52.62445983565551 
52.62445971853818 
52.62445983661333 
52.624459833882675 
52.624459740136864 
52.6244566371625 
52.62445981407703 
52.62445983661619 
52.62445983661619 
52.624459835443645 
52.62445983566934 
52.62445983566934 
52.624459836514504 
52.62445983646123 
52.62445969337135 
52.624459619843094 
52.62445983661153 
52.624459748619266 
52.62445982455201 
52.62445983566934 
52.62445983660966 
52.624459775446375 
52.62445983661619 
52.62445983661619 
52.624459836135166 
52.62445983550518 
52.62445983487258 
52.62445983450854 
52.6244598254942 
52.62445983658046 
52.624459836597055 
52.62445983575255 
52.62445983661333 
52.62445983661333 
52.62445983661619 
52.624459836572264 
52.62445982429612 
52.62445983550518 
52.62445982800493 
52.62445976983861 
52.62445983566934 
52.624459836131535 
52.624459836615976 
52.62445983661333 
52.6244598365014 
52.62445983661603 
52.624459834580186 
52.624459778696156 
52.62445982068181 
52.624459610372874 
52.62445983624044 
52.624459836613795 
52.62445963327012 
52.624459835959584 
52.624459836614726 
52.62445983647894 
52.62445983661362 
52.624459835176545 
52.624459836614264 
52.624459836581245 
52.62445977475848 
52.62445977874352 
52.62445983661619 
52.62445983555767 
52.62445982997392 
52.62445976974446 
52.62445966385626 
52.62445963863558 
52.624459835611255 
52.62445983647894 
52.62445971430029 
52.6244598365014 
52.62445982375925 
52.62445983313518 
52.62445983625069 
52.62445975137396 
52.624459831045066 
52.62445983075499 
52.62445983308455 
