52.3828310953989 
52.382831022802584 
52.38283109497764 
52.38283109382905 
52.38283108945076 
52.382830993731204 
52.382831095596714 
52.382831094470674 
52.382831095596714 
52.38283108568442 
52.38283109368189 
52.38283108792267 
52.382831067882215 
52.38283102614675 
52.38283109559349 
52.38283108568442 
52.3828310926885 
52.382831095596714 
52.382830936648254 
52.3828310950426 
52.38283109559301 
52.38283109459623 
52.382830990300754 
52.38283109559301 
52.382831093523684 
52.3828309873527 
52.382827413025126 
52.38283106756129 
52.382831095596714 
52.382831095596714 
52.38283109449776 
52.38283109461505 
52.38283109461505 
52.38283109551399 
52.38283109541644 
52.3828273470185 
52.38283083822279 
52.38283109559159 
52.382831026178316 
52.38283108564745 
52.38283109461505 
52.38283109558949 
52.3828310843717 
52.382831095596714 
52.382831095596714 
52.38283109516828 
52.382831094555854 
52.38283109386708 
52.38283109313604 
52.382831088682856 
52.382831095591015 
52.382831095596714 
52.382831095585416 
52.38283109559301 
52.38283109559301 
52.382831095596714 
52.382831095522086 
52.38283108473845 
52.382831094555854 
52.382831081460694 
52.38283101920315 
52.38283109461505 
52.382831094959606 
52.382831095596664 
52.38283109559301 
52.38283109358373 
52.382831095596714 
52.38283109473805 
52.38283109333276 
52.382831077175545 
52.38283102871543 
52.38283109513566 
52.38283109559409 
52.38283092465638 
52.38283109488226 
52.38283109559459 
52.382831095452055 
52.38283109559349 
52.38283109359375 
52.382831095594774 
52.382831095544454 
52.38283108965669 
52.38283102733101 
52.382831095596714 
52.382831095278874 
52.38283109054494 
52.382831020012766 
52.382830892539225 
52.3828308934382 
52.38283109457864 
52.382831095452055 
52.38283108630357 
52.38283109542496 
52.38283108532456 
52.3828310926885 
52.382831095170204 
52.38283102804645 
52.38283108845838 
52.382827478802646 
52.382831091416485 
