52.38283088209993 
52.38283092284669 
52.382831095596664 
52.38282738234304 
52.382827262622676 
52.382831093252264 
52.38283109429056 
52.382831094557034 
52.382831094797886 
52.382831093311935 
52.38282744636222 
52.382831095587605 
52.382831095585466 
52.38283109538042 
52.38283109526677 
52.38283108794591 
52.38283109481873 
52.38283109539717 
52.38283109447102 
52.38283102618683 
52.38283098195494 
52.382831094400466 
52.38283108538761 
52.38283109543081 
52.38283109476534 
52.382831095522086 
52.38283109559409 
52.38283109479791 
52.38283109513823 
52.38283109520012 
52.38283109448751 
52.38283102809725 
52.38283109559301 
52.38283109400538 
52.38283096906643 
52.38283095867088 
52.38283109519443 
52.38283109559409 
52.38283109336336 
52.38283109456723 
52.382831095596714 
52.382831088772875 
52.38283109343649 
52.382831088682856 
52.38283109409853 
52.38283109449776 
52.38283109057661 
52.382831095248456 
52.38283109558515 
52.382831095596714 
52.382831095596714 
52.38283109558194 
52.3828310950426 
52.38283109551699 
52.38283109558949 
52.38283109559301 
52.382831095566516 
52.38283109336336 
52.382830993711515 
52.38283108945076 
52.38283109553746 
52.38283108760965 
52.38283108988135 
52.38283109505716 
52.38283102273061 
52.38283109559301 
52.38283109466892 
52.382831095596714 
52.38283109544667 
52.38283109559498 
52.38283109079514 
52.382831095596714 
52.38283109449776 
52.38282728240279 
52.382831067882215 
52.38283109552185 
52.382831095596664 
52.38283109556856 
52.38283109559409 
52.38283109559301 
52.38283109559301 
52.38283109461505 
52.382831094321105 
52.38283109456723 
52.38283109508258 
52.382831094434344 
52.38283109234197 
52.38283109354885 
52.38283102464092 
52.38283109336336 
52.382831067882215 
52.382831095596714 
52.382831085681076 
52.3828310896232 
52.38283109553329 
52.382831095596714 
52.38283109422694 
52.38283109461505 
52.38283109474099 
52.38283109501221 
