37.96010310560853 
37.96004614024019 
37.960080746247726 
37.96004896459575 
37.96010469256405 
37.96004035959357 
37.96010733310477 
37.96010112915401 
37.96010733310477 
37.96010374386144 
37.96010517127751 
37.9601032710018 
37.96009377663247 
37.96006194804875 
37.96010715938109 
37.96010374386144 
37.95998345052202 
37.96010733310477 
37.9600161891824 
37.96010713978949 
37.96010711809898 
37.96010565232713 
37.960007299134155 
37.96010711809898 
37.96010655414568 
37.95998383867503 
37.95268255799781 
37.96006638514679 
37.96010733310477 
37.96010733310477 
37.9601024381432 
37.960106933119945 
37.960106933119945 
37.96010431019532 
37.960105266667306 
37.95262559112727 
37.959937117958425 
37.96010704232789 
37.96006434167459 
37.960101445906844 
37.960106933119945 
37.96010693382678 
37.95995039080902 
37.96010733310477 
37.96010733310477 
37.960105975359504 
37.960106094749115 
37.960101470478726 
37.96010566455368 
37.96010474726523 
37.960107134998154 
37.96010733310477 
37.960107328766675 
37.96010711809898 
37.96010711809898 
37.96010733310477 
37.9601046951108 
37.959996482044566 
37.960106094749115 
37.96007447597653 
37.95994192085943 
37.960106933119945 
37.96010180447604 
37.9601073302127 
37.96010711809898 
37.9600224378047 
37.96010733310477 
37.9601039212276 
37.96005352473211 
37.95934581991373 
37.95651712699489 
37.96009880517729 
37.960107198941984 
37.959846978391816 
37.960107083297046 
37.96010721683935 
37.96010216286169 
37.96010715938109 
37.96007871795254 
37.96010721492389 
37.960105474513334 
37.95986562414943 
37.9564625567999 
37.96010733310477 
37.96010654291193 
37.960105684312566 
37.9599490207799 
37.959852349083455 
37.959933336016086 
37.9601044578799 
37.96010216286169 
37.96007003686376 
37.960101199804924 
37.960072874608024 
37.95998345052202 
37.96010581316617 
37.96007747483485 
37.95997106583261 
37.6950701996204 
37.95994510142077 
