37.960074679510384 
37.95635308256747 
37.69527938746113 
37.96010141106701 
37.9601025448371 
37.960106058020905 
37.96007899931415 
37.9601010877962 
37.96010733168032 
37.96010313871093 
37.96010476508708 
37.96010209769822 
37.9600938694061 
37.960074608955296 
37.960107180327 
37.96010313871093 
37.95990378176717 
37.96010733168032 
37.956480199193415 
37.96010714769951 
37.96010710648754 
37.96010622795698 
37.959968893289414 
37.96010710648754 
37.96010656499634 
37.96007568132645 
37.69288856743976 
37.96006659067283 
37.96010733168032 
37.96010713501973 
37.960102706350945 
37.960106923154186 
37.960106923154186 
37.96010456171395 
37.95651719216362 
37.95269222525119 
37.95992462886778 
37.96010704886202 
37.96010324106666 
37.96010192234981 
37.960106923154186 
37.96010690704817 
37.96009974039936 
37.96010733168032 
37.96010733168032 
37.96010633102472 
37.960106445283024 
37.960103241816654 
37.96010587625215 
37.96007685023778 
37.96010732445015 
37.96010732518396 
37.96010712208097 
37.96010710648754 
37.96010710648754 
37.96010733168032 
37.960078846376895 
37.960100002122005 
37.960106445283024 
37.96002276732008 
37.96001910717365 
37.960106923154186 
37.96010062874321 
37.96010733168032 
37.96010710648754 
37.960104136643935 
37.96010732734222 
37.96003486045588 
37.96006675719261 
37.95941112266699 
37.95651384256897 
37.96010124598647 
37.9601071987909 
37.959873013488654 
37.96010708981499 
37.960107204569645 
37.960102323987094 
37.960107180327 
37.96010596667251 
37.96010721778898 
37.96010694430513 
37.959784788742404 
37.960076703127726 
37.96010733168032 
37.9601063374995 
37.960103819794575 
37.9509742719982 
37.95997235452617 
37.95999750332456 
37.96010139749689 
37.960102323987094 
37.9599644880204 
37.960104136643935 
37.96001924265045 
37.95990378176717 
37.96010595114922 
37.96010582114634 
37.95991820175292 
37.95999793753454 
37.95989269942677 
