36.41467248722191 
36.414802670026425 
36.41472482034711 
36.414811344433026 
36.41463550541065 
36.4148115500225 
36.41474555884679 
36.41473913405294 
36.41480773729748 
36.41479912849147 
36.41480306590073 
36.4148114237712 
36.414800386762806 
36.4148118774223 
36.414811874036495 
36.41480665306373 
36.4145052260074 
36.41481002503764 
36.41481148292049 
36.41472279758913 
36.41461770075011 
36.4148115500225 
36.41474555884679 
36.41473913405294 
36.41480773729748 
36.41479912849147 
36.41481185364291 
36.41481185364291 
36.41480969278704 
36.414802283569344 
36.4148118774223 
36.41480887849086 
36.414811838320155 
36.414811874036495 
36.41481162827405 
36.41479486733718 
36.414757749052136 
35.813986864700915 
36.409955990823306 
36.414763605211895 
36.414620141378 
36.4148118774223 
36.41480750328234 
36.4148118774223 
36.414728069135734 
36.41480204980528 
36.41481185364291 
36.41480969278704 
36.414639346168805 
36.41480790816316 
36.4148102345013 
36.41481002503764 
36.41475170057821 
35.813986864700915 
36.409955990823306 
36.414763605211895 
36.414620141378 
36.4146487008748 
36.41481142992864 
36.41476206116793 
36.4148118774223 
36.41472528835694 
36.41481122262262 
36.41481142992864 
36.4148102345013 
36.41466868008268 
36.414786923407235 
36.414789343024246 
36.4148006970155 
36.41453644038354 
36.41437429255291 
36.414811446227766 
36.4148118452335 
36.4148083338942 
36.41476955434222 
36.41480784199011 
36.414471057379906 
36.41479912849147 
36.4147259789456 
36.41480427158597 
36.414805734167544 
36.4148118774223 
36.41480489265655 
36.414767967831125 
35.813986864700915 
36.4148118774223 
36.4148118774223 
36.41480204980528 
36.4148118774223 
36.4144514104618 
36.41481068621579 
36.414622864903436 
36.414802670026425 
36.41480971086571 
36.41450048985383 
36.4148102345013 
36.41480933600103 
36.414786923407235 
36.414804198625355 
36.41474465605409 
