37.228760094270385 
37.22875958281611 
37.22876085515412 
37.22876014070758 
37.22876085515412 
37.22876085515412 
37.22876085515412 
37.22876085515412 
37.228760094270385 
37.22876085515412 
37.228760094270385 
37.22876014070758 
37.22876014070758 
37.22876085515412 
37.22876085515412 
37.22876085515412 
37.22875733292934 
37.22876085515412 
37.22876009737873 
37.22876085515412 
37.22876085515412 
37.22876085515412 
37.22876085515412 
37.22876085515412 
37.22876085515412 
37.22876085515412 
37.22876085515412 
37.22876085515412 
37.22876085515412 
37.22876085515412 
37.22875956533049 
37.228760850961876 
37.22876085298633 
37.22876014070758 
37.22876085515412 
37.22876085515412 
37.22876085515412 
37.22876085515412 
37.22876085515412 
37.224561806373984 
37.22876085515412 
37.228760094270385 
37.22876085515412 
37.22876085515412 
37.22876014070758 
37.22876085515412 
37.22876085515412 
37.22876085515412 
37.22876085515412 
37.22876085515412 
37.228760094270385 
37.22876032192372 
37.22876085515412 
37.228759350576254 
37.22876085515412 
37.22876085515412 
37.228760094270385 
37.22876014070758 
37.22876085515412 
37.22876014070758 
37.22876085515412 
37.228760094270385 
37.22876085515412 
37.22876085515412 
37.228760850961876 
37.22876085515412 
37.22876085515412 
37.22876085515412 
37.22876085515412 
37.22876085515412 
37.22876014070758 
37.22876014070758 
37.22876085515412 
37.228760094270385 
37.22876014070758 
37.22876014070758 
37.22876085515412 
37.22876014070758 
37.228760094270385 
37.228760094270385 
37.22876085515412 
37.228760094270385 
37.22876085515412 
37.22876085515412 
37.22876014070758 
37.22876085515412 
37.22876085515412 
37.228760094270385 
37.22876085515412 
37.22876085515412 
37.22876085515412 
37.228760094270385 
37.22876085515412 
37.228760094270385 
37.22876085515412 
37.22876014070758 
37.22876085515412 
37.22876085515412 
37.22876085515412 
37.22876085515412 
