37.90631859056421 
37.906403533848355 
37.90635167615187 
37.906408189362494 
37.90629362434691 
37.90640827941476 
37.90636530182733 
37.90636187375941 
37.906406218605184 
37.90640161050236 
37.9064037817337 
37.90640818691517 
37.90640242212436 
37.90640842286556 
37.90640842138149 
37.90640568784476 
37.90620852714366 
37.90640755565307 
37.90640821285001 
37.906350604145786 
37.90628154422442 
37.90640827941476 
37.90636530182733 
37.90636187375941 
37.906406218605184 
37.90640161050236 
37.90640841244907 
37.90640841244907 
37.906407279851024 
37.906403383256716 
37.90640842286556 
37.90640694168992 
37.906408405739946 
37.90640842138149 
37.90640831368279 
37.906399334642934 
37.906374476286445 
37.30861157261782 
37.90252835490732 
37.90637746930337 
37.90628285513713 
37.90640842286556 
37.9064061719269 
37.90640842286556 
37.90635339696714 
37.9064032808051 
37.90640841244907 
37.906407279851024 
37.90629822999992 
37.90640629350884 
37.90640766598395 
37.90640755565307 
37.906371194366216 
37.30861157261782 
37.90252835490732 
37.90637746930337 
37.90628285513713 
37.9063032391556 
37.906408226766665 
37.906376737226445 
37.90640842286556 
37.906351918328035 
37.90640813596396 
37.906408226766665 
37.90640766598395 
37.906316476437404 
37.90639518531851 
37.906396412593715 
37.90640250221408 
37.9062303346263 
37.90612057383101 
37.906408233963006 
37.906408408758494 
37.90640653577103 
37.9063806891572 
37.90640639472257 
37.90618509103282 
37.90640161050236 
37.90635223951577 
37.906404402866556 
37.906405248083054 
37.90640842286556 
37.906404786558525 
37.906379919856214 
37.30861157261782 
37.90640842286556 
37.90640842286556 
37.9064032808051 
37.90640842286556 
37.90617201774673 
37.906407808001134 
37.90628689703767 
37.906403533848355 
37.90640736216378 
37.906203454927244 
37.90640766598395 
37.906407104949 
37.90639518531851 
37.906404389521086 
37.90636743895074 
