48.09408065077676 
48.242270421473584 
48.25578468736957 
48.094022359655874 
48.29216997015274 
48.23790226768146 
48.277777745139 
48.27219196371378 
48.29963888759271 
48.242305315196226 
48.2651888415283 
48.044797741652594 
48.30151410617036 
48.04834477604275 
48.102790117986636 
48.299573476198006 
48.04115191827192 
48.25226875471705 
48.09242024363389 
48.266577165342206 
48.27478912625947 
48.29943807868806 
48.25226990847283 
48.071137122148855 
48.23903904523789 
48.253062561286406 
48.06281799474837 
48.238647126210296 
48.006888015458024 
48.08009796147159 
48.26326443469275 
48.07669229281445 
48.06528731358201 
48.251346845364736 
48.03583137796087 
48.053156095527555 
48.251837580837666 
48.096269036299354 
48.094841191266916 
48.29601375401375 
48.05096153636155 
48.26661735599538 
48.27269373375107 
48.07104630784072 
48.25860418706825 
48.28678684109234 
48.242305315196226 
48.0350398539339 
48.279767663812926 
48.30525340049535 
48.04639747101758 
48.08482352287405 
48.26098915065229 
48.20156379047045 
48.22920799409192 
48.287364277684034 
48.29222675856131 
48.29493163448303 
48.257006513598704 
48.08050222980173 
48.29574797661812 
47.54618811643999 
48.303685445053915 
48.2993433544878 
48.28190074427159 
48.26020752707281 
48.03779838831003 
48.28549925348902 
48.26086444645181 
48.25824812680728 
48.27074585233179 
48.3049716761703 
48.300345143662035 
48.30205450550487 
48.08838181939347 
48.093759927082935 
48.2338324751928 
48.25785325651544 
48.04618650711468 
48.07609792654835 
48.28846102476782 
47.837120985676364 
48.29753190265571 
47.56257762414091 
48.262668211773374 
48.048218300599316 
48.21739837076263 
48.291850362870505 
48.23414379772865 
48.073500981651314 
48.07201856834857 
48.07257670885275 
48.07342362512328 
48.285526124863644 
48.27452985983183 
48.29858811421134 
47.88511055344865 
48.29050069255624 
48.29780648862302 
48.04915262678611 
