58.23891554683451 
58.642255227871736 
59.22491055605464 
58.65072825498756 
58.64127396996172 
58.23627024011145 
59.465887232415604 
58.2449469194298 
58.63623672906661 
58.63696797643409 
56.5726541039335 
57.6496567928491 
59.21096352760792 
58.974474618226004 
58.197191960488105 
58.2361464417102 
58.224670274948586 
58.21984443126078 
58.65523105919706 
58.97949657709229 
59.454115444396365 
59.230022142821205 
57.61868296222218 
58.21979595351104 
58.9421067823836 
58.61227728640481 
58.99356373227895 
59.456130021969976 
58.963315512056845 
58.2391497498189 
58.257880618348544 
58.227063109449716 
59.44970116131057 
58.64151429116875 
58.980456498489445 
58.637234769105035 
59.4489582826584 
58.9944038960946 
58.94578404054745 
58.226992814433856 
58.62308612660052 
57.60827181870098 
59.46724490041553 
56.588190193864264 
58.224667915560076 
58.99004436701395 
57.63910753161956 
59.44873850192642 
59.227282394631004 
58.18260499274147 
58.20720903946223 
57.61780634676626 
58.9320570257737 
58.97768766219553 
59.4552203293527 
58.64666813587722 
58.95694497609315 
59.236190743043416 
59.230744777551216 
59.249499832964354 
57.62405176978349 
59.21101901102194 
57.6293510936395 
58.96920505885183 
58.25445769003145 
58.60408768169927 
59.231580546249816 
56.65370035305273 
58.950019300557706 
58.23474190669155 
58.6364415903945 
59.22368995854772 
59.25352319712787 
58.97590140649994 
59.45684248633304 
58.647383367430336 
58.228661996745444 
58.24315286864506 
58.24304204050986 
58.6568699722076 
58.970722247920975 
58.623217272887246 
57.624687868722084 
59.45879420341448 
58.20968837982784 
57.62624974988401 
59.226791074473574 
58.646045110182676 
59.22645658818183 
58.22852020535351 
57.61591676727622 
57.586626633427144 
58.215973325261906 
59.253172530096506 
59.66186391991284 
59.66120684547114 
58.96960909346303 
58.959860336266054 
58.20816667894734 
59.64368376427009 
