46.79272062019105 
47.17590074025442 
47.75053478252742 
47.205241251709815 
47.16642408983851 
46.79148329555653 
48.03631040072205 
46.816261088765586 
47.15194353525018 
47.15901875521365 
44.95543784420288 
46.195340578939366 
47.708187928287806 
47.52797274805081 
46.656245161696845 
46.78964472336581 
46.74690659377536 
46.73582276303353 
47.215366845350054 
47.54778613626314 
47.997277033012786 
47.76512867920933 
46.10355686867478 
46.736352716149156 
47.42909493761169 
47.07608259047681 
47.59464368621678 
48.00638469956409 
47.496405987419045 
46.79592163485105 
46.850958337829475 
46.759514025432615 
47.97933025708006 
47.1688588397298 
47.55084886212995 
47.163043981905155 
47.97693120243003 
47.59480625609886 
47.43781855788148 
46.75798977648345 
47.11195720121574 
46.05637749786433 
48.03950499372807 
44.99908248959197 
46.74884619937793 
47.575529436493085 
46.16247384992635 
47.97945258920649 
47.755324079700245 
46.61731903119627 
46.695302279586436 
46.09458714843775 
47.38737927827792 
47.53765230485743 
47.99796725007165 
47.192668710683066 
47.47682244422266 
47.789994200691204 
47.77171078129178 
47.83118188606087 
46.12054094211636 
47.707465581940134 
46.13592861156137 
47.51173773271339 
46.85020015537764 
47.04975863910906 
47.77434071440407 
45.21479153840886 
47.45078533314045 
46.786710904059724 
47.15534309715228 
47.7496457784116 
47.84185313728395 
47.53479164678284 
48.00404282938835 
47.19154410322215 
46.763477888735856 
46.81147874112242 
46.80934755862586 
47.22026625483942 
47.51937972673775 
47.11378265450802 
46.11048261967493 
48.01246133685946 
46.706924487093865 
46.12497960478523 
47.755896843249076 
47.186696069694904 
47.759259073693364 
46.7629052117178 
46.09519813000031 
46.00299412435379 
46.721232807806295 
47.84391612653915 
48.235383994597974 
48.2335208738813 
47.508568564168776 
47.48350055158762 
46.70341441181861 
48.17644860075616 
