48.27969871221546 
48.09408065077676 
48.242270421473584 
48.25578468736957 
48.094022359655874 
48.29216997015274 
48.23790226768146 
48.277777745139 
48.27219196371378 
48.29963888759271 
48.242305315196226 
48.2651888415283 
48.044797741652594 
48.10554836043157 
48.08745301777841 
48.301909797904855 
48.293266107648215 
48.25099433501339 
48.05716448415802 
48.07217226081748 
48.057461788933914 
47.81570987832474 
48.26524660141463 
48.27505953056004 
48.070474171868916 
48.06849916726977 
48.041601693913385 
48.301198269556636 
48.24018769123841 
47.83596646934022 
48.06035576516187 
48.26104076365409 
48.285088946840034 
48.08660068399301 
48.27165833105444 
48.05624499097287 
48.209305369154514 
48.2864317581071 
48.27624844157556 
48.08977437248011 
48.29781565541389 
48.09661455233986 
47.826821917739416 
48.27932561644897 
48.26587494529098 
48.07104630784072 
48.01220241113469 
48.29469398717469 
48.25070311353524 
48.221121371534466 
48.24153102681384 
48.30508577481853 
48.274153126918065 
48.26576905482756 
48.26653822028464 
48.03465508067681 
48.049992151748675 
48.28484383760887 
48.28729040642597 
48.08919641480978 
48.275849252087134 
48.07793620196064 
48.103465140180774 
48.06528731358201 
48.300701341442135 
48.28829615695498 
48.27302495197198 
48.269531446915714 
47.82710520682882 
48.28549925348902 
48.26086444645181 
48.25824812680728 
47.84278562580213 
48.27452985983183 
48.29869310038658 
48.30159238866031 
48.09015098476887 
48.04369688299535 
48.24469542730536 
48.27003884672456 
48.28045587974872 
48.07448578001585 
48.279874279553404 
47.847312019468305 
48.27427102303995 
47.83163678151801 
48.26619610123565 
48.056529707110144 
48.241734516973025 
48.281405842786334 
48.2695896082281 
48.30353433720108 
48.25824812680728 
48.05149312536079 
48.06663906414451 
48.285526124863644 
48.27452985983183 
48.29858811421134 
47.88511055344865 
48.29050069255624 
