59.96571555848727 
59.776283429992255 
59.76264345301744 
59.95997298299614 
59.773717108269395 
59.97111156203933 
59.951722496695034 
59.965750778141874 
59.96479207309023 
59.9715250254825 
59.76739540140725 
59.96302759269169 
59.75981788657897 
59.77772737837227 
59.96213854739332 
59.97171397810706 
59.96878858461961 
59.955290344451974 
59.76368707133402 
59.77138348869824 
59.94980229152439 
59.53915428068689 
59.9649533158029 
59.964045214051644 
59.76582601953992 
59.95632314808153 
59.76566640562648 
59.97160226657279 
59.764963650288145 
59.5410428276409 
59.95839227807593 
59.962943963144305 
59.96531116365751 
59.96210704776182 
59.96585753356608 
59.95779684919231 
59.938377977494895 
59.97100002637776 
59.967544716294285 
59.76955765291659 
59.97156796809794 
59.77358121882431 
59.76488158671484 
59.96562180719808 
59.96115848435314 
59.768061044796674 
59.75246147760382 
59.97141398807668 
59.955301362150266 
59.538151638530714 
59.9544562992636 
59.97198646916008 
59.96645477353103 
59.772148764412485 
59.96116603523487 
59.544550246579405 
59.7631041159147 
59.96911730539887 
59.96248798815212 
59.96291361105029 
59.96343216889786 
59.770740720640376 
59.7753956237468 
59.957164661376694 
59.97156335176555 
59.96583918753099 
59.961266701226705 
59.96518605705306 
59.75839447474842 
59.96721539258695 
59.95764431036184 
59.96042259012424 
59.5397904854303 
59.96692316318622 
59.97139657473638 
59.97163781835742 
59.775608024566814 
59.95410092053047 
59.959436231387826 
59.95768334810738 
59.96532573713661 
59.76913360331055 
59.96700658872592 
59.54124768841361 
59.9668887503022 
59.76093770926844 
59.96259664509482 
59.957552752847626 
59.76410666130939 
59.96494559533252 
59.96190127500821 
59.97172447992117 
59.96042259012424 
59.76836958229716 
59.960542635284966 
59.96610409795933 
59.96692316318622 
59.97128401367563 
59.97041495961361 
59.969723244876015 
