47.29414116446886 
47.58352672482875 
47.35727694250284 
47.576025917546076 
47.81285039929412 
47.804325768725 
47.63474864688624 
47.786626364208125 
47.83657734751319 
47.617227131368736 
47.52488035155713 
47.59221515723296 
47.615016887699596 
47.56744877627606 
47.5791433440388 
47.534260038070855 
47.810596350742216 
47.77122611810794 
47.51741846481979 
47.810138712051206 
47.60650319901598 
47.59708868739241 
47.564393158946615 
47.590665068436834 
47.803851229929386 
47.615036922681966 
47.79552806753212 
47.56403757070481 
47.57319820360046 
47.5745709932051 
47.82249389459021 
47.611106576735345 
47.804835551441016 
47.622568171368606 
47.59443773192658 
47.81402510266256 
47.57687302824223 
47.59644567051976 
47.33564144962373 
47.572731870801775 
47.57100940244113 
47.35307339990518 
47.79508679609639 
47.777981325567914 
47.62373134105066 
47.08054433637689 
47.07347704028725 
47.58549183543961 
47.59480980427787 
47.608775842492186 
47.60322166643565 
47.78718465165777 
47.517859656489264 
47.574637984375116 
47.35422974047495 
47.62369666233004 
47.58453055770844 
47.78981274103339 
47.402859974733765 
47.59542006588687 
47.60651464529184 
47.58352672482875 
47.560021040814874 
47.80134927583058 
47.790662467659544 
47.84077102125044 
47.38981619204582 
47.818415871771364 
47.36457593893291 
46.731886814717775 
47.607266821932846 
47.81946842918927 
47.38232291220386 
47.801937826086906 
47.5903343803811 
47.78859917990507 
47.56128650486965 
47.53447686033912 
47.373089330360436 
47.78388024820034 
47.59224955627405 
47.31655603462504 
47.68280372395951 
47.8144172675899 
47.78595250166414 
47.80375941724905 
47.407913183166855 
47.348611062140925 
47.60651464529184 
47.58352672482875 
47.753344538130484 
47.37774270103151 
47.38045945761583 
47.8062567197756 
47.626834787912436 
47.130164791435696 
46.24516106335297 
47.82049553131001 
47.34509790747225 
47.782609252725074 
