59.97075488684787 
59.955887104249854 
59.96058608923257 
59.96371098826329 
59.95770979125111 
59.537053139298514 
59.951065558921734 
59.971300409845874 
59.956547966053186 
59.95956511699862 
59.76968944340315 
59.95934362095966 
59.762607697923904 
59.97088260113077 
59.97139384263422 
59.971244572497426 
59.95906417477854 
59.95389920848889 
59.962349989352276 
59.968865637916885 
59.95947675433369 
59.950040154629995 
59.9695587734713 
59.96402489646612 
59.96690134576755 
59.767952267268726 
59.964996725747206 
59.75964648141905 
59.970102325870684 
59.95476648621998 
59.96996518820412 
59.96722784772609 
59.95914552288476 
59.768708445208865 
59.95336027396741 
59.771649112492106 
59.96493610628985 
59.76252976701723 
59.971698590452625 
59.76899298101531 
59.96166927526934 
59.971053905998 
59.75123302087792 
59.95657499868903 
59.947931049134546 
59.769849291585764 
59.552159354479514 
59.95648233485908 
59.95377177923667 
59.971993429092194 
59.95824831421307 
59.9578916887066 
59.965835978681795 
59.956437324828826 
59.95248197890341 
59.964147940170974 
59.9617361397543 
59.771230761174145 
59.957935062225516 
59.75902880954306 
59.77777678207027 
59.96748383589177 
59.963486388688096 
59.76553733679981 
59.96166169975359 
59.96497450527757 
59.95740305871304 
59.77378295660191 
59.964793019662196 
59.95539142240102 
59.774209878588564 
59.9713160159246 
59.963513431864456 
59.97200935430118 
59.7656902704085 
59.968213127411595 
59.96417447393997 
59.964160761962574 
59.96384116870755 
59.76989872768829 
59.966049275133294 
59.96412128720204 
59.7715039969087 
59.95338276543931 
59.96217475784677 
59.773015827289974 
59.963490791002556 
59.96422031923504 
59.965111535139584 
59.768023428161975 
59.97157502396501 
59.956333653549464 
59.95741566083772 
59.95407009917129 
59.961377502071336 
59.771349119253486 
59.76426109728925 
59.971400014630596 
59.94930435708694 
59.94206770549584 
