58.63787488327678 
59.21829917705093 
58.96392809243965 
58.984610665024384 
58.980786459237386 
59.447857089497546 
59.248887231723174 
58.97692743691069 
59.22825640961451 
58.65097678101196 
58.17645975161308 
58.23247055208716 
58.65696124107667 
59.45576569905006 
58.940734465953035 
57.65078499802333 
58.62747564976768 
59.21670294158207 
58.968343180732155 
58.64938103115364 
58.24211330112721 
58.97128354116951 
58.243449893316715 
58.612520075760614 
57.62925087568441 
56.62058688854263 
58.990493075109946 
59.24622301401414 
59.230389312315914 
58.64221741546458 
59.244326492088014 
58.22930441077251 
59.45079183248662 
58.962799262847554 
59.240909024334655 
58.98238645956302 
59.44953229047233 
59.24202439711017 
59.435050664433774 
58.95861532625022 
59.237179173949656 
58.61867486634614 
59.46833141397548 
58.22136068808486 
59.23100572187399 
59.25617181508062 
58.2334253223062 
59.459533765175415 
59.44390265472427 
58.61430141715552 
57.64175197315143 
58.64330499887908 
58.61496948111605 
58.965445275025026 
59.459040433041736 
59.235368009612685 
59.24137038202911 
58.987149213271394 
58.654568292479865 
59.46903525410184 
58.95690484241676 
59.21663844097532 
58.961268973071995 
58.97380955713489 
57.67766430158041 
59.19045049915351 
58.66643904828473 
58.601329292258114 
58.966313921121014 
58.98803433638007 
59.21493047409526 
58.64500516131935 
59.253763062553666 
59.24143700765144 
59.66130775136544 
58.974901298231494 
59.458325373965316 
58.22399324085606 
58.25011793725449 
58.66499496123962 
58.97424844707407 
58.217592111945315 
58.219541912516284 
59.464344742190725 
58.61226965330882 
58.20395515522806 
59.463014219974674 
59.23198481541199 
59.23731930671302 
58.63785235094642 
58.940058918791856 
58.62760578640785 
58.19760508708119 
59.46839024449656 
59.47596782626423 
59.47821065337255 
59.64553982736975 
58.95689001894016 
58.20816171481408 
59.44575792513731 
