59.48537665918744 
56.62600267807146 
58.97282720566216 
58.648207222852015 
59.21858240076049 
58.61485128322249 
59.44325797916193 
58.254282804463486 
58.973460321704124 
57.60997287625133 
59.23503981261366 
58.245180506571906 
59.218174142082724 
58.97890572407098 
58.23931055730083 
58.22698730381243 
59.24972597603337 
58.651514251416216 
59.455342958349526 
58.96422624869311 
59.677023861167825 
58.64637152917591 
58.971989694917355 
58.95120465384693 
57.65082722361986 
59.22755866146444 
59.468388594386504 
58.63901054797265 
58.944074746638236 
58.6542964847128 
58.60879455164981 
58.19709021442684 
56.615154262618056 
59.465830544556276 
58.64851656780476 
58.977985418701735 
58.221429403216035 
58.25049551298162 
58.968535330210536 
58.96053221445715 
59.67846424347565 
58.65095021220348 
59.23246919978274 
58.64544722614468 
58.97071812379335 
58.65456714707372 
59.46327733973054 
58.257641316304884 
58.63766457838987 
56.648443071065024 
58.987669522753706 
58.982187785973515 
58.95545840376105 
59.22926270775503 
58.2233954413621 
57.66143650475974 
59.643553489713824 
58.641342753492985 
59.25774419116889 
59.455195049859945 
59.681163915973514 
57.63470014433405 
58.18232601030139 
58.965979941104 
58.947867558444464 
58.968943054762555 
59.463093302444825 
59.65208560562117 
56.64275249519527 
58.230991259361915 
59.463947978467665 
59.23810948359782 
59.46101788788464 
58.22668089213714 
58.9546934867714 
58.97885714173074 
58.6610948096173 
58.972437144388856 
59.24695830000645 
56.587885488223364 
57.62348570923125 
58.24090939752941 
58.2399544623718 
56.60516790311882 
59.441464525550124 
59.23472544049039 
58.65486196446196 
59.23471205506414 
58.23772580903497 
59.65155154436433 
56.66359260134472 
58.93963711659133 
59.446842264538944 
59.240611448878944 
58.974248308310585 
59.21552809469325 
58.97991790003196 
58.642626027537204 
59.4713387966167 
0.0 
