58.942571228317156 
58.967386840269796 
58.974313882857906 
58.664740815046564 
58.96513809423348 
59.23015863179392 
59.25591120323951 
58.974869197837506 
58.644486481023336 
58.964906937532064 
57.590237107695955 
58.22870609667755 
57.650578694419316 
59.458537411166546 
58.18681731291166 
58.65210908926725 
58.63904769001249 
58.207938795065736 
58.22866270231144 
59.24085391565268 
59.460392123118105 
58.96662994704293 
57.661183995241245 
58.936151223443105 
0.0 
58.19703175465628 
58.99367507614443 
59.244315622141066 
59.45233157460434 
58.64731533126255 
59.243408191801656 
58.63428532742551 
59.45220258690962 
58.64167347141111 
59.46961833978643 
58.9764694280548 
59.21946474104293 
58.6495332230666 
59.211115343227746 
58.63519628292486 
59.656441467561926 
0.0 
58.98807835511283 
57.63917583400759 
58.963517557696036 
59.25531082774275 
58.22796749659906 
58.975929143009814 
59.23119806444766 
57.63182277966079 
56.64616162060069 
57.625994545938504 
58.19939252095195 
59.232222911146145 
58.95958174155364 
58.97694417258438 
59.237655502592276 
59.650991216147915 
59.24250851843387 
59.25497240571758 
58.63160298579698 
59.21730765639492 
58.627647371008024 
58.6488233114801 
58.660370246308354 
58.929740971259676 
58.66367060198198 
57.600356007037 
57.67374122460839 
58.9835745535344 
58.63792099626504 
58.968635038270584 
58.98879558211735 
59.25029712671307 
59.24412410708171 
58.65413132687985 
59.22938549953989 
58.96006354707645 
58.96405393061961 
58.65824585636177 
59.23870898313547 
58.9427448350778 
58.63146972360627 
59.24046086563957 
58.60724469377908 
58.19830564145495 
59.45681815024722 
58.2421149527111 
58.965250423681255 
58.96473557030104 
58.174462617642135 
57.57470112450213 
56.61954222185588 
59.47349544447006 
59.46835845512757 
59.660043141335436 
59.44759296997062 
59.21388137929234 
57.650751992637765 
59.45229133187735 
