47.643194335703434 
47.25263725049814 
47.6236236371557 
47.80798305435874 
47.05847397751249 
47.57247786480166 
47.76734994217428 
47.588701343753065 
47.81960015157355 
47.5753455816881 
47.56433657446563 
47.578856042765324 
47.79232178721312 
47.83626274626935 
47.38790030344747 
47.79454693246918 
47.81541530011908 
46.803256759226215 
47.80030536602511 
47.12561662911038 
47.62007874465786 
47.80982731676361 
47.836383312766685 
46.777631494345776 
47.61378826146986 
47.588204277515615 
47.7877543181404 
47.75447557554393 
47.81132092873599 
47.81059857139635 
47.35474616223589 
47.80176841964803 
47.81723378097709 
47.595298920565895 
47.599821096945696 
47.08019414226322 
47.33825642869067 
47.58161574560252 
47.58994133417138 
46.8134756667809 
47.74017384104033 
47.8207974263123 
47.57955302407109 
47.36494435278088 
47.602124937902886 
47.83602169806055 
47.33808316648164 
47.36807955715745 
47.315223420791796 
47.33177811636544 
47.80106349944881 
47.58610515490087 
47.77784598684387 
47.56964658214394 
47.821940642155255 
46.789637208914485 
47.82174145780938 
47.55389093110053 
47.748734173858196 
47.388359154219195 
47.78725587189208 
47.835000543085734 
47.792352420830845 
47.83334502351981 
47.57903569821778 
47.831641515114555 
47.82500641236527 
47.835921083616725 
47.09802817503152 
47.80627994536443 
47.83223362997166 
46.81576422651509 
47.08837269971727 
47.81789275011829 
47.82350472799944 
47.59718722630209 
47.77152083313099 
47.78810421391749 
47.57921106994133 
47.80806413453688 
47.811164160580745 
47.8134045918022 
47.091866154778586 
47.09215081403256 
47.74322258105986 
47.56463715437113 
47.594585420424934 
47.61940797842515 
47.778698764898486 
47.63047736797084 
47.55120922803646 
47.34917210594328 
47.79303703001235 
47.79287365750453 
47.03900865428438 
47.599360892661785 
47.61555353034333 
47.796516638164654 
47.338151455403725 
47.54604377712107 
