59.67975199412182 
58.93871216415064 
58.65718930055222 
58.25271058712513 
59.22485089705944 
57.63624887774662 
59.22287462407393 
59.24704519840883 
58.642644325282056 
56.593277083984084 
59.45871849509822 
58.957854262031965 
58.96620213198586 
59.46708681022392 
57.66596443830714 
58.23060346772185 
59.47517345114991 
58.22882377614234 
59.644891580105714 
58.969607846674435 
59.6797753674994 
58.65434951144961 
58.64790948648744 
59.21839101417714 
56.65886588100607 
59.23902569008525 
59.473035480227594 
58.64175755534912 
58.200288816070454 
58.63950262988469 
58.62502789278812 
57.6238220253502 
57.61839983051267 
59.23925799524553 
58.24632659031153 
58.65215807381261 
58.63295975083625 
59.46093955866269 
58.9717158458511 
58.64456196784651 
59.48715117106448 
58.20677953521322 
58.97720386511417 
59.24366315122598 
59.24079193100008 
58.250318467120486 
59.23451603128575 
58.6572996974983 
58.64512691931521 
58.6315599265974 
58.9888946561165 
58.974792650093775 
59.23963048267975 
58.657169979293656 
58.63950177416298 
58.99008689752309 
59.643730707426116 
58.95311089033711 
59.252625253811786 
59.24625887241546 
59.67862292770004 
57.650620543422015 
57.599046321266556 
59.45022799625726 
58.96298706981356 
58.96696926143071 
59.46911760751538 
59.46764048184214 
59.24591589968963 
59.24072395616663 
59.45786327550407 
58.98580465810722 
59.46427306264464 
57.64455224314679 
58.65434653676205 
58.986381130970024 
58.662348699579134 
58.660523024692246 
59.45637129878873 
57.617152494359864 
57.62076237679752 
59.23676688588277 
56.64259825657889 
58.21168757180858 
59.439379797309634 
58.22883678971797 
58.63782965725302 
59.24189675337328 
58.97066467365016 
59.254827399319325 
58.1898943962416 
58.22361909216901 
59.45931414989837 
59.2397214331853 
58.972028481691 
58.62578672836625 
59.24597805926807 
58.64111573465793 
59.241041670816685 
58.2313384695792 
