47.835275201387994 
47.253512423941736 
47.61571817239607 
47.81545431338044 
46.764306225562805 
47.57306475699105 
47.78522731480496 
47.58034239941493 
47.81775171046863 
47.567519437477394 
47.56431430636134 
47.56497947709422 
47.78280705797889 
47.83586788998399 
47.72838526462735 
47.6137399021598 
47.814945612186804 
47.08624832753733 
47.79851753037849 
47.37830512525372 
47.6036679766447 
47.805732878816116 
47.82241497861494 
47.29191092278345 
47.60100261679347 
47.60224630280156 
47.775166556289875 
47.74450701751823 
47.809728909753524 
47.80555272983459 
47.56110334840932 
47.8061854347795 
47.81184464664842 
47.37389666359806 
47.60649837956276 
47.284025016748714 
47.53188241445186 
47.5816469798953 
47.596227861715704 
47.09615046848047 
47.746160177359336 
47.81547374423941 
47.580917889082514 
47.58396437706143 
47.59930020977561 
47.83909173700661 
47.7329615977422 
47.35956474191436 
46.76044089127115 
47.31512712330841 
47.80443993960539 
47.776001572036684 
47.755929405078774 
47.731002168085546 
47.80666815495658 
46.3985254316342 
47.800921298085875 
47.35819086155696 
47.57943773256183 
47.57995080951915 
47.7881747708867 
47.834622726679704 
47.791248052920515 
47.83132096355977 
47.74757468802726 
47.8198336674392 
47.8269718415215 
47.83926883132563 
47.090081912322226 
47.80282779279839 
47.82967457261459 
46.79626153325163 
47.54812464957868 
47.82438090945222 
47.81824629932319 
47.363662162226944 
47.77199825393106 
47.8002897508428 
47.353878448846785 
47.800789684859346 
47.79860723609746 
47.79791994594652 
47.096413567792574 
47.077667773622416 
47.75103715625963 
47.76643842841879 
47.59765893454973 
47.6050283697911 
47.781322678261404 
47.62426560073336 
47.5467067382978 
47.56224049419453 
47.790865613052375 
47.78148446790704 
47.31940760604557 
47.37963621600424 
47.60776053466069 
47.80708896820825 
47.10467433410209 
47.56225635883371 
