59.679648206783625 
56.60368844810388 
58.65570616478778 
59.23215726568078 
59.224571881615375 
58.210285536091945 
59.4403863955022 
58.66756218764223 
58.64573487209487 
56.62612192455388 
59.23831718141451 
58.638696662068355 
59.22230481298995 
59.462456225066234 
58.644823992660946 
58.214374655705875 
58.98915761914345 
57.64166426667866 
59.232831436482506 
58.96418793816299 
59.6717096716183 
58.96232636356217 
58.96201798385569 
58.95656504393779 
57.65880422148521 
59.45194448443944 
59.245433908958084 
59.21693758336869 
58.96434719742849 
58.96715192606118 
58.22715809548086 
57.62164331627032 
56.6154154803627 
58.97453546407667 
58.645848750117025 
58.968933341757335 
58.21806860983899 
58.64718195084169 
58.25123866880731 
58.63529503344473 
59.679752871258685 
59.45159792442988 
58.63732747868058 
58.25227062775868 
59.224598000062194 
58.96254804055447 
58.22524767723884 
57.66469370457413 
59.22281068693348 
58.232595674877096 
58.982594373526 
59.246595320288044 
58.97231705870582 
58.637221662683736 
58.223403148344616 
59.236094810426756 
59.64734825876851 
58.22369007274822 
58.990259163719195 
59.46168169072032 
59.67716882499215 
58.20163224466008 
58.206821287971636 
59.22067057750845 
58.638104660476365 
58.95917481644998 
59.46435194392744 
59.471242240941024 
59.23603363449606 
58.237984634808235 
59.24271558854998 
59.23711706063927 
59.46391730572303 
58.946597011500366 
58.24344305942283 
58.98084231438187 
58.25192907509891 
58.65919816206076 
59.465524230288786 
57.65057567881651 
57.62359325146286 
58.96055615973511 
56.65256818493276 
57.62397499693268 
59.63958367743657 
58.966978987570904 
58.62419889858067 
59.24658993902939 
58.969540377466465 
59.23992196831989 
58.21267938260119 
58.21126976408555 
59.22748621736383 
58.65966672511294 
58.24138709842647 
57.65737275562869 
59.23965301445361 
58.945785728332645 
59.23895322855045 
58.22026598340702 
