48.1873078056905 
48.13415043953473 
48.146462038151476 
48.16047614392049 
48.139304655877034 
47.70291273322058 
48.11621580014946 
48.18405555544663 
48.13645130887878 
48.14494568912432 
47.9607667114573 
48.14710095783686 
47.939628712833034 
48.179654190139814 
48.18519017339352 
48.16935677264909 
48.15073610539615 
48.1416591971559 
47.92766015593871 
48.17516897642981 
48.18550844353101 
48.15802581591706 
48.16785375062534 
48.146396707658695 
48.174887586314135 
47.9583730456278 
48.16508157975916 
47.91288834673517 
48.139892645888004 
48.15371419284076 
48.17771921079572 
48.14319174125233 
47.941852087796306 
47.95892172680245 
48.14292316888569 
47.955414344727856 
48.178610193135675 
47.953676513116406 
48.142910299934414 
47.962280471005194 
48.15221038997236 
48.17863753315193 
47.72888099094269 
48.139936361814364 
47.46959835036269 
47.929604915220374 
47.95760121404593 
48.15319378510316 
48.19100722240986 
48.14042291009068 
48.141194230065494 
48.16867877949607 
48.13547964319363 
48.121717921264974 
48.16031759789429 
48.153744561449244 
47.96631115483094 
48.1417026870639 
47.92356278356328 
47.9922592485361 
48.18278716518444 
48.151163079427135 
47.93425611744804 
48.16307282195418 
48.16578043258292 
48.14481644197559 
48.14259218498509 
48.16961811894541 
47.96626921114249 
47.73361668912816 
48.17905338737069 
48.1604691894152 
48.19117234115627 
47.7041557035174 
48.1564985332384 
48.145505302792145 
48.18286940265811 
47.96738093211057 
48.14234074665629 
48.18556004194157 
48.17948584569715 
47.95339376954409 
48.16817745916705 
48.16078984630327 
48.11651460652276 
48.152255619948335 
48.15613269655604 
48.18414304416182 
47.74975445933368 
47.94715980752922 
48.16077671127329 
48.11960646466274 
48.14945332633134 
47.95072757834558 
47.967046564518 
48.1760360155192 
47.927825223643026 
48.136078026401954 
47.959905159460064 
48.129328462435154 
