47.99515891855077 
48.14329085114819 
47.97074974366736 
48.15946130559005 
48.13953882972274 
47.916489084133495 
48.12955100193538 
48.18526694569551 
48.13160562682404 
47.97034006356014 
48.15892349275536 
48.14055052293174 
48.110608142695426 
48.181694955427126 
48.18658783368006 
48.17393790407103 
48.150910625456184 
48.13521216657362 
48.120248375569645 
48.182531436375896 
48.187026682773414 
47.97238479961079 
48.16967975054443 
48.16372631134241 
48.18831337405974 
47.96654153758535 
48.17490950957995 
47.931587916812 
48.14957696313251 
48.14411818896759 
48.176431824213935 
48.15523586078319 
47.9434411652397 
47.960890902106925 
48.13900678504252 
47.95963298857263 
48.18203294669942 
47.74384814628099 
47.95981571007795 
47.96604731692017 
48.166564148347334 
48.16761364164321 
47.72851807484264 
48.14905672328445 
48.14191704549766 
47.708478778304375 
47.97046505008982 
48.15120602538237 
48.187976044397146 
48.14080993502691 
48.15134793608247 
48.16936971187713 
47.9761695422457 
48.14092353789763 
48.160508720130224 
48.141928931418796 
47.964632298777715 
48.15587977429929 
47.95028703780705 
47.99319386128311 
48.17978910838908 
48.16323521381413 
47.946326092389945 
48.15628041823475 
48.168770929927405 
48.14681451322209 
48.15036047481594 
48.18696881387498 
48.13401419523428 
47.97089656726658 
48.175891374457066 
48.16142310977056 
48.18788221201 
47.7131548763032 
48.16612412572811 
48.1621917327871 
48.18707015687963 
47.96908518101813 
48.14206765177101 
48.18643282346023 
48.1847953312836 
47.94832204023089 
48.170737450390945 
48.1596163298802 
48.152804655093 
48.15781784986463 
48.17295640641428 
48.18593256569217 
47.7567661562701 
47.95603915350558 
48.165863796146745 
48.12161943873268 
48.16620730488148 
47.96295328070501 
47.96184187992532 
48.16468641394553 
47.927172078520904 
48.153566779203786 
47.73885592771743 
48.15174562833638 
