47.54206044660196 
47.19568749894875 
46.23337474564739 
48.011859254232675 
46.727988069699514 
47.206306738651605 
47.44811763973596 
47.46185160804857 
47.234197265708914 
47.47121040565425 
47.54943519816099 
48.05487509130343 
48.039515056375336 
48.16278065780886 
47.471423457130996 
47.79249092019877 
47.275802676522055 
48.00937285673584 
47.81163228485587 
47.78389529418431 
48.239705434411235 
46.18036699171687 
47.49244029446823 
47.50927047655301 
47.76259382091163 
47.8335609289934 
46.76878315431499 
47.27730569778997 
48.01808300131467 
47.76896049924587 
47.22797225759376 
46.615309316020735 
46.61917322508263 
46.81361733231883 
47.150764812756584 
47.83697637635002 
47.19653089435374 
47.95374680513852 
48.004122141531745 
47.52623492722672 
47.53346995469886 
47.18494035033333 
47.73635549719995 
47.49043308748644 
47.171952917621155 
47.83668760456632 
47.60100658181897 
47.77715886653321 
47.53406740335762 
47.25984522992012 
48.01947771901742 
47.18057605365694 
46.743435943206165 
46.805048768919306 
47.72780809291691 
47.49505483106263 
46.22794762743358 
47.4595589252911 
47.197467761641455 
47.15548654898493 
47.72421327559873 
46.78156882697366 
47.19971823476365 
46.1802381696649 
47.54124959484619 
47.52265082716817 
47.50248237928226 
47.81218063570073 
47.81077572867215 
47.84249475678963 
47.76390244764012 
45.22124869653543 
47.53620696107382 
47.20928801493986 
47.48816951029932 
0.0 
45.19259724041491 
47.58286259015151 
48.016909073833816 
47.5513724920826 
47.509545129274656 
46.76880531823801 
48.22740001450077 
47.51717386587579 
47.72733435643426 
47.256295632779924 
48.02351463571197 
46.78220162511901 
47.19465350849079 
47.72832108849487 
46.75469847397032 
47.54010433233431 
47.12617892092754 
47.16136706335693 
47.990966270192004 
46.72186002027076 
45.215038413194904 
47.241536070971264 
48.06638805641383 
47.52534481940527 
