48.10817424430446 
47.92310630374392 
48.158477949719526 
47.96400559705582 
47.97205559498942 
47.97836415531576 
48.08970036827117 
48.14724660139253 
48.153834802890856 
48.14014423919099 
48.150863600774606 
48.182970467671716 
47.93850947032396 
48.048697745717156 
47.94235229195348 
48.188141537116536 
47.962268409082824 
47.95831089512663 
47.94157173253056 
47.76881211105633 
48.15760617338764 
48.18374998154111 
48.16072264865513 
47.92472282965207 
48.14157949539197 
47.91520130768957 
48.14166626694172 
47.93256430208309 
47.70179858706244 
48.16316187121687 
47.90681389423803 
47.97469850315947 
47.91311973270551 
48.18051786070634 
47.97804321981902 
47.93340431074624 
47.63692729641241 
48.16194520436404 
48.1728234078981 
48.16122845409928 
48.1333588298288 
48.152279304691625 
48.10792100956492 
48.11557790360554 
47.96412301832456 
48.16500877497966 
48.179959411120315 
47.97639890409456 
47.943937139196294 
48.14290560276556 
47.959742806062685 
48.16141533387133 
47.96502961276946 
48.1465210888516 
47.89416823329311 
48.158432126177395 
47.930654424631534 
47.451706793412356 
48.11435120654465 
48.161740530399 
48.156769602793915 
47.96932139566457 
48.11726041182233 
48.13576152006085 
48.15799061898128 
47.9805356239513 
48.1840463881513 
48.144004951942684 
48.183997845973614 
47.981436501197685 
48.13340870508721 
48.1661604357916 
47.411809493400376 
47.91899565058731 
47.94895485814087 
48.1608947359454 
48.178460270307504 
47.985230983918214 
47.909504938053004 
48.08218715134824 
47.697933642188644 
47.91019749042608 
48.14104396896148 
48.18410021967029 
48.185462000764325 
48.18980174666401 
47.74307474576143 
48.18552181301826 
47.94082378720808 
47.9622027526639 
47.703733467368295 
47.9665071689074 
47.97352710017197 
47.71760874483113 
47.971431635815186 
47.94398191761007 
48.12971012009394 
48.102960717782075 
47.9459567652637 
47.9658912915949 
