59.96501643383341 
59.77547310674507 
59.953844598014186 
59.957825541627614 
59.774479492606545 
59.96974917219474 
59.95298032900212 
59.964382486043476 
59.96294554621935 
59.971375939915816 
59.952981448637196 
59.960948015599776 
59.75908136342468 
59.77767118917418 
59.773316025047706 
59.97160993756734 
59.96985904223299 
59.95646609263487 
59.762826240203026 
59.76833119898009 
59.76433725341607 
59.53561424667069 
59.960961972965706 
59.96455172383282 
59.76715625323671 
59.76797442196479 
59.75830061575458 
59.97153498096258 
59.95321099564173 
59.541735436072926 
59.76463249094398 
59.95965815729616 
59.96642933196531 
59.773232288063724 
59.96377169605763 
59.763218525363015 
59.94400965130523 
59.96830095725501 
59.96423404883638 
59.7730925179813 
59.97032375668003 
59.775749099427195 
59.537856626413735 
59.964978470779585 
59.961014989745344 
59.767234443876895 
59.74937344859597 
59.970002157812125 
59.95687836534743 
59.94824785877524 
59.9542173360476 
59.97193465844932 
59.96270823456759 
59.96143001346101 
59.961079846562306 
59.75659822589136 
59.7621412698378 
59.96596706938024 
59.96753179906434 
59.773535137430606 
59.96332276072099 
59.76990087120016 
59.776923263260684 
59.765644378314185 
59.97148040247527 
59.9676257490693 
59.963042051219446 
59.961818962114194 
59.538549742321884 
59.966473338824784 
59.9600713968501 
59.958507512769195 
59.54300011428136 
59.9636332858421 
59.97128404727578 
59.97157505001278 
59.77408480625215 
59.759014017496284 
59.95365800275141 
59.96273321073515 
59.96465261270214 
59.76904931793405 
59.96503328989869 
59.54464529034413 
59.96360806743754 
59.54015539883884 
59.9606042244787 
59.763766749398656 
59.953793014502054 
59.9660610158431 
59.96181291644748 
59.97177269712115 
59.958507512769195 
59.7617771949778 
59.766282657875095 
59.967343220788486 
59.9636332858421 
59.97127284113156 
59.55598030673224 
59.96784155837708 
