48.0976986691175 
48.05560466783773 
48.26469339557837 
48.09190332947271 
48.2975774652856 
48.23456251204738 
48.283265992212876 
48.27809994649345 
48.30164711869464 
48.07323963908262 
48.27341788538716 
48.04768068382079 
48.30293394032019 
48.23854408977953 
48.301670963027995 
48.30121155708156 
48.054451195576654 
48.09305077442829 
48.10110274601865 
48.27583999928311 
48.28076125653665 
48.301181101163955 
48.075151761212005 
48.077948965405874 
48.2305816776231 
48.27824990807682 
48.07938444772483 
48.25603192246484 
47.78317512276404 
48.06952112791176 
48.27990087287432 
48.08123562811882 
48.254351827104514 
48.26641112869269 
48.243070400124374 
48.258304328296234 
48.27674982829722 
48.29476587335018 
48.10056936607838 
48.30078405086625 
48.25049981712111 
48.267713175371846 
48.28426017183762 
48.07486856844288 
48.26345766230463 
48.29574192611659 
48.07323963908262 
47.82594661822479 
48.284734258200146 
48.305971168154905 
48.059552265503186 
48.08348589731946 
48.25748417042414 
47.796818528449926 
48.06776304644711 
48.287028487317635 
48.28605333254034 
48.2931839605726 
48.27296092185304 
47.86192047773921 
48.290847169146595 
48.02245639413936 
48.299663299394425 
48.3011787872033 
48.283412111845486 
48.25391808244618 
47.82767996786349 
48.28905516125308 
48.254580996959334 
48.26482721433617 
48.26641576796555 
48.30571520590269 
48.30189560982206 
48.30342590359523 
48.08680479622654 
48.096305226122034 
48.246928374750006 
48.259080465563805 
48.0569130298682 
48.0808198091881 
48.278775513206256 
47.832955601241935 
48.30441689768756 
48.05968847376761 
48.25770186484737 
48.05218168359418 
48.21153355040477 
48.29787061038933 
48.25330870423077 
48.06139533181852 
48.25342778667913 
48.24832283016933 
48.251743857090844 
48.28238480437994 
48.28614132283764 
48.29921633419257 
48.29922367421723 
48.29671627444381 
48.299744948823914 
48.25603192246484 
