47.16069745374052 
47.73362030058567 
47.49663489663351 
47.564268168803075 
47.54832790097395 
47.977450861403646 
47.832322086606176 
47.5392176884849 
47.76613939575267 
47.20895421503918 
46.59234770120801 
46.7783031096322 
47.22428477651123 
48.00433554639692 
47.417929852833566 
46.20714708261903 
47.12960835799323 
47.72942219096132 
47.51217263559183 
47.201780004905956 
46.81295174093685 
47.51907430114292 
46.81437436400703 
47.08102517634491 
46.13661367855453 
45.1077820892872 
47.58695723248221 
47.82422711322189 
47.77529112175594 
47.17688685108788 
47.81227972071017 
46.770753456022355 
47.9860096992377 
47.492149003424785 
47.80749797671583 
47.557239861518575 
47.982970113271996 
47.8120389004328 
47.93717398356952 
47.47969706137704 
47.79437337151018 
47.09759826925871 
48.04613133667716 
46.7406584930997 
47.77018647196717 
47.85162179294543 
46.7869777342084 
48.01572066955943 
47.96374879473128 
47.08840507456919 
46.172369753370496 
47.17823527596295 
47.086357124492444 
47.504059236481154 
48.01148898028921 
47.788899028361236 
47.80633523086499 
47.56864135146443 
47.21772489709253 
48.04799952039099 
47.47643088362545 
47.72832108849487 
47.49103023828633 
47.52984646006187 
46.29237712011946 
47.64327664022664 
47.254834938187734 
47.05003959137188 
47.504912656178554 
47.57609008268411 
47.724236988702444 
47.18572547244357 
47.84520932385301 
47.807079633812855 
48.23563924222625 
47.53332060979181 
48.013815611430424 
46.75452894404972 
46.832703623910334 
47.24826096421389 
47.53340150763742 
46.72797291152504 
46.7347635548137 
48.03260577688841 
47.076941826555725 
46.687568974790956 
48.02449456241877 
47.77970798262376 
47.79542117483344 
47.16082862710342 
47.41806193091149 
47.13173400885272 
46.66111644691524 
48.046875746833855 
48.065833263406326 
48.0725298793024 
48.18689124298711 
47.47667422100245 
46.70383929504047 
47.97198804549566 
