47.94026595650704 
48.14593039765062 
48.17134475865936 
48.18408135183352 
47.921707979145694 
48.12239849589619 
48.112241736508935 
48.18856768343502 
47.7356743536137 
48.17056728197498 
47.718761111211386 
47.944308592951124 
48.14292317777519 
47.976294728670446 
48.18868497611542 
48.09575438948631 
48.147114025686676 
48.140007517169806 
48.1114803224515 
47.9327039887892 
48.186475456348894 
47.960029171039686 
47.96288363307732 
48.11502704970295 
48.16325413902254 
47.964302995218624 
48.14080384313772 
47.66722121972637 
47.95434272508596 
48.16491822139162 
47.96785259669412 
48.140646547224875 
48.15069702164509 
48.12352598594388 
48.161751139183124 
48.16500877497966 
47.97638191196513 
48.18387022243663 
47.954046841908806 
48.15069378450596 
47.95440556228028 
48.16935433320423 
47.95978469620667 
47.90806758112421 
48.185869507418545 
48.13322891341769 
47.70806701596058 
48.12907815770903 
48.19152392822978 
48.171060128592785 
47.97086537730553 
48.15283494685166 
47.73179423920622 
47.93980473381843 
48.170523668824124 
48.1669301525552 
47.97140475345061 
48.1537413184012 
48.145941369222164 
48.18924152839258 
48.14438602304701 
48.187098928835766 
48.18695914921261 
48.17423332012523 
48.16700006540567 
47.710533138069245 
48.17423332012523 
48.13929930717403 
48.14968454898285 
47.71919997442879 
48.17125340081427 
48.18560167916297 
48.188057047061655 
47.9810333993068 
48.12996972830871 
48.148640916147244 
48.13967863120932 
48.168447695024874 
47.96074161075062 
48.17217256604178 
47.721853311403976 
48.17089056378899 
47.93337098417195 
48.15848059676502 
48.13833563465575 
47.94496843502045 
48.16455540017487 
48.15595588898686 
48.18895412253565 
48.14968454898285 
47.957982555008655 
48.151066172138584 
48.16059852682264 
48.17054654895603 
48.181144248850636 
48.18814068837155 
47.71898756496295 
48.181694955427126 
48.14968454898285 
47.95749780941983 
