48.30196163653555 
48.249489881733034 
48.26170554515384 
48.275497342197184 
48.254597306168186 
47.818497628577234 
48.231797358056994 
48.29882483306823 
48.251761627520345 
48.2601781105268 
48.07591031202579 
48.262264449090864 
48.05498525307409 
48.29481104881694 
48.29986903291588 
48.29838382972241 
48.25943305134202 
48.24269552863501 
48.270642347972405 
48.29197473271228 
48.259217733439215 
48.230399251688624 
48.29457739885808 
48.27418154815061 
48.28968151636356 
48.073492624985775 
48.27954946953569 
48.04518639960696 
48.29570457139714 
48.24717623225215 
48.29434807949076 
48.28865411086687 
48.26044715883444 
48.0760537802851 
48.24171842567424 
48.08077473855595 
48.278874818037814 
48.05389666455433 
48.302803295088296 
48.07369224956867 
48.26804018810376 
48.29651227639912 
48.01592096035911 
48.25203272407125 
48.222537971385734 
48.07732202688688 
47.87104189531254 
48.251169207980254 
48.241431311139294 
48.30562359532399 
48.25571168515727 
48.256444208904405 
48.2835858950845 
48.25080958895627 
48.237222468983994 
48.27536711428884 
48.26884791630235 
48.081382379390085 
48.256940819051565 
48.03917430411692 
48.106957851764115 
48.2911370588759 
48.273142931522564 
48.059092629941226 
48.267979059591404 
48.2792994454721 
48.25162475394382 
48.09200615246255 
48.27745486489944 
48.244678380634305 
48.09098520050015 
48.29911720588918 
48.26906838218047 
48.3057849917918 
48.06567432740186 
48.28990273344846 
48.275661991341664 
48.27562653021261 
48.27669969215103 
48.077754594938725 
48.281384282489135 
48.275076946157874 
48.08388148757309 
48.241872799669316 
48.268841304686106 
48.08439677769466 
48.273239707206976 
48.276162095320664 
48.28062919673891 
48.074032304322614 
48.301633398543714 
48.24962649114914 
48.2517460131138 
48.244557862365966 
48.26514724374087 
48.08232729939585 
48.061593439694626 
48.299819091906556 
48.227338140482296 
48.20286595494566 
