46.32734437715274 
47.58733169768463 
47.53551763085601 
47.7726906437056 
47.811095503462894 
47.81132410615512 
47.63858873092172 
47.77195859447856 
47.83476269018919 
47.81606205848976 
47.73475157534985 
47.58776605920574 
47.60329920346969 
47.36729553324518 
47.572998563203285 
47.3336460072818 
47.7963828698918 
47.60539913986551 
47.31259434139243 
47.7836774191115 
47.61388791104265 
47.59365715415507 
47.53732653649713 
47.77817857250145 
47.79649408585784 
47.592431195296285 
47.380827300301746 
47.066556635834026 
47.77398196425074 
47.38170483830543 
47.8305353141665 
47.607520287127166 
47.81144875881272 
47.62897069723622 
47.35708054400057 
47.811270515813 
47.5636094719611 
47.59971038869672 
47.54109519924045 
47.5753069236816 
47.737264529193816 
47.56399435927778 
47.79072837761883 
47.570623078747374 
47.61200538389987 
47.04849003317276 
46.364094673465694 
47.57987701822468 
47.593974352000316 
47.59534517283416 
47.799511133587664 
47.61532117708354 
47.3348229424426 
47.35046212821932 
47.57736969947278 
47.623836240650846 
47.60387019909111 
47.7824113295355 
47.62210779765192 
47.13206557160031 
47.60307153706803 
47.58733169768463 
47.541347918785085 
47.804362035654485 
47.79983596627491 
47.83991198824382 
47.80067434734923 
47.8232112091683 
47.33226653714328 
46.721857536829546 
47.60573087336388 
47.81187405930453 
47.369401048007006 
47.79190898112077 
47.09274731676073 
47.793708933203014 
47.54794230612278 
47.30101941430764 
47.36667965419541 
47.763621820669854 
47.6048587530111 
47.5630321438055 
46.684773966402446 
47.81767225777824 
47.78676442316244 
47.785734951484116 
47.81252236972151 
47.56561131498827 
47.60307153706803 
47.58733169768463 
47.746534379847716 
47.582025719655256 
47.771311710213574 
47.81080622994422 
47.800136586604054 
47.37110424180734 
46.26553505101227 
47.81728835675603 
47.57364064708715 
47.59155458743998 
