47.4277208260067 
47.507741169408924 
47.52753230147877 
47.2455918611082 
47.49988555437015 
47.76735342352574 
47.85322565493743 
47.53221789770046 
47.18043939946629 
47.505170752811665 
46.00055493512338 
46.76447138860449 
46.20421093577115 
48.0107606333087 
46.623984103678865 
47.21056813615212 
47.16150369876486 
46.70171361265619 
46.76422868459429 
47.80593236465254 
48.01882476233888 
47.50153633166739 
46.236610861424815 
47.40734092270839 
0.0 
46.667139546129945 
47.59620063594695 
47.81667810498698 
47.995376523100646 
47.19090636531016 
47.808953655395385 
47.15114850052848 
47.98921247544711 
47.1709489927578 
48.04819160619707 
47.5409824018689 
47.73753840735506 
47.203064642372475 
47.709207423670534 
47.151447514823644 
48.218364427453224 
0.0 
47.57575517948709 
46.165488823422706 
47.49275851817843 
47.84843256496199 
46.76708014009383 
47.53517495365589 
47.770583046890465 
46.144411762862866 
45.18086536325509 
46.12245899442113 
46.66489671089296 
47.77457163111322 
47.48224574429342 
47.53892279622776 
47.79346436299287 
48.20445413442 
47.81088814964048 
47.849945284689255 
47.14154951209965 
47.72836323049876 
47.130125852181976 
47.19656278998819 
47.23826673784981 
47.38693466442369 
47.244740296270486 
46.04859535507649 
46.27154363894477 
47.559982871649865 
47.16104960026061 
47.513493518673975 
47.57624278722908 
47.83405079312897 
47.81021618492645 
47.21403390026364 
47.770849436050035 
47.486381562475486 
47.496431343369046 
47.22555627779221 
47.79759737955639 
47.43037986397793 
47.14241420748175 
47.80294738332548 
47.062503394183544 
46.667043407926485 
48.00347153341195 
46.81180466562685 
47.50220051343679 
47.49743646621912 
46.58510594187771 
45.957319240919574 
45.097303537043814 
48.06091294035685 
48.04142899299397 
48.23138598340681 
47.97402428516858 
47.71866270060686 
46.20520350321835 
47.98945997781594 
