47.75853633578685 
47.13841561091422 
46.23895393827562 
47.73624196284274 
46.63527249461898 
47.49147391838525 
46.692414033038325 
47.45445550581633 
47.23521527501407 
47.46862866235839 
47.53392179994477 
47.53417042864 
47.999533877376486 
48.14673221433244 
47.15001071697375 
46.71870441459485 
47.22869525937861 
47.50362201608044 
47.80807168700212 
47.48798467503658 
48.22176604825766 
46.18746212092122 
47.52273582642723 
47.197125571702664 
47.72060296504916 
47.55055545976957 
46.75720993152337 
47.237683921887765 
47.78011191341588 
47.75879122395884 
47.771845064413924 
45.99834776784436 
46.70507591940536 
47.23576574857653 
47.17281678717655 
47.19535264944358 
46.709879746805846 
47.428037051291 
47.95106187924414 
46.787245127938895 
47.45549228739418 
47.16674070878285 
47.71019292985756 
47.1582056661657 
46.25575488432405 
47.82485725931518 
47.79328128193194 
47.76013854419439 
47.519039386640046 
47.24612106563088 
48.017729223786525 
47.79492873873517 
47.18564525119224 
47.150843283599706 
46.12497960478523 
47.5205157233 
46.7942493690338 
45.274227754832914 
46.77098828076446 
46.77192454544263 
47.477952357217845 
47.44522454902975 
47.219814678377524 
46.201125222913426 
47.17371086573016 
47.94592034062186 
47.47316108058272 
48.21513698216248 
48.00456495302184 
47.792521202620506 
47.73704153332012 
46.22751461180051 
47.51799995887948 
47.76761251615339 
47.9310036119749 
45.10033530461487 
47.1091210307853 
47.24149240225146 
48.00857705912321 
47.52598532933456 
46.796237578769 
47.45714697479289 
48.035752172670236 
47.120035121652236 
47.1301748506342 
46.84515751391713 
47.78695802279759 
47.183931974615724 
47.21285639325121 
47.707465581940134 
47.46069788990565 
46.80561712531929 
46.699678104365 
46.73493402081856 
47.74392440593783 
47.12662415581267 
0.0 
46.762195146351026 
48.050948004841274 
46.76024747587149 
