48.10979211707807 
48.258508025767206 
48.08576813606478 
48.27447432462118 
48.25479430903356 
48.03214318977901 
48.24496173395375 
48.30000049721228 
48.246947105698254 
48.08536099053251 
48.27399440621065 
48.255761364134194 
48.2261911193763 
48.29624228075362 
48.30153890213421 
48.300357930855235 
48.26657530473883 
48.244194155216306 
48.26668969186362 
48.29334138650094 
48.269440748029446 
48.055255841128265 
48.28663396858395 
48.27801570466234 
48.3029359292868 
48.08154823967065 
48.289694107385145 
48.21361589096773 
48.29499807149583 
48.26631235848596 
48.28540224885008 
48.28478294650572 
48.09584698040369 
48.08018812479527 
48.25768106743136 
48.08351786086654 
48.27648301556698 
48.06752396619757 
48.303453785818554 
48.078556936351035 
48.27806650288418 
48.29950494657679 
47.81272797099334 
48.25310415707916 
48.2382029338306 
48.27134475000289 
47.855897521645666 
48.25266285871385 
48.23391806464542 
48.30260614610723 
48.2560589201748 
48.26645298490266 
48.28425279381677 
48.09109325211284 
48.256171162131785 
48.27552255060874 
48.25715112077882 
48.07968079014198 
48.27092800342796 
48.06557616575109 
48.10786360582524 
48.306119633509 
48.279218676469554 
48.216805606557976 
48.28332960350515 
48.26902734990745 
48.263875469924294 
48.28087009468277 
48.2819078656154 
48.2497246830248 
48.27417723667191 
48.2912833070045 
48.27420060224053 
48.30251442230977 
48.06794083399073 
48.29174861385869 
48.27913835247131 
48.2783152846146 
48.28362381056957 
48.27774370103051 
48.285787041447314 
48.294939413105816 
48.09179824035233 
48.24131120227226 
48.25933838562114 
48.271389838952985 
48.28467337842167 
48.27235368267097 
48.28024931232898 
48.07594917600621 
48.30224697815415 
48.27306913208988 
48.25341907903714 
48.05761983569812 
48.262983610546534 
48.084613828890454 
48.0565676073988 
48.300732072169964 
48.24501899927052 
48.23238422543467 
