58.978039222755584 
58.64869027174997 
57.66074978769846 
59.45908169885744 
58.21646856732276 
58.65148597456068 
58.94884122566292 
58.9531016514403 
58.66074773198077 
58.95626454206596 
58.97948488645393 
59.471736532975626 
59.466617886874275 
59.63764450337027 
58.955613693757776 
59.23693957706949 
58.67222311198835 
59.45783907692126 
59.242517556882106 
59.23430612018842 
59.66173601588283 
57.6443847667595 
58.96274426586148 
58.96673840815579 
59.227855631396565 
59.24960803222501 
58.23020387028718 
58.67415675602701 
59.460271991555345 
59.229689735934436 
58.65832086240127 
58.18458367854773 
58.18380102329105 
58.243200328148845 
58.63416061514262 
59.25057927372943 
58.64872978757858 
59.43929285835267 
59.45576048164184 
58.97199926584866 
58.97560367361306 
58.644035809924475 
59.22031685305438 
58.9618725600302 
58.64075237128654 
59.25112448764799 
58.996339904908005 
59.23175666332033 
58.97572913608516 
58.66782744875388 
59.45942994566695 
58.6426258242005 
58.22278510123026 
58.24001675489329 
59.21591607918243 
58.96303798450195 
57.65833481074793 
58.951473533071265 
58.64891214037976 
58.63471042951891 
59.2155232789874 
58.23293653390257 
58.64907814533665 
57.64455224314679 
58.97791393479383 
58.971736099528975 
58.96518791629138 
59.243805084303496 
59.24365990177494 
59.25228927558758 
59.228008234309314 
56.657493304392446 
58.975846808041986 
58.65185044109675 
58.960964664445434 
0.0 
56.64732502980524 
58.99006870743443 
59.45965373116587 
58.981103464231516 
58.967408821772715 
58.230166454071 
59.658672877359585 
58.970398112466604 
59.2170628176716 
58.66579999523338 
59.46283678402732 
58.23299825222018 
58.64768671166106 
59.21663844097532 
58.224245602742194 
58.977738357355506 
58.62795371911146 
58.63794862795421 
59.45233674431025 
58.21475290946451 
56.65340232531527 
58.6633554803987 
59.47601616741355 
58.971193574881056 
