48.298410500788286 
45.04156191723751 
47.21926872681572 
47.77952552550679 
47.75189636075572 
46.70048181787387 
47.953123702532814 
47.25493296113946 
47.184083329958156 
45.12599957279512 
47.79342594998267 
47.16663324640534 
47.74300449189817 
48.023495637742414 
47.1833946742475 
46.716892479146495 
47.57369588081263 
46.1696696339764 
47.774340854168486 
47.498162207003325 
48.27375423397369 
47.49385307574563 
47.49117566377045 
47.47303953957474 
46.229515566495074 
47.98630140595604 
47.82080290223012 
47.72551932469533 
47.49951551430207 
47.505772177569554 
46.76068306040679 
46.11399264564957 
45.09084222046816 
47.52760977532738 
47.18483879106543 
47.515787259424336 
46.73080159752319 
47.1890243439619 
46.8326614433798 
47.152490236302185 
48.299383032561785 
47.98735091028719 
47.16382187887158 
46.84066378291794 
47.75327680260174 
47.48921021310365 
46.75391341680192 
46.253197761810576 
47.747811022136496 
46.777717124277004 
47.55888177119767 
47.82163629924349 
47.52150648809393 
47.161915733671016 
46.74638234821267 
47.78872511940231 
48.190214193497866 
46.748494274916624 
47.582889222913565 
48.01554740016658 
48.29172365534053 
46.67563226904526 
46.69174951534422 
47.738421802213814 
47.16175098277071 
47.47644000122233 
48.026687657639066 
48.05375775745412 
47.788436450551046 
46.79534739379713 
47.80652917879968 
47.7928500861387 
48.02754904717953 
47.438800439405654 
46.81399865266276 
47.548034933222425 
46.83820730527943 
47.22690744849398 
48.02808729586643 
46.20355189339482 
46.11643035550738 
47.48387504093888 
45.203674413857065 
46.12019154996562 
48.16291674541369 
47.50475816052818 
47.12316288022384 
47.82096028682538 
47.515086331247886 
47.80216712064591 
46.71188782248604 
46.71005832266299 
47.757828588176146 
47.231086248084786 
46.80505043335371 
46.21988840198044 
47.7995992239668 
47.438318974961525 
47.793347788328184 
46.73955119495224 
