51.3910199988164 
51.37943480548436 
50.90262576062461 
51.382459788341826 
51.15967749149888 
51.156276750947164 
51.38767004975607 
51.16156615784343 
51.384753747201614 
50.13730088905661 
51.38934442781948 
51.376983656621256 
51.167614073712784 
51.39090551885433 
50.89507720588462 
50.885449641040736 
51.384917721651696 
50.89397346017231 
51.38559787671488 
51.38476406300971 
51.39102509908029 
51.164204380627204 
51.38482413285175 
51.38785096029964 
49.57758878905862 
51.39092871841946 
51.387904609228464 
51.38780390261744 
51.383274956634224 
51.379480061167314 
51.37952736373482 
50.895028111118656 
51.15704254130446 
51.37498456935719 
50.894015467803065 
51.377145385758226 
51.3763988677598 
51.38634092454063 
50.89844412205875 
50.88972270694409 
51.39102039972533 
51.38913528985152 
51.380200313416005 
51.15800885377703 
51.384044097221704 
51.387020283065574 
50.89936948613717 
51.38030693321904 
51.38703185769527 
51.15442982893886 
51.389424511522165 
51.39099497320731 
50.903609180514714 
51.161555483426866 
50.8962004323644 
51.38325404784886 
51.39078890926658 
51.381598999403124 
51.16424207462238 
51.38937424681984 
51.39101488091237 
50.898196891215434 
50.9034261410708 
51.389285498071075 
51.38471346302411 
51.16500314072753 
51.387089813591864 
51.39099557025545 
51.389390162810976 
50.16782233200174 
51.3878788524722 
51.38796107563634 
51.39095621976509 
51.385321935416265 
51.38400097603196 
51.16595206418484 
51.15622734017584 
51.16244143826298 
51.38941613921365 
51.158028492544766 
50.886573003966255 
51.38239184009044 
49.566784299026985 
51.1551743847366 
51.390845887593414 
51.388681428605324 
51.163228646723596 
51.386311319094716 
51.16322161285493 
51.387897340067404 
50.887477736710764 
50.89068332248278 
51.16764389721622 
51.384048083520675 
51.380996740776226 
51.37877891644652 
51.16683882271002 
51.384643938009305 
51.386360175905935 
51.1446601473194 
