41.64766178760418 
41.64646672646673 
41.64699243383781 
41.6468081755602 
41.64640522617372 
41.63263762933183 
41.64698565334303 
41.64768192730467 
41.64703804839855 
41.64741991607038 
41.642826536398545 
41.64637102333725 
41.64225045735966 
41.64751819868657 
41.64761525176852 
41.647536074703055 
41.647015274973924 
41.64607945198907 
41.64664489953727 
41.64747665855131 
41.647567477855965 
41.64662504853382 
41.647625213776045 
41.64694300201695 
41.64771631574912 
41.63985602380328 
41.64717861426136 
41.64167561515462 
41.647523216328416 
41.64693074298859 
41.64750364560983 
41.64742493167336 
41.64695370451924 
41.63783097497274 
41.64707606993521 
41.64743005319669 
41.64715220187535 
41.647690037938425 
41.646872343617346 
41.6419939549516 
41.6476223338989 
41.64748735067657 
41.63712439614465 
41.64763708470676 
41.6391256565161 
41.64725916893471 
41.63514991470422 
41.647094209918606 
41.64771086949464 
41.64689982444438 
41.647315112209284 
41.64734863021865 
41.64667200897468 
41.64654079594815 
41.64705666437401 
41.64722228146563 
41.6423560501867 
41.64672150000663 
41.64709893283902 
41.64769510874731 
41.647417641726385 
41.64745846164732 
41.63466268404834 
41.64733917510612 
41.647567342235284 
41.64691320302318 
41.646668031976546 
41.64762178759688 
41.641863815075574 
41.64260582242682 
41.64766206386562 
41.64712700890353 
41.64771028686109 
41.637140106487166 
41.64737740024627 
41.64691320302318 
41.647238960718454 
41.646879680778284 
41.64195125176327 
41.647169470252464 
41.64728211794526 
41.64222867026277 
41.647479228485786 
41.64695402904315 
41.64762910016357 
41.647242789393665 
41.64686562213849 
41.64712700890353 
41.63924140237944 
41.642286041142995 
41.64679305742663 
41.63724596086042 
41.64582525644642 
41.6474750729027 
41.64762595253055 
41.64720624254948 
41.634999450216206 
41.647579238257016 
41.64610996131472 
41.646441118691016 
