41.54968665291961 
41.54846310311203 
41.54900030439795 
41.54881180639618 
41.54840068498047 
41.53447707269695 
41.548994202030656 
41.54970689662929 
41.5490471964154 
41.54943799152471 
41.544792355304345 
41.548364738030145 
41.54420368100503 
41.54959789421302 
41.54965951779438 
41.54962100215558 
41.549604948202855 
41.549594769789955 
41.54129344865841 
41.54944964416056 
41.549594024420806 
41.54884385758478 
41.54936526895991 
41.548789124751366 
41.54974245565095 
41.54178119649489 
41.54919078356224 
41.54319824304849 
41.549273818937394 
41.54896147372655 
41.54965226628689 
41.54924456715682 
41.53952742565888 
41.54115204659788 
41.54874912063833 
41.53214484029424 
41.549545912599285 
41.53770177813361 
41.54887817840272 
41.54394046911759 
41.54964525590473 
41.54950621358442 
41.53901235035615 
41.54966420679846 
41.53441916132549 
41.54856296278334 
41.52750830313926 
41.54897332470789 
41.54973682293039 
41.54890630421939 
41.54933075605993 
41.549365143724 
41.548672168905824 
41.54853851248856 
41.54906582283753 
41.54923565893144 
41.54431050598649 
41.54872335057211 
41.54910898031746 
41.549720525953504 
41.5496773225432 
41.54905872579187 
41.541221248074 
41.549557014858685 
41.54961960258538 
41.5484515853107 
41.54878764622357 
41.54940681248464 
41.54404692266916 
41.544343449145856 
41.549671190538184 
41.54913831270108 
41.549736220285304 
41.529590934403 
41.54917310944251 
41.54947220579462 
41.54958086813535 
41.543832683796765 
41.54872923079764 
41.549620114610725 
41.54958318576288 
41.54202284368971 
41.54911362887439 
41.549581649100574 
41.54833004540988 
41.54892729580957 
41.54905712158896 
41.54957847247234 
41.31896672825945 
41.5416763137149 
41.54922560151767 
41.54964892540758 
41.548885453687696 
41.54897412106008 
41.52730918333057 
41.549665780353955 
41.53205981477757 
41.549082946164496 
41.53041988466418 
41.54925358023855 
