51.638793170259454 
51.640194414951694 
51.63876047903252 
51.64020084031614 
51.64014084004326 
51.640180566843995 
51.64020524809847 
51.640269469019074 
51.64022264465686 
51.640261375397365 
51.640266102984356 
51.64012640446613 
51.64019504625934 
51.64026467591225 
51.64026760197076 
51.64026485678788 
51.64021532110573 
51.640119040453186 
51.640130299494906 
51.64025591273358 
51.6402659291359 
51.6387219897327 
51.64026755139395 
51.640209676905705 
51.64027050484827 
51.6365426315292 
51.640247824665074 
51.64009519724097 
51.640253664492626 
51.64019996138552 
51.64026046024716 
51.6402407515483 
51.63584497256437 
51.63876754755397 
51.640222998592314 
51.640250010949416 
51.640219036025734 
51.63873258602869 
51.640268324611874 
51.6387010024235 
51.64022263659435 
51.64026342081315 
51.63654142561763 
51.64011819568492 
51.64012739186482 
51.64022230123851 
51.64026922219566 
51.640205878283496 
51.64020728637172 
51.640265159566745 
51.640205878283496 
51.64024391907107 
51.64022528377379 
51.63728078452993 
51.64019184799347 
51.64021893152595 
51.64022478644284 
51.63803593056468 
51.64020671849724 
51.64025953083748 
51.64026987768117 
51.64027015922901 
51.64024245265504 
51.640101891244115 
51.64024522385461 
51.64021588742265 
51.64016941897273 
51.64026884113377 
51.64025891855173 
51.64015068655969 
51.64021633736024 
51.64025094360927 
51.640209676905705 
51.640265159468754 
51.636483620788184 
51.64024876904606 
51.6402000612333 
51.64023075636128 
51.64019290342286 
51.64021970000555 
51.64023632327283 
51.64026257063937 
51.63875676502166 
51.64025160468977 
51.64019471529316 
51.640262825684935 
51.64024206677288 
51.640186388293394 
51.64020728637172 
51.637203994299746 
51.64026728928157 
51.64022765111333 
51.64016590194362 
51.63863239184009 
51.64019479068279 
51.63655344592239 
51.63581373567081 
51.64026889215984 
51.64014887294507 
51.640267220837906 
