41.6135480889062 
41.597027258148934 
41.59323741687712 
41.6463787345428 
41.59954654524265 
41.618737926358854 
41.40910355900384 
41.62210804431202 
41.135123583531815 
41.6367379281522 
41.365468030849684 
41.64251469610092 
41.62927236016915 
41.63860315329866 
41.39351907590331 
41.39905566544285 
41.404607249059076 
41.626962226661576 
41.64264932518474 
41.621623035464665 
41.63709386611878 
41.39907638317429 
41.63398729632443 
41.62694274429996 
41.630427368532516 
41.41480236610634 
41.585354214550755 
41.394044140894515 
41.63442753778325 
41.64171117878227 
41.360297508578995 
41.62668891418732 
41.39207559483391 
41.13839588226437 
41.3932587796913 
41.63592217235868 
41.40943501545156 
41.643480192924144 
41.64154331291778 
41.41672064407077 
41.38736074598134 
41.62730986079741 
41.64129880010547 
41.641691676491966 
41.393339068770516 
41.64643060846456 
41.63079470931836 
41.64544999701388 
41.37075651569093 
41.62725654644787 
41.63610284112667 
41.40681520540535 
41.61743639337403 
41.63369157149354 
41.609225519546165 
41.38798778820158 
41.6320879081249 
40.76024193398803 
41.3745398139874 
41.624986820939064 
41.63359260375998 
41.35913485895861 
41.41962399239843 
41.36239403092656 
41.12795425485327 
41.62680904560999 
41.636875802977585 
41.645633581715636 
41.62510833169206 
41.64127827858048 
41.40276556371994 
40.82006315284816 
41.639829590267574 
41.40788723438145 
41.39288896979886 
41.369830241233295 
41.39246911676871 
41.152109421571254 
41.634020224452414 
41.38831065439652 
40.79413915856585 
41.394412673695996 
41.64653981694866 
41.40229950644142 
41.63499800723229 
41.59383797569463 
41.646648517357264 
41.627183823764256 
41.61441970008937 
41.3958677485702 
41.12511371982445 
41.40170809451472 
41.41188049857202 
41.383969619320716 
41.64083771251745 
41.39305549216815 
41.37097146263791 
41.06931813346562 
41.42242300438218 
41.63187746576984 
