41.604812318697626 
41.617335457660396 
41.11472044799633 
41.64638720478006 
41.604497919099536 
41.61626791419838 
41.64077803658995 
41.41164147223092 
41.39383566792423 
41.631928014644835 
41.381546223793606 
41.647133031751686 
41.622636408849516 
41.64519659190903 
41.39376697972 
41.636390512779876 
41.61736907344227 
41.641017791381095 
41.64249479583655 
41.631225791500995 
41.6464676092875 
41.3915340531782 
41.63227836683395 
41.61048362938667 
41.640332973970416 
41.63601097382658 
41.392647471867335 
41.608904969726176 
41.64124775599988 
41.641168049519436 
41.61687149352739 
41.38199856848308 
41.38896831134792 
41.102041121389775 
41.39035476773615 
41.63141292598795 
41.40905886292632 
41.63931951088295 
41.63005299997657 
41.62498517293535 
41.393402678399376 
41.61838812928104 
41.646170292246026 
41.63259697205361 
41.622494785181196 
41.41625588652724 
41.41016676667734 
41.640575773126585 
41.37873474225457 
41.623042251147304 
41.63638315899353 
41.15041499564361 
40.80286119068021 
41.410435498228345 
41.61898586183928 
41.63080688028167 
41.38865807356465 
41.392422107258106 
41.392898224525396 
41.413750328155736 
41.64006565484062 
41.6091403742353 
41.41136779755662 
40.782030483045155 
41.62402847592497 
41.415915250953944 
41.641246466027944 
41.6319700656502 
41.62947256890479 
41.6301977965085 
41.400935664093076 
40.80806115857098 
41.64206048744596 
41.62904826094693 
41.62595634842192 
41.36231328669741 
40.78594649417282 
41.63248750871525 
41.632156806890464 
41.40794021671538 
41.37099931092093 
41.40770754173057 
41.64648094481784 
41.40502496483516 
41.642129628799836 
41.57945178629266 
41.64693608541916 
41.11878675054144 
41.61428921848982 
41.393015212850486 
40.79894301708562 
41.62191083111092 
41.62867722549951 
41.38419908482398 
41.64089573861818 
41.14447765132942 
40.79468776796158 
41.35440599346575 
41.64245188107674 
41.631521945638795 
