41.6429301865783 
41.64688107153618 
41.64251317596248 
41.64691721833964 
41.64636135062374 
41.64672358301286 
41.647001432668326 
41.64768852507966 
41.64715981559492 
41.64754522751008 
41.647581313251564 
41.646186393166474 
41.646900947645804 
41.64753701553321 
41.647629690378885 
41.6475431917277 
41.647094704322136 
41.64611917071518 
41.64619750800055 
41.647484480904374 
41.647576462501 
41.64213572435364 
41.647628389242165 
41.64697267056121 
41.647720653903995 
41.63532857491325 
41.647396157486966 
41.64587048571002 
41.64746891545574 
41.646945165766674 
41.64751575798892 
41.647395453407874 
41.63331486620368 
41.642623912289224 
41.64717076564047 
41.647408691343195 
41.647156039178064 
41.647694540943775 
41.64186823383323 
41.639738416152845 
41.647639328215575 
41.647326163255556 
41.41657573839731 
41.6476428022396 
41.6463859787742 
41.64747273163941 
41.6421055787491 
41.64717482346084 
41.64766352114203 
41.64702059393893 
41.64738333331536 
41.64718692974177 
41.63767984241148 
41.6468555420462 
41.64709678879127 
41.64717165242747 
41.64024043337854 
41.64699123222316 
41.64748736607213 
41.64770118800464 
41.64764749797061 
41.64759608920394 
41.641459129917266 
41.647544233772294 
41.64746468244096 
41.646949463277515 
41.646940646008716 
41.647581012451596 
41.646562439817274 
41.647060611652904 
41.6476789060347 
41.64700978061823 
41.64766351126234 
41.6346938349733 
41.64742543794496 
41.646949463277515 
41.64724803593523 
41.64688901670578 
41.64712160359595 
41.647255356468406 
41.647582009647174 
41.64250734932542 
41.647514698196105 
41.64689104940335 
41.64759122164408 
41.647381674854344 
41.64679579437595 
41.64700978061823 
41.63692990472413 
41.642465167083316 
41.64680132309952 
41.64666742041666 
41.64142212855088 
41.64730040037386 
41.64763517490359 
41.64694499873173 
41.64692264769537 
41.647636884542614 
41.64644855004472 
41.64655707110239 
