41.544900218122116 
41.54888694306504 
41.544472195717844 
41.54892344652616 
41.54835564688689 
41.548725551884644 
41.54901026871888 
41.549713765566324 
41.54917199471484 
41.549566154850844 
41.54960285507778 
41.54817620394515 
41.548907500828626 
41.54959863503514 
41.54966457071885 
41.54963448052369 
41.54943712496727 
41.549576765113166 
41.548393888710955 
41.54953830420044 
41.549598046622286 
41.54392837703805 
41.54932900821463 
41.54905619346295 
41.54974698805916 
41.537203496445336 
41.549413454629736 
41.540798593781574 
41.549492370048355 
41.54889727202913 
41.54961373226604 
41.5493635033611 
41.539840132736174 
41.538814531120906 
41.548780805150265 
41.536904834926155 
41.549603979679155 
41.52816171227091 
41.54381286634313 
41.541660185817214 
41.54966288188113 
41.54934163267278 
41.31848869249052 
41.549663192433286 
41.549037499280374 
41.54335758227229 
41.539575713411296 
41.54898464677251 
41.54968849120829 
41.54903007587559 
41.54940076861423 
41.54919973452813 
41.53958125243691 
41.54886083056732 
41.5491070749859 
41.549183939544584 
41.54217377464083 
41.54899940459625 
41.54950631221615 
41.54972685934346 
41.54962239907321 
41.54923021684609 
41.54123330425314 
41.5496214531807 
41.54958583688211 
41.5486096921772 
41.548941848665415 
41.5496348449751 
41.548527407217236 
41.544202647971055 
41.54962205059727 
41.549018600628905 
41.549688480872355 
41.52512894070381 
41.549202009349216 
41.54954214333643 
41.549631991540686 
41.54419061656829 
41.54878919733421 
41.54962156280613 
41.54964522882635 
41.54421020868741 
41.54923869697953 
41.54958747370176 
41.548930467834644 
41.54898327024209 
41.5493733942365 
41.54959493983513 
41.3246152366721 
41.54409908995151 
41.54924988859452 
41.54954586833246 
41.54917271420973 
41.549086120905365 
41.54406193300418 
41.54967285194276 
41.53448631400718 
41.54911342644884 
41.53037063477616 
41.549286156012975 
