41.64716797859788 
41.64757962205459 
41.64593667237339 
41.64720756916905 
41.64768547996638 
41.64753959257792 
41.64626371148513 
41.64704464315123 
41.64710067522383 
41.647566315916606 
41.64591441803441 
41.64677920871044 
41.64768547996638 
41.631105932375306 
41.64754304947207 
41.64763692289454 
41.647598114319585 
41.64648544941799 
41.63780820274851 
41.63772262332482 
41.64751694425778 
41.63306386207529 
41.64768028468296 
41.64711885050826 
41.64267751546492 
41.642041199614866 
41.64137489769299 
41.64763917019608 
41.64715519236031 
41.63678061230737 
41.647300272602145 
41.64707874373166 
41.64735966748525 
41.6475615835404 
41.647122740384475 
41.64675132712994 
41.64672522926823 
41.647576539425 
41.64724939118834 
41.642447951858365 
41.64759235129115 
41.63586744118812 
41.642546781315254 
41.64715834400162 
41.647071289822264 
41.64171434696305 
41.62688074995692 
41.64746809059405 
41.64652352148572 
41.64584503443691 
41.647403252917464 
41.64769510874731 
41.646591067616995 
41.64697111122235 
41.646872421817484 
41.63617191775151 
41.639635037610105 
41.64725916893471 
41.64769710169613 
41.64266230251999 
41.64722888547504 
41.64199276383547 
41.64768982512193 
41.641559287444025 
41.64760372992801 
41.64759685097384 
41.64739023065413 
41.646919702108185 
41.416101324820126 
41.64738301881359 
41.647576539425 
41.64679305742663 
41.6278291681809 
41.647173412265694 
41.64765124773554 
41.64763334796934 
41.6475980273474 
41.640975573812874 
41.64615515513775 
41.647179555159184 
41.64691320302318 
41.64261063726254 
41.647633749673446 
41.63199948662241 
41.647173412265694 
41.62481788689912 
41.646821827430635 
41.64263728350056 
41.64621303449243 
41.64764439971402 
41.64694235779621 
41.647662300473364 
41.64679305742663 
41.636707939856024 
41.64185526006992 
41.64756973943243 
41.647173412265694 
41.64767584324036 
41.42290992554944 
41.64746518171587 
