41.62265505393631 
41.40081976081328 
41.632197089015094 
41.393147926907154 
41.62025233672878 
41.64622025601953 
41.6366522386847 
41.41356262831357 
41.60056026542437 
41.63166105427398 
41.375662975526005 
41.12731966556996 
40.79896841755166 
41.64638082737877 
41.39559409661742 
41.3742920416937 
41.62211714135347 
41.38987008337032 
41.39371010755842 
41.629784789944715 
41.64604066431108 
41.626863140562904 
41.10563302332545 
41.621090384764514 
41.076344123262054 
41.597187732739904 
41.402517602667736 
41.63251864262181 
41.63633920674144 
41.62002728763989 
41.64694102329722 
41.392687576590326 
41.64086337470965 
41.61973632709451 
41.64109499894996 
41.41079546169966 
41.626946020838055 
41.4076955514233 
41.41474271246508 
41.41256803298616 
41.646798488625286 
41.362910843874275 
41.410881165150904 
40.79830720663881 
41.63593662855024 
41.64240540392789 
41.59532238634012 
41.4117030693083 
41.631743679322845 
41.58705614415545 
41.1224320555312 
40.79481922423972 
41.38410642379729 
41.61273396818862 
41.63974033025928 
41.41023663381532 
41.64610728964696 
41.64610385197165 
41.63229552024978 
41.6275321300051 
41.38861872844137 
41.3958677485702 
41.60798959153431 
41.62616898397048 
41.61313518097328 
41.63536244153577 
41.6010560129517 
41.083919184017674 
41.3776150974094 
41.60512501558516 
41.6147216846005 
41.41924061557925 
41.40524680868635 
41.63184110968184 
41.64689960259298 
41.38765396948416 
41.62949193838416 
41.61505327477517 
41.40129860054335 
40.80210515275228 
41.636433894565144 
41.406752103339706 
41.60261121973937 
41.63724017961407 
41.61981596173933 
41.35283505653255 
41.63434564548651 
41.399357817508104 
41.64131593854106 
41.620703403437155 
41.14119943389403 
41.39818071096612 
40.80163059363809 
41.63916499896522 
41.64660232677827 
41.646472726856146 
41.64565351317659 
41.638061649727916 
41.59553530969709 
41.64065724397112 
