41.647585755641025 
41.64120360842357 
41.64723650044666 
41.647632797023014 
41.64760424985854 
41.64663835797556 
41.647142783348635 
41.64728339756714 
41.647583896194625 
41.64182513886481 
41.6469348392761 
41.647632797023014 
41.647636920033015 
41.64669153456388 
41.647616069466906 
41.6476789199575 
41.64185265477654 
41.63767984241148 
41.6476789199575 
41.647103983743996 
41.64761838463421 
41.64757197133006 
41.647585755641025 
41.639320782486 
41.64730204568925 
41.64718209533515 
41.63800973578717 
41.647399339902975 
41.632200446273444 
41.63522374438255 
41.64747273163941 
41.63492381922111 
41.64615434517037 
41.647139523646395 
41.64716228662839 
41.647106750116826 
41.64718610015815 
41.64762176644908 
41.64770416877269 
41.647590626376605 
41.64669153456388 
41.64688065945121 
41.64718313379792 
41.64182512105197 
41.64644855004472 
41.64753842983502 
41.64182513886481 
41.63192439748113 
41.64717404691788 
41.64772210657437 
41.641507432150284 
41.639876127415064 
41.646923555734276 
41.63741456350876 
41.64723256568057 
41.64745869372235 
41.64729546539786 
41.647639328215575 
41.64730204568925 
41.63783702579027 
41.647680767226355 
41.64728596881897 
41.64769003208618 
41.6475789847669 
41.64738333331536 
41.647280930943346 
41.63337384804514 
41.64740922902856 
41.6475772141271 
41.64680132309952 
41.64624758195683 
41.647690232513476 
41.64762369985762 
41.64772210657437 
41.64244660963568 
41.64768852507966 
41.647475478407344 
41.64749885305962 
41.641858826233914 
41.63492381922111 
41.647188094622514 
41.62529311768139 
41.64768789727947 
41.63749585537447 
41.64661621646251 
41.63958721533202 
41.64512419720371 
41.64757192464648 
41.64731959198862 
41.63447296406487 
41.64643798020607 
41.64693481479107 
41.64587048571002 
41.647452772242794 
41.6473613001132 
41.647680767226355 
41.64760930611704 
41.64752812225098 
41.64754171141883 
41.647399339902975 
