51.3910203625273 
51.16587599245338 
50.904776853453136 
51.16071570928797 
51.16144592930779 
51.37644305590463 
51.3854839250795 
51.38333208063083 
51.3855770921763 
50.88436699244123 
51.39085602276991 
51.378499336975416 
51.38775197599719 
51.38943958365815 
50.895124137349256 
51.15431191496329 
51.38873481770021 
51.38398725063716 
51.39087875536507 
51.384804454864586 
51.39102538395429 
51.16246727547075 
51.162457426982016 
51.38784658119562 
49.57760839869684 
51.39096162112073 
51.38941184919433 
51.38556966262538 
51.16151867546661 
51.1534638456793 
51.385544493938845 
51.15973321699816 
51.1623893543487 
51.16240428163767 
51.1509984654649 
50.891706716707 
51.160607619498194 
51.39086181296708 
51.165985796472356 
50.89501053232031 
51.389510861009605 
50.896111690070164 
51.161528622330295 
51.16597106847246 
51.38184662146908 
51.158894892356535 
51.16596162567621 
51.384064868754415 
51.15797572288457 
51.38479206557466 
51.389463524371195 
51.389493467616475 
51.38707279470406 
50.9047614674172 
50.90154557300195 
51.38102727309525 
51.390786881939874 
51.38379642897194 
51.387891309404296 
51.388623324333 
51.391015224743654 
50.88116127522373 
51.15782049100327 
51.39081025024501 
51.165110072113286 
51.16321931076394 
51.38710924791905 
51.388733090337816 
51.38944279630286 
51.38791498127452 
51.390911947663035 
51.3872390745846 
51.39094633653929 
51.37933148767019 
51.16420293302765 
51.16511591213301 
51.3779825265595 
50.89940907769313 
51.390874341496556 
50.57873299683181 
50.88559020405184 
51.379486276287466 
50.57481214886145 
50.58002004439077 
51.39080041904283 
50.9026338935658 
51.16416995122139 
51.16775521412789 
51.38550625544345 
51.385652996779214 
51.15771181170727 
51.37638037273427 
51.38932593972151 
51.38786715585956 
51.383275940794235 
51.15798760540596 
51.387077510829045 
51.380151030070856 
51.16602711372333 
51.14463993348451 
