51.64022480029478 
51.64026609908074 
51.64010621554698 
51.64022783393361 
51.640269470551516 
51.64026126963869 
51.640134268619505 
51.64021378121179 
51.64021731738537 
51.64026567153445 
51.6400984995382 
51.64018775210001 
51.640269470551516 
51.635121498981185 
51.640264924942414 
51.64026793812282 
51.640266672593334 
51.640160750676706 
51.63729027089886 
51.637283990081485 
51.64025704634713 
51.63581939290491 
51.640269286894295 
51.6402196669604 
51.63877109325128 
51.6387191326598 
51.63865027445081 
51.640267985699865 
51.64022259893528 
51.63719408059087 
51.64023252030744 
51.64021311351873 
51.64024325056482 
51.64026551137753 
51.6402233512914 
51.6401815156025 
51.640177176509994 
51.640265993071424 
51.64023620168187 
51.63875673767821 
51.64026296300562 
51.63659688744245 
51.63876166100378 
51.64022450346103 
51.640214661672665 
51.63868227056025 
51.63420653806636 
51.64025725263346 
51.64016191519772 
51.640094460597 
51.64024991967582 
51.64026976735876 
51.640165854548535 
51.64020616684617 
51.64019420340206 
51.637135899904784 
51.63797264411677 
51.64023117564094 
51.64026983118828 
51.63877059746538 
51.64023023363508 
51.63871402252065 
51.6402695953933 
51.638673793793494 
51.640266866705645 
51.64026667894794 
51.64024595568327 
51.640200979407524 
51.41530552302354 
51.64024572069473 
51.640265993071424 
51.64018458325226 
51.63430019850037 
51.640219667805546 
51.64026836352847 
51.64026778960307 
51.64026668421768 
51.6386076203347 
51.640123761799856 
51.64022690797232 
51.640197230854746 
51.63877076413409 
51.64026782498611 
51.63571497815539 
51.640219667805546 
51.63350481864949 
51.640187270639615 
51.63877513114053 
51.64013263537295 
51.64026815078534 
51.64020170680139 
51.640268724761356 
51.64018458325226 
51.63718643354778 
51.63869732992154 
51.64026576843112 
51.640219667805546 
51.640269148466054 
51.4171423599981 
51.64025186764301 
