41.24892557544437 
41.24173237001096 
41.24114724017054 
41.24837425712847 
41.0024321463029 
41.23062480104125 
41.24796103045008 
41.242589768212056 
41.248774373755964 
41.23285645485978 
41.24750315926373 
41.2478349361663 
41.24882870310982 
41.248906764640175 
41.24650232567924 
41.24326194757967 
41.24867165220184 
41.204740324543856 
41.24807424436534 
41.0052846415956 
41.24305967513768 
41.248126137798714 
41.24898548178551 
41.017202729813675 
41.248540409272636 
41.248453477834204 
41.24827754741262 
41.247429280672684 
41.24865470223612 
41.24840971785943 
41.2425189403164 
41.24828888728589 
41.24881740781321 
41.22283241041991 
41.22895700319276 
41.24180670593853 
41.23921982951628 
41.248288377521206 
41.24264593224123 
40.993226579556755 
41.24623609834472 
41.24860675004046 
41.24331114560542 
41.24874005224097 
41.248333345475366 
41.248979235967155 
41.24711844156614 
41.2149503217842 
40.738618719204446 
41.24245864488768 
41.24886276728752 
41.248359109716496 
41.24725259888609 
41.24725938958919 
41.2482162303509 
40.73559147926439 
41.24838503837061 
41.237668000590084 
41.24225037555472 
41.234898046251054 
41.24851570008235 
41.24886986240298 
41.24867165220184 
41.24878471236482 
41.24727830173235 
41.248698991790214 
41.24871135327197 
41.24897856751293 
41.01422254289753 
41.24845481607179 
41.24875475056176 
40.74591985214465 
41.24245237439901 
41.248640834821344 
41.2485196238814 
41.243192267804204 
41.2487240936091 
41.24843733439943 
41.240416430187736 
41.24819971507334 
41.24827087378965 
41.248841288910505 
41.01505012519378 
41.21226409626255 
41.247086686365236 
41.2480058109123 
41.24049181140661 
41.231034723377 
41.24840462680992 
41.24892675385282 
41.227952983562 
41.2370880885432 
41.24759544926032 
41.24805951575561 
41.0132723371667 
41.242949915248914 
41.24869327358072 
41.24888961666973 
41.009478996765594 
41.230126870919385 
