41.647297567853485 
41.647585755641025 
41.64120360842357 
41.64723650044666 
41.647632797023014 
41.64760424985854 
41.64663835797556 
41.647142783348635 
41.64728339756714 
41.647583896194625 
41.64182513886481 
41.6469348392761 
41.647632797023014 
41.642780148153655 
41.64742069176604 
41.647651953421864 
41.647616069466906 
41.646354477136605 
41.64026729716786 
41.6376030311718 
41.64739363736844 
41.60948989080714 
41.64768858356279 
41.647005159161004 
41.64283486407392 
41.64643798020607 
41.639244996232506 
41.64765035856688 
41.64701508494111 
41.62768925569655 
41.647280930943346 
41.647103250910256 
41.64721659511842 
41.64744815220441 
41.6472034032142 
41.64684995873113 
41.64683686693707 
41.6475772141271 
41.647401751956906 
41.642279705028955 
41.64765459986343 
41.626411035297785 
41.647331699407594 
41.64728110243695 
41.64682598474912 
41.64182512105197 
41.63410175393476 
41.64755873796187 
41.64595653702929 
41.632024167739374 
41.647195357350505 
41.64770118800464 
41.64708355731343 
41.640018085844126 
41.64687962570779 
41.636814033483866 
41.63988436673142 
41.64747273163941 
41.647699772849805 
41.64716498919928 
41.64717803848952 
41.642338688992574 
41.647690533920496 
41.64615434517037 
41.64762271738559 
41.64761519663397 
41.64742822254556 
41.64719385882031 
41.63434915485912 
41.64740922902856 
41.6475772141271 
41.64680132309952 
41.61100937753772 
41.6473613001132 
41.647661251634005 
41.647648953786806 
41.64759938484357 
41.64594276965633 
41.64600301966259 
41.6470085415556 
41.646948879178744 
41.63798312582081 
41.647642131850205 
41.63656282699853 
41.6473613001132 
41.6340560499011 
41.646885780002144 
41.64733760436342 
41.641499577621964 
41.647654815512695 
41.647108780643805 
41.647651299962405 
41.64680132309952 
41.639536809137674 
41.646846556331155 
41.647452772242794 
41.6473613001132 
41.647680767226355 
41.64760930611704 
41.64752812225098 
