41.24396676116383 
41.23683564659761 
41.24377262568225 
41.248317343563116 
41.01117326006732 
41.23314054547467 
41.2477176685492 
41.23564547439392 
41.2487380978833 
41.242674504178964 
41.247302152906165 
41.24788120472857 
41.248835951561745 
41.24889804283511 
41.237525276357744 
41.248196462222154 
41.24864178803191 
40.98737699172391 
41.24825679717213 
40.9964212507156 
41.2435611792295 
41.24815972517171 
41.24899066704504 
41.009311024486394 
41.2487523048455 
41.248058482278246 
41.248382422423724 
41.24749117077204 
41.24854172523625 
41.248526080105606 
41.23526928509073 
41.248274125676595 
41.24869006039159 
41.242843424181245 
41.228904547975766 
41.22753895713356 
41.22931509484929 
41.24857853575662 
41.23790439571949 
40.99086010469719 
41.24613503472717 
41.248698694427034 
41.24349987784311 
41.021091905360855 
41.24820569993735 
41.248927772196694 
41.02236540059058 
41.22297664175791 
41.008254864616575 
41.24051107818174 
41.24875244628335 
41.243347073489765 
41.24773387175836 
41.24275865246162 
41.248542161414655 
40.75318838634635 
41.248664711496936 
41.23748289927409 
41.24696027195768 
41.23764308635408 
41.24853853097609 
41.24887168319642 
41.24864178803191 
41.2488123249487 
41.23759451015829 
41.248850466187605 
41.24874321915646 
41.24892776032455 
41.00596993105862 
41.248460008306026 
41.24878159121338 
40.74281111309525 
41.01463540953357 
41.24850717497888 
41.24861837877275 
41.24349896947476 
41.24876366728234 
41.248382132863334 
41.24790228400632 
41.24837113164254 
41.24840504156778 
41.248863571960705 
41.01789849701822 
41.00507184340109 
41.247010459397096 
41.2426544719817 
41.23555602089046 
41.24345855314012 
41.24841161498825 
41.24893145591628 
41.227609965771485 
41.21716156712757 
41.24776501803098 
41.24813342161637 
40.755066915227026 
41.24813759336264 
41.248776731105494 
41.24871900303662 
41.0181597269804 
41.23458397216382 
