41.38944806137437 
41.62172447433618 
41.62770232438983 
41.60565282441014 
41.609147584478606 
41.64622624681857 
41.421710511707666 
41.63395977140285 
41.60810234798366 
41.62464768146527 
41.11827577658621 
41.127466137016384 
41.615077998725546 
41.646283934333525 
41.398261016131435 
40.32579340253587 
41.41002786114333 
41.63558309126977 
41.39649286949005 
41.40460913330275 
41.1560216477328 
41.62490499395631 
41.38722846211187 
41.61637381266286 
40.77720691371769 
40.79303434940572 
41.63669169734066 
41.63286126703608 
41.63132512025624 
41.61670932497539 
41.64232149838118 
41.084394052214684 
41.63407206487468 
41.62152273559023 
41.636309457059525 
41.63745906230901 
41.64130336017949 
41.41327769571086 
41.64052859565191 
41.633612990006675 
41.416168492106145 
41.61358271428186 
41.64132222864604 
41.62249349082014 
41.638468727245325 
41.422659623846016 
41.39023131885813 
41.64085369410068 
41.64075706422963 
41.40045799206194 
40.82806035207733 
41.62260136577954 
41.6023121409149 
41.626350389837654 
41.646722718903646 
41.636780387558964 
41.64133153010379 
41.6324370212578 
41.41664489800542 
41.63226846697998 
41.60369628610519 
41.393015212850486 
41.591435413523264 
41.63141279107757 
40.829168820227714 
41.633035635745046 
41.40484906484942 
41.589983798994375 
41.61043074229673 
41.60312071291438 
41.63534754347131 
41.41429012769242 
41.6327641089984 
41.63654433443529 
41.64661346807322 
41.6191756677439 
41.623026319411665 
41.62743937131253 
41.141386859349744 
40.806410823239595 
41.62025997835382 
41.63157474215883 
41.617059836924135 
41.639501121796904 
41.60613116740471 
41.58790375313119 
41.61090529425488 
41.63657871190498 
41.41097407265235 
41.59881452216839 
41.415794070981434 
41.40907001190679 
41.39560872440855 
41.62759840275865 
41.64194884001013 
41.64221154033821 
41.64605946104997 
41.42005767777069 
41.12774357921155 
41.64506833105147 
