41.54313229429049 
41.54917091803467 
41.54968687129956 
41.54964121296598 
41.54887044153637 
41.549222889809265 
41.54929443799933 
41.54974611418876 
41.53522179644514 
41.54928482401098 
41.53870822961991 
41.549658588281375 
41.5485361874752 
41.54962156280613 
41.54970983091354 
41.54708914568229 
41.5489314808048 
41.54945872715657 
41.54930066795089 
41.52984084781714 
41.54959319138246 
41.5496074684523 
41.54123330425314 
41.549318187842786 
41.54919414477736 
41.53991889205926 
41.54941792680959 
41.53402970464521 
41.53709595072303 
41.549492370048355 
41.539445258538876 
41.54823125677787 
41.549286156012975 
41.54804996927833 
41.54923109361149 
41.54909031395116 
41.54959285799362 
41.549664815149285 
41.53696384670215 
41.54866747158477 
41.54882137868663 
41.54919520752645 
41.54376856542321 
41.535948009330184 
41.54957952787016 
41.547941138884724 
41.533850086912686 
41.54920814371819 
41.54972685934346 
41.54909400362576 
41.54194677975915 
41.54888545799326 
41.53869497481876 
41.541810258956396 
41.54922283777212 
41.54923116886529 
41.54247818041438 
41.54929477659357 
41.548902924429896 
41.54968554892284 
41.54823065227558 
41.54970783569581 
41.5496318290649 
41.54942727414969 
41.54912560526291 
41.533747770585656 
41.54942727414969 
41.54959863503514 
41.54880567976643 
41.51259406744265 
41.54937888039669 
41.549685561186514 
41.549672839074795 
41.54962156280613 
41.547927176227496 
41.54798861071709 
41.54901701021793 
41.548956510854936 
41.53989195516252 
41.54966577750963 
41.53843904265112 
41.54937888039669 
41.5359004211578 
41.54889214239577 
41.54935347874031 
41.54343514864737 
41.549678899779366 
41.549119799177234 
41.54967526288252 
41.54880567976643 
41.54145376562419 
41.54885125367238 
41.549143518109794 
41.54971865048339 
41.549597085245 
41.549631159564136 
41.54352497206011 
41.54959863503514 
41.54880567976643 
41.5437593439039 
