51.38951037878637 
51.3741268736523 
51.16603051078024 
50.8972560543557 
51.162272264818945 
51.38250200841988 
51.38921781054403 
51.37797673759858 
51.3832277297946 
51.1479945807447 
51.38934206361113 
51.374075039399216 
51.389200656101615 
51.16776407741746 
51.15353242858451 
51.156111988694306 
51.16518285471522 
50.89826661030779 
51.388541890406444 
51.381726217300695 
51.391025040525804 
51.16420524501727 
51.38636410538788 
51.38781288046979 
50.1572541455418 
51.390909732325525 
51.38865565659391 
51.38707014397458 
51.38546929540063 
51.37417805303379 
51.38320965535888 
51.161428406589906 
50.57348858577504 
51.37958167974492 
51.16065997318484 
51.37795959621103 
51.157955085698575 
50.901539564741626 
51.16686383167543 
51.154404444142926 
51.391025966363586 
51.38473045149482 
51.38703250367984 
51.16328730717372 
51.38326981977358 
51.3825049843413 
51.38939913147314 
50.90142863002386 
51.16237761650538 
51.37950898588759 
51.38947139027614 
51.38948204216894 
51.387801587396986 
51.38635100901419 
50.8973213967195 
49.58289580995805 
51.390753385442956 
51.37703341404834 
51.16331733159932 
51.39087092416437 
51.391025936435476 
50.56928984296421 
51.382301457139846 
51.38779421587519 
51.16507456309452 
51.164130534468974 
51.381770763127776 
51.390973197632945 
49.58016019683853 
50.167816312734914 
51.389394035033696 
51.38872020109139 
51.39092684397459 
51.380153553559765 
51.3892824340058 
51.16420342658792 
50.8951857196242 
51.16330255858462 
51.38636121311504 
50.573384520521245 
51.147294864632606 
51.3779277948538 
50.574768259144136 
50.57726068831818 
51.39079196495351 
51.38789544407514 
50.900439238906365 
51.16597580503867 
51.15979832518215 
51.39089414649246 
50.89274952218567 
51.38689899778289 
51.39084312655495 
51.387074450365866 
51.38097654027618 
51.37802099723416 
51.38632376834563 
51.38242760043957 
51.38641871805639 
48.56147403910825 
