41.54791994656679 
41.54917722755189 
41.54967254269965 
41.54964428005201 
41.54900153002139 
41.54922288965952 
41.54934710321238 
41.549730319628495 
41.544834810244744 
41.54892598102355 
41.52739753939625 
41.549649004232016 
41.54830117085653 
41.549620114610725 
41.54971056196583 
41.547184010964855 
41.5346039251901 
41.54932337525324 
41.5445446292076 
41.52975068365947 
41.54958163737793 
41.549601078233685 
41.541221248074 
41.54938814340129 
41.548792446038846 
41.54453688936418 
41.5489616066055 
41.53883427398813 
41.5442902351958 
41.549273818937394 
41.54388727750367 
41.54153270108941 
41.54925358023855 
41.543823894077136 
41.54903497275286 
41.54386739217488 
41.54950300653985 
41.54965036218411 
41.52974753401636 
41.54848499995483 
41.54871778766415 
41.54897981767625 
41.54365483190451 
41.52864139357345 
41.549486618714134 
41.548520678352304 
41.5478266647383 
41.549420438373026 
41.549720525953504 
41.54859022874353 
41.54897854541295 
41.54887796198202 
41.53803792614643 
41.541555015279855 
41.54938713141026 
41.54949406657657 
41.54959243067317 
41.54909399104049 
41.53917694813545 
41.54967563839696 
41.54153270108941 
41.54971419807317 
41.54962163161656 
41.54940011954103 
41.54868388532768 
41.5381223981448 
41.54940011954103 
41.54959789421302 
41.548797086262354 
41.52961163126841 
41.54918658713012 
41.54967516630256 
41.54965665556693 
41.549620114610725 
41.542899350108485 
41.548144129601255 
41.54919175825653 
41.54891986107518 
41.54457173946919 
41.54965705877528 
41.53382420237758 
41.54918658713012 
41.52655731353062 
41.54882654059446 
41.54459870949142 
41.54820281669218 
41.54966808095665 
41.54894941032264 
41.54968659264871 
41.548797086262354 
41.53858669713675 
41.54379879506491 
41.54937099246605 
41.549710374207784 
41.549641212940884 
41.544845574910326 
41.54866555317342 
41.54959789421302 
41.548797086262354 
41.548526014939284 
