41.64757962205459 
41.64593667237339 
41.64720756916905 
41.64768547996638 
41.64753959257792 
41.64626371148513 
41.64704464315123 
41.64710067522383 
41.647566315916606 
41.64591441803441 
41.64677920871044 
41.64768547996638 
41.6476225985127 
41.641925239549465 
41.647598114319585 
41.64767471562353 
41.64611432048749 
41.64667200897468 
41.64767471562353 
41.646932208791156 
41.64761158326087 
41.647560846219996 
41.64757962205459 
41.63930917113887 
41.64737059074852 
41.64678944547508 
41.64257693285693 
41.646953299922906 
41.636949621426425 
41.64233558377871 
41.64725916893471 
41.637293389085855 
41.641559287444025 
41.6468421566609 
41.642390897076716 
41.64243286313088 
41.64670795311098 
41.642795191083536 
41.64770798682366 
41.64753364195242 
41.641925239549465 
41.646878153092054 
41.64697262888382 
41.64171434696305 
41.64610996131472 
41.64748562869433 
41.64591441803441 
41.636253583957654 
41.64727252786014 
41.64771835887174 
41.636829902933 
41.642052249473075 
41.64692695584683 
41.64663943416141 
41.647014615275936 
41.64743250636371 
41.64741562293534 
41.6476223338989 
41.64737059074852 
41.642739644063575 
41.64767584324036 
41.6379822098923 
41.64769167166074 
41.647563648119615 
41.647315112209284 
41.647300272602145 
41.64229581953502 
41.64738301881359 
41.647576539425 
41.64679305742663 
41.64668692410143 
41.64769414969429 
41.64761971777434 
41.64771835887174 
41.637548679444215 
41.64768192730467 
41.6475466189483 
41.64744366489819 
41.63707031580499 
41.637293389085855 
41.647450054507566 
41.41829033611587 
41.64768921810647 
41.63260136240921 
41.64670695707402 
41.63693220517563 
41.64521711923529 
41.64751556415635 
41.647145217262825 
41.63247684605744 
41.642041199614866 
41.64210848051712 
41.64172743668906 
41.64756973943243 
41.647173412265694 
41.64767584324036 
41.42290992554944 
41.64746518171587 
41.64751743988935 
41.646953299922906 
