41.54968665291961 
41.54805996573959 
41.5437943068748 
41.31544532538398 
41.53730509383672 
41.548672168905824 
41.54859235820515 
41.54861790609414 
41.54892652779741 
41.31544532538398 
41.54391294957603 
41.54841783838361 
41.535396377748484 
41.54951521829579 
41.54861790609414 
41.54937311968978 
41.54874199169749 
41.54886851241763 
41.53174360776021 
41.53922094726223 
41.31642112673607 
41.54859235820515 
41.54890604731164 
41.54893065413769 
41.53498111791782 
41.54974245565095 
41.5415967912226 
41.54920203629737 
41.53825635108769 
41.5497051986818 
41.32416313675405 
41.548519131536366 
41.54356989216877 
41.54394380352512 
41.543883308105286 
41.5411153220793 
41.54874912063833 
41.54883285287905 
41.53531061257795 
41.53041988466418 
41.5490291356813 
41.31578281211057 
41.53709321738224 
41.54936432186323 
41.54392520809645 
41.548364738030145 
41.54810189475298 
41.549486795884185 
41.317998033387916 
41.54477253517767 
41.54849277563279 
41.54973682293039 
41.54820769531178 
41.54424641915663 
41.54896874933723 
41.543860383660615 
41.54946285154148 
41.54960885091657 
41.54935420171364 
41.54909278012641 
41.548802222323545 
41.54953741014053 
41.01162781199756 
41.31896672825945 
41.54940515331097 
41.54944046806071 
41.54345085040462 
41.54940607279501 
41.54428406508208 
41.522242833194795 
41.549156640368125 
41.54940810868766 
41.54960695174837 
41.54945087404017 
41.549338217293155 
41.54949848878788 
41.549736220285304 
41.53512265480886 
41.53404731602846 
41.54930808042461 
41.54936833144042 
41.53733657908299 
41.538934924360674 
41.54945392446601 
41.54446533234539 
41.54399393036141 
41.54921966465202 
41.54935420171364 
41.54909278012641 
41.549347544887624 
41.3186279227849 
41.54932340533643 
41.54841863312698 
41.06117592611312 
41.519225121457694 
41.54324733907334 
41.54395573911919 
41.52517228523955 
41.549051808707674 
41.549649004232016 
