41.6429555083865 
41.59324182783912 
41.41657179955468 
41.13506652975386 
41.40335394886873 
41.61969996752616 
41.640046208643334 
41.60572968228711 
41.621708995293126 
41.35779186894958 
41.641183966930434 
41.592701540808285 
41.63981675034336 
41.42176679793595 
41.376658394952294 
41.38425544246868 
41.41408038034188 
41.13788757879826 
41.638398535063175 
41.61709733077328 
41.6476712872788 
41.41050931004059 
41.63226357842664 
41.63634624148181 
40.38955106242215 
41.646472609908194 
41.639555468360854 
41.63411669314202 
41.62858481377905 
41.593704836720704 
41.621560613453674 
41.40095046019501 
40.8074855915865 
41.61127671837462 
41.39930882700017 
41.60549509371007 
41.390538450997006 
41.14866613226239 
41.41885412792824 
41.37928774340083 
41.64769793859405 
41.6263303965694 
41.633774986372735 
41.40736052293078 
41.62212631567366 
41.61973113406868 
41.64176771239174 
41.14762487994814 
41.404364265246095 
41.61061817201405 
41.642523841346986 
41.642617987811555 
41.63623317467179 
41.63215166412066 
41.13568413625006 
39.83775850844375 
41.64493915692982 
41.601475850437204 
41.40767222460793 
41.64604323306014 
41.64769707379394 
40.79281807938598 
41.61774019173051 
41.63618127285433 
41.41311886340053 
41.409712625650414 
41.61758544147668 
41.6471332615888 
39.82859245215698 
40.42227141169418 
41.64172678265698 
41.640194200218396 
41.64664787901068 
41.61179537765408 
41.640686628211 
41.41045513980617 
41.1288918694845 
41.40756892065476 
41.63223256432731 
40.80644739592787 
41.35685931232583 
41.60521893196342 
40.81115637919322 
40.8179619631388 
41.64530823181783 
41.63713308815044 
41.145020919493895 
41.41604220301073 
41.396788429304365 
41.64628860358603 
41.11919260681229 
41.6324780418833 
41.64577359057712 
41.634135893247425 
41.61483715666518 
41.606097254895374 
41.63184376106119 
41.61898763654755 
41.63277485362826 
38.76925515030906 
