41.548261630149895 
41.5405861216387 
41.54962205059727 
41.54960047295727 
41.53734068268297 
41.549659747867736 
41.54776085609074 
41.54963679051892 
41.549001316686805 
41.547957446446155 
41.548921942449915 
41.549664806586726 
41.54446879214726 
41.54880567976643 
41.54353333589605 
41.549633235237586 
41.53718880877451 
41.544282279110405 
41.54370032265509 
41.31098169629587 
41.54947142325815 
41.54958301670736 
41.549633769038756 
41.54206906263291 
41.54923009839936 
41.52936995219172 
41.54871066675951 
41.54375865993112 
41.50796759768372 
41.54935937672591 
41.54885630052258 
41.544417843566535 
41.54079926390101 
41.549503883610605 
41.54959944906413 
41.541460243025305 
41.315100341068685 
41.549246384101785 
41.54951702401902 
41.54923009839936 
41.54879393251593 
41.54886370737797 
41.54836962794957 
41.54836297368547 
41.53725716689311 
41.54909031395116 
41.54964531467404 
41.54960810929827 
41.549597085245 
41.548938797222576 
41.53757743979753 
41.549627050977804 
41.541686692929865 
41.548578165171136 
41.53578748324491 
41.549020692561555 
41.54283527230667 
41.309428069825586 
41.54803420580772 
41.549237845823455 
41.54902960161575 
41.54010199820868 
41.54846081453834 
41.54867974464986 
41.549220127646116 
41.54963448052369 
41.54962354371138 
41.54889859000555 
41.54953852324743 
41.549579650858384 
41.54835512953165 
41.5492635660819 
41.314860439833005 
41.54873619015252 
41.54472781203296 
41.54949075117005 
41.54947983051374 
41.54964374931692 
41.54089364700163 
41.5480584292412 
41.52707968722579 
41.54913848578398 
41.549076214934985 
41.549658588281375 
41.54963917214873 
41.54974849070855 
41.54435995816253 
41.54969164918855 
41.54897767007474 
41.544382506398534 
41.538814531120906 
41.527638919797056 
41.544541972158925 
41.52704473410824 
41.544131261181725 
41.527638919797056 
41.54877141990223 
41.548949404713234 
41.543796156025245 
41.54920782046137 
