41.20025641737115 
41.23349720634803 
41.24114730692449 
41.24749935844343 
41.24893256094795 
41.248493066225336 
41.22908663120305 
41.24853281348687 
41.248978467467225 
41.24878852694439 
41.24714717164913 
41.23857367420466 
41.2384782180269 
41.24876209131275 
41.22901683519675 
41.0197050280666 
41.248825186968034 
41.23756820764062 
41.22865016100867 
41.24796065632618 
41.23081284907089 
41.237535115374676 
41.2469865848025 
41.2480557376315 
41.2486032934248 
41.24042165981021 
41.238668681968065 
40.75216639365478 
41.24750315926373 
41.02052286338505 
41.2489132876505 
41.24322518719752 
41.24857961908954 
41.236560044493984 
41.243541278711405 
41.248366516402434 
41.23963491467504 
41.23288519102522 
41.22684569729771 
41.237267000248494 
41.246506533260224 
41.24326667195113 
41.248492299074 
41.24315995141089 
41.24294765287429 
41.23731517470104 
40.981352363179894 
41.240462280428815 
41.24279612877808 
41.24832468783635 
41.24871789884521 
41.24378250896972 
41.23514624829772 
41.24285872854811 
41.24861214125831 
41.24881038666275 
41.23583996037132 
41.24839714615881 
41.240933927154735 
41.233111220244076 
41.24882870310982 
41.23349720634803 
41.22696327513477 
41.24831670051448 
41.248374273341845 
41.24898782695877 
41.24839859030107 
41.248772153549396 
41.242640014308 
40.727544993773236 
41.24360920948567 
41.24889077600806 
41.22487207429839 
41.24865435266539 
41.233089618866615 
41.24787259206158 
41.2376111322352 
41.24285872854811 
41.014599395659076 
41.24835149703313 
41.232954656209166 
41.23744975081923 
41.22204363206711 
41.24881740781321 
41.24795846116084 
41.24846784416584 
41.24872075959611 
41.24265359560933 
41.24882870310982 
41.23349720634803 
41.246352146514184 
41.24221635846691 
41.24762736412679 
41.24882870310982 
41.248396728635 
41.233783703249024 
40.96941984482154 
41.248588054345035 
41.22895700319276 
41.24898782695877 
