50.579976929714405 
51.38396942452935 
51.3863565488035 
51.3726376684015 
51.15631135029967 
51.38635822043844 
51.389342703723415 
51.38254654363724 
51.37795908501844 
51.16596353115527 
50.889723067918176 
51.14906931895266 
51.386998393764244 
51.38786033440937 
51.15966080969187 
50.89302740125683 
50.895084964218654 
51.38466006945605 
51.371126899210736 
51.16426864586093 
51.39087922887894 
51.38552897524795 
51.371816276137075 
51.37868310381081 
51.1550001874769 
51.37543251376116 
51.38410582489039 
51.389354822997504 
51.167668431957814 
50.897201968963024 
51.38644359227576 
50.8919037197952 
51.387789137974885 
51.38623622276554 
51.38783735503553 
51.38637737438306 
51.39082016055321 
51.38253608376721 
51.16670994352218 
51.3847348823762 
51.38485122868068 
51.37784345527417 
51.38934184676627 
50.89091487375423 
51.38246468928638 
51.166964508807986 
51.15437360718822 
51.389225953274156 
51.38632655281828 
51.15684105927478 
51.375672701672535 
50.57471901947429 
51.3808900881147 
51.380977293149556 
51.3871244226998 
51.160626286263316 
51.3893209210388 
51.38785896278106 
51.38861249607919 
51.38709927349796 
51.15890382710101 
51.15965631771249 
51.15623818808651 
51.38251486122603 
50.89620509953381 
51.38018037391593 
51.38398562138741 
51.37406494888118 
51.37941438830147 
51.37642061477734 
51.38327105313257 
51.38939795953104 
51.38187713776114 
51.383309803804075 
51.39089525366328 
51.15874987521173 
50.89945505896422 
51.16248894421409 
51.377941913833546 
51.14467976975153 
51.387844788702424 
51.38251009651515 
51.37871349743677 
51.38790459456319 
51.16237917345214 
51.36870012525061 
51.381019374294894 
51.386367707429 
51.387832565704976 
51.378803686428476 
51.16235938900682 
51.382350927571615 
51.157091651745596 
51.384858032864784 
51.39091535471811 
51.39093219812239 
51.38783443464752 
51.38494956624512 
51.3741245678323 
51.39081204673825 
