41.544900218122116 
41.54849532947387 
41.53698175026227 
41.53167530128769 
41.549166176264855 
41.53958125243691 
41.54423597226431 
41.54856039281099 
41.53978538377505 
41.53167530128769 
41.53455982056909 
41.54896611709249 
41.54759651116199 
41.54946500209802 
41.54856039281099 
41.549652912063 
41.54905785096012 
41.54928118787621 
41.533828089458744 
41.54407777682815 
41.5352043248876 
41.54423597226431 
41.548899982667514 
41.54902312953404 
41.549367196981926 
41.54974698805916 
41.53710329592583 
41.54928119829488 
41.538762968892534 
41.54971382678491 
41.32134244872643 
41.548667757709275 
41.543831705935034 
41.544410569315424 
41.548493109432044 
41.54358922852238 
41.548780805150265 
41.539821116846426 
41.540036553478416 
41.53037063477616 
41.549022395227645 
41.536405778544975 
41.52746228655554 
41.54936814922993 
41.541542361778674 
41.54817620394515 
41.543796156025245 
41.549475078111826 
41.533821732002075 
41.54439369034797 
41.548373566961246 
41.54968849120829 
41.54381308846314 
41.539932552759694 
41.54934749379463 
41.54422390163544 
41.54951938677833 
41.54959335350671 
41.54926996800637 
41.54906510331624 
41.54893355389992 
41.54953298764645 
41.5183658210847 
41.3246152366721 
41.54948342511785 
41.54960502436857 
41.53834827611664 
41.54944475065897 
41.54455748157887 
41.52958333874991 
41.54937941728525 
41.5495255276921 
41.54956728796283 
41.54457633620217 
41.549440295497284 
41.54958068798668 
41.549688480872355 
41.5352043248876 
41.529242912510526 
41.5494242775062 
41.549433387497714 
41.539709938603906 
41.54864330543722 
41.54933436231542 
41.54946758786706 
41.53935312126117 
41.54895249287163 
41.54926996800637 
41.54906510331624 
41.54961926203019 
41.318847419717876 
41.54923009839936 
41.54862284841998 
41.3243083250914 
41.3124270893326 
41.52903688419904 
41.5440347216394 
41.057929228456445 
41.54437650157682 
41.549658588281375 
