51.15784645683812 
51.383228147421825 
51.38487000678274 
51.377981496120626 
51.37885047244308 
51.39088259217656 
51.16775998619591 
51.387049754869416 
51.37873865035395 
51.38403672960187 
50.89193052544341 
50.89504066676379 
51.380999539980465 
51.39088276206711 
51.160552312643794 
50.13751337823295 
51.16415856314067 
51.38772725760837 
51.15977075587676 
51.16239480393733 
50.903726586374 
51.38406784830351 
51.157013910549786 
51.38164748783232 
50.56408094114833 
50.56930659248253 
51.387839437726335 
51.386425228408584 
51.38626695260632 
51.38167940428031 
51.389460592175126 
50.88125642189516 
51.38707215883831 
51.38320640329855 
51.38780774532718 
51.387926870980294 
51.38934973962869 
51.16509303270836 
51.389265702851986 
51.38701749560373 
51.16599509779248 
51.380849984829744 
51.389348556487995 
51.38330454762539 
51.38854598921378 
51.1678592118808 
51.15792323434589 
51.38930092998691 
51.38929766789436 
51.16137461545488 
50.58010181515484 
51.38331190846972 
51.377121281852986 
51.384725423424754 
51.390942253913714 
51.38785729596018 
51.38934882319361 
51.386377331549305 
51.166037211806085 
51.3863604851668 
51.37725582282181 
51.15880736803513 
51.37342346596018 
51.38628106361097 
50.58021495672071 
51.38695879045717 
51.16242479454803 
51.37327353068042 
51.37949322278768 
51.37719893516022 
51.38770626411384 
51.165190326747336 
51.38641815772063 
51.38783252922224 
51.39093110423392 
51.38244886339887 
51.38335425367852 
51.38483501778587 
50.8993497554411 
50.57338421107774 
51.38256006750628 
51.386294017129266 
51.38171733597453 
51.38865550013759 
51.37802014297663 
51.37255133403978 
51.3795410971628 
51.38783737684227 
51.16425363726156 
51.37572774423985 
51.165952120625846 
51.164054007853515 
51.159679909696514 
51.38485347282041 
51.38942005555729 
51.38944760064675 
51.39086206723734 
51.16698082698143 
50.89506651462952 
51.39076698783831 
