41.60683908683773 
41.609822561960165 
40.79415739292418 
41.6458795699723 
41.612843581096634 
41.616278275185856 
41.15114342439481 
41.61897544285038 
41.13162451080417 
41.6295626287702 
41.3728968994083 
41.63288031535695 
41.622164490644046 
41.64477032147829 
41.38854016145313 
41.39384512687162 
41.6150434496863 
41.63129173559068 
41.64226769650075 
41.63312457456366 
41.646116318738976 
41.39359006719891 
41.62520612522299 
41.403930215855745 
41.6396217839514 
41.41459532116649 
41.34810084055111 
41.62026226033401 
41.64099315357067 
41.641263212355355 
41.613446039033114 
41.40375532412287 
41.10966493513382 
41.13235368765646 
41.13798159792112 
41.15143912202573 
41.63117947059904 
41.41390905543757 
41.631441508791276 
41.40244785933625 
41.6291106884172 
41.397747206923526 
41.64589034469738 
41.42173563714752 
41.60667114166915 
41.421589208998604 
41.62407785047343 
41.420960087781005 
41.3754498402222 
41.622491763301284 
41.638414063207605 
41.41835789555994 
41.387942424941556 
41.40697187884863 
41.378392877385025 
41.621985540888446 
41.60604907107854 
41.0928602894699 
41.60184508553178 
41.62045094807209 
41.62833773363021 
41.61262823640465 
41.62540278302611 
41.57868499882049 
41.60285283514219 
41.63605721696058 
41.64104295185674 
41.64621068410792 
41.63385403132321 
41.41827939496548 
41.40031594356116 
40.78794357734161 
41.42189633496693 
41.62430526395602 
41.63423663379438 
41.372645602578636 
41.40921429648843 
41.41089485283813 
41.641300205126825 
41.14493903241522 
41.377236739659416 
41.63641011926591 
41.64671622205186 
41.41583042753154 
41.40529962180425 
41.587143240026656 
41.64192378756827 
41.38768674737703 
41.37360288638193 
41.39540489007355 
41.60996356350031 
41.59818420561863 
41.39248719225908 
41.38412802479427 
41.64604849162665 
41.392823026308015 
40.33209562135823 
41.096646716983095 
41.64219098006406 
41.402444020136784 
