51.380845268304284 
51.375031213108066 
51.37413418892882 
51.390902769808434 
51.37631576490641 
51.38188801111837 
51.16406173738859 
51.38327105060504 
50.897266134123015 
51.387861525011346 
51.14998774587368 
51.38947664436048 
51.38554099477177 
51.388565535527924 
51.15886547394488 
51.16062959606554 
51.16239900103788 
51.38479653458128 
51.389488678381525 
51.383217394227344 
51.387890367169945 
51.16063053824045 
51.38706384340611 
51.38479398593955 
51.38617890492377 
51.165855439701986 
51.371775785371184 
51.158920398686796 
51.38710299232263 
51.38939528808653 
51.148249258550685 
51.384764922325274 
51.158714891120944 
50.89832037725906 
51.158834912194536 
51.387770547951824 
51.16410115293449 
51.39060148682686 
51.389374714546946 
51.16605075496256 
51.15703325542847 
51.38533845457055 
51.389355283726644 
51.38939094280619 
51.15885101844982 
51.390915653253856 
51.38621740593555 
51.39080795357593 
51.15173097261439 
51.38482518857232 
51.38778235969619 
51.16323362245427 
51.38176002655492 
51.387022229791604 
51.37937048871081 
51.157094282734846 
51.38634514130292 
50.558735217140885 
51.15271923866262 
51.38407623406741 
51.387016931029216 
51.14812726099506 
51.16694854780494 
51.14906651478013 
50.89509383269305 
51.38477647333083 
51.387864406496824 
51.39083091842483 
51.38408970937278 
51.389352690786055 
51.16221713232929 
50.57748108663945 
51.38868356390942 
51.16334625462208 
51.1587988661359 
51.151629870062834 
51.15875378423674 
50.90260273571667 
51.387057620909 
51.15713109634815 
50.56942272092428 
51.158963082426695 
51.390923117414694 
51.16157616692841 
51.38716150711553 
51.37418439584721 
51.390932414669756 
51.38481898764279 
51.38093257136486 
51.1597022865625 
50.894073374901296 
51.161506090274116 
51.164954109081265 
51.15608443781874 
51.389309819908775 
51.15881735254046 
51.15174735211489 
50.876109421179365 
51.16782960338587 
51.38632303264629 
