51.37861781492681 
51.37943375328886 
50.56942692895064 
51.39085057596817 
51.38076562927718 
51.38112241485332 
50.90251004690104 
51.38243476820571 
50.89619035961001 
51.38558072654418 
51.15255031999756 
51.3864298922399 
51.383269426289715 
51.39074029437546 
51.1571560152125 
51.15890090516606 
51.38099297381891 
51.38627159846533 
51.38944976138369 
51.386969571426725 
51.39087350482192 
51.158868400496445 
51.38410620634696 
51.162332814897745 
51.389183003458655 
51.165835488484504 
51.14460303619376 
51.38256226100595 
51.38932080163781 
51.38934858940789 
51.3808326621718 
51.16231638539758 
50.88961169417193 
50.89626380642801 
50.89828029386873 
50.90254088544607 
51.386258506299846 
51.16575970760794 
51.38627853536139 
51.1615854054678 
51.385529974970176 
51.1604944888283 
51.39085654997159 
51.16776760488922 
51.37808704853774 
51.16775839091846 
51.3839878512286 
51.16768657180556 
51.15341361228901 
51.383308436165855 
51.38853518510857 
51.16682143611405 
51.1570966829771 
51.16324112558274 
51.15431121410376 
51.383254057532945 
51.37801196858298 
50.88428233715532 
51.377074039678256 
51.38258346264342 
51.38544977722179 
51.38074533311725 
51.384120325038886 
51.36954576221602 
51.37717522149778 
51.387784567372925 
51.38932253143673 
51.3908916066123 
51.38704458194117 
51.166811688503785 
51.161369819392455 
50.56698333984645 
51.16777918231869 
51.38401035790363 
51.3875961680249 
51.15251806296982 
51.16407429475271 
51.16424433511208 
51.38934993971911 
50.900441984775924 
51.15359133002393 
51.38782628456708 
51.390942269677325 
51.165968610434014 
51.16247472926837 
51.371955801838084 
51.38941941948228 
51.157066455038795 
51.15262208670008 
51.15965631771249 
51.379445933014225 
51.37566940515019 
51.158760999590044 
51.15610075114609 
51.39087492531763 
51.158794409824516 
50.13934852436812 
50.885403165403744 
51.38944157692508 
51.16157912411701 
