51.38383699322144 
51.16141743026886 
51.38635999941658 
51.15883565569754 
51.38256364734468 
51.390884357520825 
51.38784373999806 
51.16512224408036 
51.37642463153972 
51.38630085005706 
51.15342273663817 
50.89502797835275 
50.57081631869459 
51.39089547751597 
51.159679531199956 
51.15269340433481 
51.38326580053866 
51.1578824461554 
51.15888729666275 
51.38559376769673 
51.3908634257538 
51.38478581410381 
50.887752898993995 
51.38316393189904 
50.87898418398338 
51.37556088946238 
51.16158138901154 
51.38639136217446 
51.387810775446 
51.38253739611526 
51.390964699831144 
51.15878124070164 
51.389312521581665 
51.3825126049924 
51.38932971901024 
51.16423645436624 
51.384788627721626 
51.163320405596295 
51.165838065369016 
51.16502325220324 
51.390952355001865 
51.149125207517805 
51.16424431719321 
50.57075369462193 
51.38777289554111 
51.38946547693171 
51.37485425064407 
51.16492855864339 
51.38631670994945 
51.372461275483566 
50.89308048146011 
50.56948809838913 
51.15610451662672 
51.380245041524965 
51.388682385627035 
51.164182923151124 
51.39086938182431 
51.390867416323374 
51.386368930828375 
51.38484760861771 
51.15716134966268 
51.1597022865625 
51.37872568833179 
51.38471376033044 
51.380280967417676 
51.38771241283553 
51.376471287651974 
50.88120099374173 
51.153630274572905 
51.3779227431395 
51.38096332681749 
51.16689673016143 
51.16246864612893 
51.38632372661519 
51.39096328439455 
51.15706296560894 
51.38556517539375 
51.380991368316835 
51.16146391076922 
50.572043609110395 
51.38782144599208 
51.16322046025263 
51.37715210685529 
51.38791022974941 
51.38251345887782 
51.14628796718471 
51.38709285124658 
51.1606639743413 
51.3893502669884 
51.38260874462214 
50.89933045558219 
51.16053512445861 
50.571993686705206 
51.3886145318649 
51.39092899885996 
51.39091344492852 
51.39082047956871 
51.387982920882074 
51.37487448414018 
51.38928884972853 
