34.61707810714829 
34.61770195618511 
34.61761595432612 
34.61767879848441 
34.617702059237516 
34.617702247446346 
34.6172296318915 
34.61769650681983 
34.617703067213434 
34.61770161594243 
34.61768321020994 
34.617703067213434 
34.61756041979813 
34.617702247446346 
34.6171950475202 
34.617691232290554 
34.617701417773056 
34.61755075520434 
34.61741420552077 
34.6176871673484 
34.61742909869505 
34.61750889106152 
34.6176868737308 
34.61770008629967 
34.61770195618511 
34.61755498670136 
34.61763214094255 
34.351721678213 
34.61767390896263 
34.6176998089936 
34.617703067213434 
34.617699113949534 
34.617700297439725 
34.61770161594243 
34.617698277323996 
34.61770296624075 
34.617533494721116 
34.61746920860169 
34.61722611874583 
34.61753427490184 
34.617689591866814 
34.61762487518559 
34.61769758206028 
34.617703067213434 
34.61761568723859 
34.61759714434664 
34.61698476653084 
34.61755498670136 
34.61763216776046 
34.617694187992974 
34.61770057293968 
34.617702386235976 
34.61743794675924 
34.617617189495874 
34.6176971307188 
34.61770059045259 
34.6174903630534 
34.61770296624075 
34.617703067213434 
34.61755738046288 
34.61770195618511 
34.61770195618511 
34.61722611874583 
34.61769315642303 
34.61769912653695 
34.617703067213434 
34.6176949891571 
34.61770178888226 
34.61768900912025 
34.340793374933405 
34.61770296624075 
34.617702550090904 
34.617293954909066 
34.617696377661765 
34.61754889563177 
34.617702248267264 
34.617561494483205 
34.617617189495874 
34.603137764113555 
34.61770146593352 
34.61746957145066 
34.6175379260479 
34.61730563844293 
34.617700059264116 
34.61769595746015 
34.61770115759705 
34.61770143063409 
34.61768321020994 
34.61770195618511 
34.61770195618511 
34.61770176863297 
34.617617174992155 
34.61770066783775 
34.61770195618511 
34.61769546140536 
34.617698727680015 
34.61147692157118 
34.61769639013975 
34.61736168289012 
34.617703067213434 
