34.94959281474072 
34.949264072459904 
34.94959908998099 
34.95004710855812 
34.94932557818997 
34.948945531614854 
34.94991781821307 
34.949983086986464 
34.93811775404577 
34.9499253216149 
34.93837178135498 
34.949989354921925 
34.949667646166134 
34.950043685422415 
34.94969481968693 
34.94433278425602 
34.9500367432807 
34.94978697682884 
34.94999133988781 
34.9497277925202 
34.94988597017269 
34.93830952708787 
34.95003781914554 
34.94998788540902 
34.94990002771731 
34.9443958061756 
34.94971328739417 
34.9390895583129 
34.94988273828003 
34.950047962123946 
34.943384547380425 
34.94970483594879 
34.9441151833132 
34.94446149812788 
34.9496646256129 
34.94990491448943 
34.949904154607076 
34.950027365474746 
34.95004184079783 
34.944581812467064 
34.94963334369735 
34.94976470107302 
34.95003403007735 
34.95004707947854 
34.9415448179774 
34.95004384885959 
34.9498987313047 
34.950045723604426 
34.93837073536095 
34.94978658781384 
34.95004471651076 
34.944362422800026 
34.9497248165698 
34.949870457291446 
34.94977349114606 
34.94412655819938 
34.949838753928745 
34.67410315033031 
34.941058282259725 
34.949833757031094 
34.94976167263647 
34.943384547380425 
34.95005248766182 
34.94281735155922 
34.938691704867644 
34.94960726985803 
34.9500366809917 
34.95003918085172 
34.949679479228635 
34.94997094504171 
34.93900130237436 
34.67743818437138 
34.95004804862369 
34.944564187520186 
34.93043097763625 
34.94912715134039 
34.94984161487429 
34.94452398287635 
34.949962161735776 
34.94444006059158 
34.68356817682631 
34.94984812661368 
34.95004563258395 
34.9445437024556 
34.94986343023978 
34.94909698226769 
34.950044735810245 
34.9497848658082 
34.949683017098046 
34.94381688290862 
34.683865599658404 
34.94395167434148 
34.94440975171376 
34.94963557233475 
34.95005187925308 
34.94422420915736 
34.93853875154368 
34.67672393466449 
34.95005323659928 
34.94998326308003 
