34.95005707108345 
34.95005650896895 
34.950026745927644 
34.95005743346724 
34.95005734944567 
34.950054775766695 
34.9500538752605 
34.95004800350473 
34.950049075405666 
34.95005535731162 
34.95005312780125 
34.95005743346724 
34.95005734944567 
34.9497189413877 
34.95005493055269 
34.95005743346724 
34.95005606082461 
34.95004017673466 
34.95005743346724 
34.94992777158949 
34.95005675125371 
34.95005589786695 
34.95005675190571 
34.95004863125801 
34.95005743346724 
34.94998027083396 
34.9499059042921 
34.95005675190571 
34.950047222442265 
34.949979922254016 
34.95005722760787 
34.95005437274058 
34.95005417092321 
34.95005493055269 
34.95005636965736 
34.95004011461968 
34.95004412922386 
34.95005606082461 
34.95005636965736 
34.94998722124573 
34.95005568879081 
34.9500562256948 
34.95005326437472 
34.95005734944567 
34.95004641190859 
34.949980618979126 
34.94956376553857 
34.950053904644214 
34.95003641405746 
34.950030130982334 
34.95005607038734 
34.95005707108345 
34.95004052503924 
34.950052325051495 
34.950056705700355 
34.94983627050221 
34.94992303669544 
34.95005109801885 
34.95005709872842 
34.94999476936376 
34.950050450532565 
34.949981274451616 
34.950057006230786 
34.94997293338008 
34.950056866701914 
34.95005743346724 
34.95005264227419 
34.95004524272587 
34.94447034544399 
34.950052481532964 
34.95005606082461 
34.950043510466365 
34.94985530906897 
34.95005743346724 
34.95005642494733 
34.95005606082461 
34.950056866701914 
34.94998210284427 
34.95003214831901 
34.950052865607965 
34.95004511062877 
34.95005734944567 
34.950057003101165 
34.94983920205364 
34.95005743346724 
34.94973094450188 
34.950044037942476 
34.950053534739745 
34.95003046372789 
34.950056866701914 
34.95004207643455 
34.95005695711315 
34.950043510466365 
34.949925225805025 
34.94998074634399 
34.95005493055269 
34.95005743346724 
34.950056866701914 
34.94459090080996 
34.95005462923942 
