34.94961504680071 
34.94414749506884 
34.95005298870668 
34.9443702210846 
34.94951430396973 
34.95004552648032 
34.94990922303217 
34.944329273870764 
34.9496685309133 
34.949817315241525 
34.94397787071698 
34.94445226126146 
34.677754867625666 
34.95005128970881 
34.949859616455676 
34.93349247094593 
34.949797336336296 
34.9496392766645 
34.944460167626545 
34.94979910658398 
34.950033976525226 
34.95004832885674 
34.92737528351328 
34.949901477931355 
34.94909636649652 
34.94913327807106 
34.94439467831161 
34.94998025153362 
34.95003333646423 
34.94986732456863 
34.95005385700435 
34.93349247094593 
34.95004517674253 
34.94975773115534 
34.94996223376522 
34.94998305038543 
34.94977812675505 
34.944446380539155 
34.94446357126565 
34.94450743944528 
34.95004525446204 
34.941527111858456 
34.94433258687344 
34.67388975952443 
34.94991962748037 
34.950054413512646 
34.94960919260743 
34.94445340701487 
34.94992650419688 
34.94923252060276 
34.938874054562 
34.36207627538214 
34.943992798449436 
34.94928865061646 
34.94995627330548 
34.94438666628886 
34.95003334924372 
34.950031226282185 
34.94984892591227 
34.949760929025594 
34.94413790999462 
34.94381688290862 
34.949507682145146 
34.94974822541101 
34.9494472822263 
34.94991620869359 
34.94930939063139 
34.94113283850334 
34.94400410293335 
34.94940973395499 
34.94952800305442 
34.944560312970886 
34.94430259082324 
34.949900983398095 
34.95004937767637 
34.94940076502234 
34.94979074654747 
34.949665246880755 
34.94422420915736 
34.340902742516604 
34.94984359830452 
34.950030432691925 
34.94998032682235 
34.94992613678106 
34.949655095515524 
34.9491990231896 
34.949870202672656 
34.94451114370083 
34.949966755485875 
34.94909766358684 
34.94426060292504 
34.944314763722225 
34.93882209924167 
34.950055259119694 
34.95005439582157 
34.95005298870668 
34.950028384273374 
34.94990172880607 
34.94913520206119 
34.94999173571569 
