43.07068527056229 
43.06892144587141 
43.0707283578061 
43.0689463964537 
43.070673152795806 
43.0707281326291 
43.07071480615858 
43.068940674129166 
43.07068925815379 
43.07070516884322 
43.06890484795768 
43.06895351558308 
42.80470197336607 
43.07072829943782 
43.07070877158606 
43.06542727290572 
43.07070229605636 
43.070688245983284 
43.06895379291521 
43.070702378862904 
43.070727727855136 
43.07072818756543 
43.06359797570889 
43.07071452267419 
43.070630722445244 
43.070634154487834 
43.068947197539345 
43.07072156061986 
43.07072767337808 
43.07070903101569 
43.07072840692046 
43.06542727290572 
43.07072809719431 
43.07069878642784 
43.07072094178252 
43.070721639147514 
43.07069949490625 
43.068953331797935 
43.068956105102615 
43.068959751661176 
43.07072813748782 
43.06805264920662 
43.068940750449045 
42.8035847574692 
43.07071514293839 
43.070728420996396 
43.07068287062112 
43.06895356776487 
43.07071536947859 
43.070644015682475 
43.06718018913074 
42.48485614131976 
43.06890534561738 
43.070650304351965 
43.07071857225427 
43.0689469504622 
43.07072770508872 
43.0707276262158 
43.070708431582794 
43.07069888519705 
43.068921141842004 
43.06888853597568 
43.07067292913617 
43.07069845177875 
43.07066653768445 
43.07071504175747 
43.070650992888844 
43.06801319575041 
43.06890793516177 
43.07066307471322 
43.07067577427434 
43.068963671964795 
43.0689376055208 
43.07071451714171 
43.07072822291167 
43.070660592707526 
43.07070211215106 
43.070689119088705 
43.068930582472056 
42.478181314425 
43.07070823025401 
43.070727593693384 
43.070721553580846 
43.070715381159786 
43.070688792983944 
43.070640731768634 
43.07070911832206 
43.06895985602493 
43.07072111834515 
43.07062860724157 
43.068933987997106 
43.06894015745613 
43.06717624471966 
43.07072841467376 
43.070728405042686 
43.0707283578061 
43.07072753144069 
43.07071234856805 
43.07063423128869 
43.070721909484185 
