43.0707220210847 
43.07069533984758 
43.068960042424834 
43.068927354071675 
43.06716995499205 
43.07067600256925 
43.070727460460674 
43.07068276755823 
43.07070820690853 
43.07064359961966 
43.070721960519485 
43.070634226329396 
43.0707212862335 
43.06896668466899 
43.070646862115844 
43.068920391707906 
43.070728405042686 
43.06896344200747 
43.070728045175365 
43.070699425927906 
43.070728466765466 
43.06895960419942 
43.07070832799075 
43.070721452797194 
42.47027396825148 
43.07072788863595 
43.070715356561315 
43.07072830088332 
43.07070194672221 
43.07063793962588 
43.07071451752917 
43.068930470926766 
43.067196356175906 
43.07065112590607 
43.06894060978022 
43.07066638874893 
43.07071509929733 
43.067202824830936 
43.070728397059824 
43.07072810559337 
43.070728469276965 
43.07070890978266 
43.07070803205251 
43.06894959758305 
43.07068883633328 
43.07069226137057 
43.070727890890865 
43.067190025383006 
43.07072750238116 
43.070676406521585 
43.07072830007655 
43.070721944742026 
43.07071516432039 
43.07070867477387 
42.80676259899668 
42.802567896217546 
43.07072745691689 
43.07067559348774 
43.06893735023252 
43.070728440134374 
43.07072846931976 
42.484850429505535 
43.07071413279205 
43.07072109335089 
43.06630417083708 
43.06896025270385 
43.070728303563165 
43.07072833997931 
41.48487538026407 
42.06984120411115 
43.07072132788399 
43.07071867560633 
43.070727996874474 
43.07068176249094 
43.07072785958563 
43.06807222406836 
42.803608030580286 
43.07071191916442 
43.070728405042686 
42.48486503334359 
43.07067944873905 
43.07064733475011 
42.4835238534035 
43.0654170992762 
43.07072817401641 
43.07069908072411 
43.06806849056532 
43.06895388982475 
43.07069530117408 
43.070727771083675 
43.06717602602966 
43.07070789380913 
43.07072820748566 
43.07070194902011 
43.070683101952014 
43.070709063454814 
43.07070897951376 
43.07069156344758 
43.07070910574986 
42.066300245266554 
