34.95005653413631 
34.949964852861264 
34.95005743342377 
34.95005734974994 
34.95005548575656 
34.95005224333338 
34.95004639139204 
34.950051783755875 
34.950055426815325 
34.949992179272314 
34.95005743342377 
34.95005734974994 
34.95005719083485 
34.95004734701935 
34.95005622239131 
34.95005672621675 
34.94997398477575 
34.94991832660785 
34.95005672621675 
34.95004673656548 
34.950056489886954 
34.95005743342377 
34.95005653413631 
34.94994030052386 
34.95005743342377 
34.95004911943792 
34.95005638504466 
34.95005743342377 
34.94989556151837 
34.949888510809785 
34.95005382622969 
34.94979439044004 
34.95002942315339 
34.95005743342377 
34.95005114009501 
34.95004842891823 
34.950050060067255 
34.95005664497703 
34.95005711420265 
34.95005640621307 
34.95004734701935 
34.950056886609765 
34.95004998712938 
34.94991801244207 
34.95003644005106 
34.95005743342377 
34.949992179272314 
34.94980482814842 
34.950048746489514 
34.95005743342377 
34.95003925244265 
34.94992319571225 
34.95005743342377 
34.949990322410564 
34.95004998712938 
34.95005743342377 
34.9500506756923 
34.95005676003404 
34.95005743342377 
34.949931812806085 
34.950056886609765 
34.95005316214022 
34.95005743342377 
34.950055426815325 
34.95005394550323 
34.950057369223124 
34.94986903360797 
34.95005234078657 
34.95005622239131 
34.95004312856224 
34.95003182078997 
34.95005693503194 
34.95005743342377 
34.95005743342377 
34.94998797778069 
34.950056886609765 
34.95005743342377 
34.95005385326618 
34.95005743342377 
34.94979439044004 
34.95005656573679 
34.949744346803435 
34.95005690860404 
34.94986182187686 
34.95005683644892 
34.949926768977924 
34.95005491438296 
34.95005532714553 
34.95005672621675 
34.94984131269047 
34.95003748687983 
34.950056489886954 
34.950026397011186 
34.95005288999299 
34.95005743342377 
34.950056886609765 
34.95005541081947 
34.95005540651624 
34.950055426815325 
34.95005743342377 
