34.94945112119137 
34.94959991689738 
34.93850403564782 
34.950045701218784 
34.94942244746477 
34.94903714436681 
34.95004177603141 
34.95003383525542 
34.943978716794 
34.949985325646644 
34.93863792634589 
34.9500496253088 
34.949702168598755 
34.95003383525542 
34.94420256506439 
34.94992725863361 
34.94991034907112 
34.94997858518247 
34.94998741550885 
34.949853745778555 
34.95004169905065 
34.944169053789736 
34.94992145609 
34.94982500945147 
34.95003602884792 
34.94989297381364 
34.94432197181438 
34.9497992916558 
34.94997410418629 
34.950041688966216 
34.949494824019865 
34.94399345459652 
34.94408622407776 
34.94424679516416 
34.94971747959914 
34.94983959131529 
34.949900281548345 
34.949967046776 
34.950048446348575 
34.94991699378286 
34.949700140061616 
34.949652752210376 
34.95004011814054 
34.94998575060046 
34.949910339290064 
34.944422852915594 
34.94440644914309 
34.949979394797936 
34.9412930225977 
34.949704755341415 
34.9499227747828 
34.68417588748644 
34.94448296205037 
34.94139323764154 
34.9498709052326 
34.94989849599234 
34.949746790303074 
34.94978685975047 
34.94403513028142 
34.94446258828192 
34.949915243937404 
34.949404247651515 
34.944464049077446 
34.9328700766526 
34.94991875749347 
34.94451136763229 
34.95002916578071 
34.94986152965255 
34.94982396259894 
34.94998154209157 
34.94166335869999 
34.68062650056497 
34.950047035315826 
34.94991385590107 
34.94978150182865 
34.941111452262255 
34.944264545094946 
34.94993244817382 
34.95005448792817 
34.941741885343795 
34.949245351404905 
34.9445750444843 
34.95004923936384 
34.9444209558822 
34.949985484091485 
34.94866263598303 
34.950048675898806 
34.93593424443153 
34.949690272070576 
34.94384109671392 
34.93329726539428 
34.94966457678624 
34.94990351114118 
34.94963821637244 
34.95005186703882 
34.92673771969259 
34.93045022409189 
34.93829983999987 
34.950053804235374 
34.94991622995099 
