34.86829829835077 
34.86838320510606 
34.86839245563935 
34.86839339644385 
34.86837703082911 
34.86839339644385 
34.868390432997295 
34.86839338043642 
34.86839339644385 
34.868386442718965 
34.86823738084222 
34.86839207601469 
34.868376029387385 
34.868392824408296 
34.86839330890899 
34.86839078502333 
34.868386864663776 
34.86839339644385 
34.86838896785419 
34.867970289402166 
34.86839339644385 
34.86839245563935 
34.868273263768955 
34.86839339644385 
34.86838476234427 
34.868392299658844 
34.86839339644385 
34.86822769379823 
34.86822040128428 
34.86838964665372 
34.86819313531902 
34.86838029734308 
34.86838479408332 
34.86839009325276 
34.86839339644385 
34.86838321964165 
34.86839258760869 
34.86839212951082 
34.868128053532146 
34.868376029387385 
34.868378815906105 
34.8683856700808 
34.86825056993426 
34.86820222867781 
34.868391100572524 
34.86836197435478 
34.86808422590704 
34.86839265660625 
34.86839304050859 
34.868382952021356 
34.868296658630676 
34.868392691979 
34.86824148184851 
34.868288643963 
34.868386737201774 
34.86839304050859 
34.86839339644385 
34.86838978736303 
34.86838098585243 
34.86839339644385 
34.86838029734308 
34.86839272376386 
34.86839128038034 
34.868388104508306 
34.86838448800846 
34.868134888379366 
34.868388104508306 
34.86839212951082 
34.86837857869021 
34.86817565999347 
34.86839339644385 
34.86839236810444 
34.86839212951082 
34.868392824408296 
34.86838448800846 
34.868364048095934 
34.868386646998594 
34.86837673372238 
34.86839330890899 
34.86839289800567 
34.86823678187884 
34.86839339644385 
34.86817965623744 
34.868377790040235 
34.86838896785419 
34.868303220765966 
34.868392824408296 
34.86838522449236 
34.86839272376386 
34.86837857869021 
34.86825870722649 
34.86838098585243 
34.86839078502333 
34.86839339644385 
34.86839195227902 
34.86839129712376 
34.86838934531773 
34.86839212951082 
34.86837857869021 
34.86830385691673 
