34.61751782424153 
34.61770198655902 
34.61749085923345 
34.61760169413601 
34.617702024594834 
34.617699872970476 
34.61743125685394 
34.617697547198574 
34.61770306715871 
34.61770155048798 
34.6176801247235 
34.61770306715871 
34.617525018507045 
34.61770143594269 
34.61753096479583 
34.617692472430846 
34.61770161200203 
34.617691441680606 
34.61755590403219 
34.61769336964377 
34.61749373953749 
34.61727906942707 
34.617683723946236 
34.617701151960084 
34.61770198655902 
34.617590304557005 
34.61769811795627 
34.61769577094707 
34.617672427889765 
34.617699097312254 
34.61770306715871 
34.61770067686784 
34.61769954192159 
34.61770155048798 
34.61769905916691 
34.61770296662384 
34.617466031685076 
34.6176009442036 
34.61736092544294 
34.61750508734957 
34.61762345787846 
34.61749613378378 
34.61769707024439 
34.61770306715871 
34.617557771203636 
34.61740678687496 
34.61702466178463 
34.617590304557005 
34.61762922194667 
34.61755399099172 
34.61770063636924 
34.61770241020673 
34.61747358757895 
34.617691441680606 
34.61769491264729 
34.61770065563344 
34.61755667226893 
34.61770296662384 
34.61770306715871 
34.617530393369925 
34.61770198655902 
34.61770198655902 
34.61742734948211 
34.61769506320415 
34.61769831503153 
34.61770306715871 
34.61762376825658 
34.61770180738025 
34.61769147052235 
34.61155142773544 
34.61770296662384 
34.617702494651674 
34.61753870113597 
34.617697970409765 
34.61748781575593 
34.61770234989674 
34.61755923296393 
34.617691441680606 
34.61183631778833 
34.61770221745552 
34.61746423319905 
34.61191450228548 
34.61767728561918 
34.61769771729304 
34.61769467562008 
34.61770183293813 
34.61190936268177 
34.61195948803717 
34.61770198655902 
34.61770198655902 
34.61770015011235 
34.61195707854071 
34.61770225817299 
34.61770198655902 
34.617631195966574 
34.337957777504776 
34.348002826931236 
34.617696881104514 
34.61726074781026 
34.61770306715871 
