34.8683926521444 
34.86838747984832 
34.86839197845211 
34.862631055286045 
34.86822849490524 
34.868377589945254 
34.86837077625735 
34.86839196046674 
34.86838911215144 
34.862631055286045 
34.86831758706017 
34.868390877802156 
34.8681574225072 
34.86839232688989 
34.86839196046674 
34.868392803571034 
34.86839228355941 
34.8683821372925 
34.86811579091745 
34.868392635125005 
34.86839222435949 
34.86837077625735 
34.868389832165526 
34.86838280583754 
34.868200513125124 
34.86839339648985 
34.86839011137616 
34.86839339648985 
34.8683750394447 
34.868392683469295 
34.868388690713275 
34.8683921329607 
34.86837956973444 
34.86832052328596 
34.86831823866085 
34.868245544108554 
34.86838705017594 
34.86838658020868 
34.8683925022817 
34.86807520753442 
34.868392683469295 
34.85717023012376 
34.868191718556574 
34.86839124040771 
34.8683198969407 
34.86836722135297 
34.86836370595323 
34.868392683469295 
34.8626702582868 
34.8683253987508 
34.868375534393124 
34.86839334050986 
34.868392635125005 
34.86831993926133 
34.86838682436904 
34.86831844318014 
34.86838941183153 
34.86839211065148 
34.86838698494999 
34.86839196046674 
34.86837364397441 
34.86839222435949 
34.602139811992444 
34.85712069573795 
34.86838985194486 
34.868389199732555 
34.86831823691282 
34.86839339648985 
34.868390061467835 
34.868385633971904 
34.86839211065148 
34.86838942517109 
34.86839122513624 
34.868392683469295 
34.868389709257634 
34.86839122513624 
34.868393344465716 
34.86839222435949 
34.86832132378941 
34.86838726365519 
34.868387232882164 
34.86817036045038 
34.86825542231212 
34.868389116291304 
34.86832329109766 
34.868261333836934 
34.868386086644 
34.86838698494999 
34.86839196046674 
34.86839169409002 
34.86273086455298 
34.86839001919525 
34.86837653063732 
34.84897855788454 
34.86785859497369 
34.86839011142215 
34.86832415641435 
34.86803934153577 
34.86838935741533 
34.8683921329607 
