34.9499953767968 
34.94972023635323 
34.944516551295564 
34.944193073841426 
34.938764684879835 
34.949534338800134 
34.95002626286937 
34.94960560368475 
34.94984292242393 
34.94921925115488 
34.94999277679554 
34.94913546242056 
34.94997191058657 
34.94458482221388 
34.94925084079167 
34.9441151833132 
34.95005439582157 
34.944553131202106 
34.95004404680981 
34.9497761845799 
34.9500571008583 
34.94450341302614 
34.94984600207537 
34.94997765393938 
34.31650389916919 
34.95003920388948 
34.949926053056146 
34.95005141863224 
34.94978722515844 
34.94918061740016 
34.94990101887095 
34.94422126966549 
34.93903075162372 
34.94931283277511 
34.94432775987265 
34.94944311637102 
34.949918537616625 
34.93909359242419 
34.950055092945384 
34.95004522268746 
34.95005732545193 
34.94986423513787 
34.94983855412447 
34.9444010112002 
34.94965615240381 
34.94969313265842 
34.95003940531774 
34.93897249532109 
34.950027195515524 
34.9495458127919 
34.95005134686805 
34.9499920683397 
34.949920834454275 
34.94985730117497 
34.68378889762405 
34.67100027136627 
34.950026651602414 
34.94952240197061 
34.944295952409405 
34.950054714391285 
34.95005732932048 
34.36200343094408 
34.94988985100786 
34.949966633944705 
34.93619109376133 
34.94452196297163 
34.950052365562804 
34.950052803493534 
33.362258187140384 
33.94725555394081 
34.94997352399964 
34.949959178574616 
34.950041836842296 
34.94957628389436 
34.95003871731451 
34.941720897314276 
34.67411505649984 
34.949888679133416 
34.95005439582157 
34.36214660569454 
34.94957179173467 
34.94926565482951 
34.35785289175565 
34.933385009055534 
34.950047114860865 
34.94976573531713 
34.94167428079913 
34.944463188187015 
34.949718888606476 
34.95003573161665 
34.93881663026472 
34.94983323069536 
34.95004799507209 
34.9497867227605 
34.94961508654167 
34.94986811103216 
34.94986553436374 
34.94967367264488 
34.94986907551556 
33.93613882895825 
