34.94418808899313 
34.94958557806193 
34.94999334571602 
34.94962440941692 
34.94930318715002 
34.95004681132914 
34.9445699159646 
34.94993478406941 
34.949610917866394 
34.94966133804967 
34.680140439759946 
34.94445182677645 
34.949986968168965 
34.95004969455198 
34.95004825613612 
34.34157557951851 
34.944391480481194 
34.94996096527267 
34.950044848477496 
34.94445964984297 
34.93909411402056 
34.949988119663544 
34.941350816017795 
34.94965779504007 
34.93297628072196 
34.936047288740895 
34.94998022662574 
34.94998486152703 
34.94996813751597 
34.94998380157586 
34.95005344371976 
34.93603575784687 
34.9500464499859 
34.94982067331204 
34.949965483128494 
34.94998455598262 
34.94999014523113 
34.94167382676442 
34.949953581816224 
34.94984734818182 
34.94448277978613 
34.95003937180432 
34.94998215883258 
34.94964556839875 
34.95004210655745 
34.95005521208841 
34.94447782168359 
34.949979499037255 
34.95005068673295 
34.944226364117554 
34.67432663675382 
34.949833396069224 
34.94933309093501 
34.949561398822276 
34.9500450344306 
34.94991569499458 
34.94997062710554 
34.94991570086319 
34.944513285142186 
34.94985690326697 
34.949332132833995 
34.94384109671392 
34.94911257323469 
34.94991635023574 
34.924341973030465 
34.949852852146044 
34.93878173123497 
34.94946251722438 
34.949437034267696 
34.94907514125999 
34.9498957733999 
34.94453018944483 
34.949927673432356 
34.9498992584425 
34.950044971403024 
34.949616976061776 
34.949608873069714 
34.94985345781298 
34.92124668968999 
34.35364460249905 
34.949667049029976 
34.94996876030499 
34.94979444395758 
34.949925869826366 
34.949347672900984 
34.94944771794904 
34.94953173840269 
34.950033928971635 
34.944295912172535 
34.94878320604103 
34.941639867580115 
34.949969000257134 
34.949749727905626 
34.95005379436836 
34.9500547204332 
34.94999334571602 
34.95003923144786 
34.94452968137309 
34.680605099705915 
34.95004824418264 
