43.07066022831855 
43.0706501915905 
42.80464330671492 
43.070728080653566 
43.070666553825305 
43.07064144379143 
42.80681324431147 
43.070721367150554 
43.06538148175645 
43.07072160496067 
43.066268010741986 
43.07070894839365 
43.07069239808043 
43.07072776874505 
43.070702120462805 
43.06364949137115 
43.07070837911166 
43.07070202689011 
43.07072183787515 
43.0707084765148 
43.07072784745196 
43.06452051529689 
43.07072818411801 
43.06894079983883 
43.07072099901028 
43.06807740378479 
43.06887925221109 
43.0707151213515 
43.07072125512021 
43.070721688150755 
43.07065928824239 
43.06893013408456 
42.8067038057131 
43.06895394745616 
42.80572474066271 
43.06895299101921 
43.070708435179725 
43.07072765364228 
43.070727581926555 
43.07072168715736 
43.07070186981517 
43.0689204624801 
43.070727776972326 
43.068966547729524 
43.070686254912346 
43.06896664061883 
43.07069534706492 
43.070728027624995 
43.068901330122195 
43.070689223649 
43.07071843044889 
43.06895892223988 
43.07071177992473 
43.07071455044511 
43.07068238050831 
43.070698710008344 
43.07068011525184 
43.068895131281344 
43.07063071957874 
43.07070246922283 
43.07070115210632 
43.07065928824239 
43.07070890588261 
43.07054794299184 
43.070683049641424 
43.070711599153576 
43.07072763423849 
43.07072816084016 
43.07070553119063 
43.07072768259202 
43.068949424645744 
43.06891496404715 
43.07072807528606 
43.070721323705364 
43.07070467999344 
43.068894678478124 
43.07071163646109 
43.07071545543309 
43.07072828012243 
43.06719926539708 
43.07064118738684 
43.07072782093736 
43.07072817649886 
43.06807849913166 
43.07071201761305 
43.07058682748202 
43.07072166619149 
43.068914581448944 
43.068901721590045 
43.068901201366366 
43.07069532132027 
43.070656854125694 
43.07071458273856 
43.070692290683496 
43.07072834740684 
43.068921049723144 
43.06449204218372 
42.80464642991004 
43.07072838301591 
43.068950445132884 
