34.950057093208116 
34.95005653413631 
34.949964852861264 
34.95005743342377 
34.95005734974994 
34.95005548575656 
34.95005224333338 
34.95004639139204 
34.950051783755875 
34.950055426815325 
34.949992179272314 
34.95005743342377 
34.95005734974994 
34.94993004463394 
34.95005288999299 
34.95005743342377 
34.95005622239131 
34.95003748687983 
34.95005743342377 
34.94989556151837 
34.95005604535037 
34.950056489886954 
34.95005683644892 
34.95004557985814 
34.95005743342377 
34.95003748687983 
34.949847405088306 
34.95005683644892 
34.95004390967039 
34.949977239937446 
34.950057369223124 
34.9500547939359 
34.95005145910012 
34.95005288999299 
34.95005638504466 
34.95004335146282 
34.95004726825673 
34.95005622239131 
34.95005638504466 
34.94998460949311 
34.95005638504466 
34.95005617127416 
34.95005394550323 
34.95005734974994 
34.950041142450516 
34.94991801244207 
34.949870961094824 
34.95005523895101 
34.95002708558537 
34.9497555276184 
34.95005672621675 
34.950057093208116 
34.95004734701935 
34.94996291837081 
34.95005676003404 
34.94990924546341 
34.949955162038705 
34.95005382622969 
34.95005706951864 
34.95005469178844 
34.95004929235033 
34.949987114442294 
34.95005693546661 
34.95002942315339 
34.950056886609765 
34.95005743342377 
34.950052695217074 
34.95004972732622 
34.949784017173286 
34.95005234078657 
34.95005622239131 
34.95004312856224 
34.949844934936024 
34.95005743342377 
34.95005645046243 
34.95005622239131 
34.950056886609765 
34.95004883046811 
34.95002908684323 
34.95005092084688 
34.95004134596494 
34.95005734974994 
34.95005695698274 
34.949904703391724 
34.95005743342377 
34.94984880044859 
34.9500423632758 
34.95005316214022 
34.94996961139594 
34.950056886609765 
34.95004954585083 
34.950056790417435 
34.95004312856224 
34.949925901212346 
34.950045448543484 
34.95005288999299 
34.95005743342377 
34.950056886609765 
34.95005541081947 
34.95005540651624 
