34.8683926521444 
34.86839339648985 
34.86838451510165 
34.868378528229506 
34.86839339648985 
34.86816556018681 
34.86838055939803 
34.868392803571034 
34.86838234759857 
34.868388976547905 
34.86839339648985 
34.86836722135297 
34.86839339648985 
34.86839196046674 
34.868392305224646 
34.86839124040771 
34.86839209961187 
34.86839304630439 
34.868277208128276 
34.86839122495225 
34.86839122513624 
34.868378011616656 
34.868392476798604 
34.8683796849154 
34.86839339648985 
34.86839318623139 
34.86838529933209 
34.8682401185433 
34.86838682436904 
34.86838646903015 
34.86839189422905 
34.86839338848613 
34.868263780066876 
34.86824220179827 
34.86838705017594 
34.868135575395605 
34.86839251893311 
34.86839153778744 
34.868392655594285 
34.8683198969407 
34.868392635125005 
34.86839339648985 
34.86831355563956 
34.86839298673652 
34.8682518576929 
34.86838938151853 
34.86803525734653 
34.868384610410814 
34.86839334050986 
34.868392635125005 
34.868389082758405 
34.8683890313321 
34.868377589945254 
34.868392668151834 
34.86839339648985 
34.86838715367267 
34.86839115337871 
34.868378608129454 
34.8683840781146 
34.868393017371424 
34.86839328462186 
34.86839339648985 
34.8682116138296 
34.868392683469295 
34.8683915822679 
34.868375894794596 
34.86839251893311 
34.8683902613311 
34.868315432290764 
34.868318961884356 
34.868392595566405 
34.86838426358113 
34.868393344465716 
34.86839339648985 
34.868386313140995 
34.86839124040771 
34.86839172495495 
34.86831844318014 
34.86837484252325 
34.868392803571034 
34.86839177817509 
34.868392934022395 
34.86838703076455 
34.8683925022817 
34.868371691684516 
34.86838280997742 
34.86838340832819 
34.86839124040771 
34.85712069573795 
34.86825456045041 
34.86839073345908 
34.86839318112557 
34.86838154942892 
34.86838984389513 
34.868092333864325 
34.8683921329607 
34.86837794491834 
34.86838343031555 
34.86807520753442 
34.868386313140995 
