34.86832924126071 
34.86839339644385 
34.868326838612205 
34.86838053391471 
34.86839339644385 
34.868386864663776 
34.868379987173384 
34.868392824408296 
34.868383449680984 
34.868390675593055 
34.86839339644385 
34.86836588406414 
34.86839339644385 
34.86839212951082 
34.86839215172804 
34.86839129712376 
34.868388950788756 
34.86839301576148 
34.86837096522151 
34.868392285399345 
34.86839128038034 
34.868279370131084 
34.868393329286256 
34.868383933494854 
34.86839339644385 
34.86839321364641 
34.868388831514665 
34.86818032947683 
34.86838964665372 
34.86838543346401 
34.868391256415165 
34.86839339644385 
34.86823366344701 
34.868245792295056 
34.868387489830006 
34.86819795131641 
34.86839248871218 
34.86839185402645 
34.86839266511594 
34.868257311505666 
34.868392691979 
34.86839339644385 
34.86278610560062 
34.86839287505249 
34.86838321964165 
34.868386737201774 
34.8682237120405 
34.86838264645209 
34.86839264009283 
34.868392691979 
34.86838978736303 
34.86838635651765 
34.86825087861369 
34.86839339644385 
34.86839339644385 
34.86838623411544 
34.86839115498865 
34.868384609720835 
34.86838928837162 
34.86839304050859 
34.8683932166363 
34.86839339644385 
34.868273263768955 
34.86839277192416 
34.86839146639791 
34.868382952021356 
34.86839248871218 
34.868393149478706 
34.86837350993339 
34.8683143256023 
34.86839268438926 
34.86838110719711 
34.86839264009283 
34.86839339644385 
34.86838479408332 
34.86839129712376 
34.86839245563935 
34.86832236404762 
34.86837929346569 
34.868392824408296 
34.86839251341331 
34.86839284740748 
34.86838599754475 
34.868392409364986 
34.868380747624926 
34.8683856700808 
34.86838815883255 
34.86839129712376 
34.86008553713947 
34.86822558949863 
34.86839170503764 
34.868393329286256 
34.868385115199665 
34.86839129712376 
34.8683153739157 
34.86839207601469 
34.868385745426494 
34.86838269383074 
34.867981075365186 
34.86838479408332 
