34.86832924126071 
34.86838664906853 
34.868328561512755 
34.8681250008852 
34.868385887608135 
34.86825087861369 
34.86831856839414 
34.86839212951082 
34.868262172923345 
34.8681250008852 
34.86825725809655 
34.86839217072537 
34.86836012453577 
34.86839269225498 
34.86839212951082 
34.868392824408296 
34.868392299658844 
34.868386864663776 
34.86817503979603 
34.868392691979 
34.86839209505803 
34.86831856839414 
34.868390778215556 
34.86838392144321 
34.86838904885752 
34.86839339644385 
34.868391400344194 
34.86839339644385 
34.8681870399551 
34.86839277192416 
34.868388394344926 
34.86839207601469 
34.86838086938361 
34.86832488234893 
34.86838191902862 
34.8683073216311 
34.868387489830006 
34.868261651944586 
34.868392409364986 
34.867981075365186 
34.86839277192416 
34.868182759650345 
34.86790875595116 
34.86839129712376 
34.868257311505666 
34.86836588406414 
34.868307748245165 
34.86839277192416 
34.86819383725906 
34.868319340286234 
34.86837275228397 
34.86839264009283 
34.868392691979 
34.868232564884444 
34.86838964665372 
34.86832236404762 
34.868389678944645 
34.868391967826476 
34.86838647956382 
34.86839212951082 
34.86837319332237 
34.86839209505803 
34.868110481814945 
34.86008553713947 
34.86839072085551 
34.868391319249 
34.868254787198055 
34.86839339644385 
34.868392026612426 
34.86839001661934 
34.868391967826476 
34.868390785161324 
34.86839128038034 
34.86839277192416 
34.868390974214854 
34.86839128038034 
34.86839264009283 
34.86839209505803 
34.86822638067001 
34.86838875340922 
34.868388710538625 
34.86823312994502 
34.86838328661571 
34.86838638246084 
34.86838987986593 
34.86819862312112 
34.8683818412448 
34.86838647956382 
34.86839212951082 
34.86839154123732 
34.86279375644922 
34.86838721406876 
34.86837519505908 
34.86008553713947 
34.859784817307585 
34.8682005702627 
34.86832442358555 
34.60251445719494 
34.86832757921957 
34.86839207601469 
