34.950056714350275 
34.95005743346724 
34.95004887167501 
34.95004306883809 
34.95005743346724 
34.94983481835324 
34.9500450409507 
34.950056866701914 
34.95004678077167 
34.95005317809263 
34.95005743346724 
34.95003216201133 
34.95005743346724 
34.9500562256948 
34.950056866701914 
34.95005535800709 
34.95005743346724 
34.95005743346724 
34.95003844507762 
34.95005365210075 
34.95005695711315 
34.950041710178304 
34.95005636965736 
34.95005537261199 
34.95005743346724 
34.95005723247617 
34.950049628916574 
34.949971420163585 
34.950055828102464 
34.9500542798081 
34.95005607499484 
34.9500573265386 
34.950047125293004 
34.95005743346724 
34.95004800350473 
34.95005632227838 
34.95005743346724 
34.950057003101165 
34.95005672526048 
34.949985715390504 
34.950056705700355 
34.95005743346724 
34.949979581585396 
34.950056594642305 
34.9499506534097 
34.95005109801885 
34.94977384847098 
34.9500490897933 
34.95005737995945 
34.950056705700355 
34.95005326437472 
34.95005322282022 
34.95004217971306 
34.95005672965064 
34.95005743346724 
34.95005141280765 
34.950055274115805 
34.95004316059769 
34.950048461605554 
34.95005707108345 
34.950054513095566 
34.950053994403625 
34.94984969469224 
34.95005332796702 
34.950055332709304 
34.95004511062877 
34.95004316059769 
34.950056141673166 
34.949983150103684 
34.94999476936376 
34.950056629676666 
34.95004863125801 
34.950057383741076 
34.949912044539914 
34.95005434892066 
34.95004511062877 
34.950050843040735 
34.95005743346724 
34.9499817467446 
34.95005312780125 
34.95005709872842 
34.94999388764212 
34.95005743346724 
34.95005074310981 
34.950055997493244 
34.950054005705056 
34.9500562256948 
34.95004863125801 
34.94990992978984 
34.950056594642305 
34.950043510466365 
34.95004340844851 
34.950053534739745 
34.95005445676232 
34.9500562256948 
34.95005038141982 
34.94985911777814 
34.95005536552687 
34.95002920190243 
34.95005743346724 
