43.07072844583608 
43.07069199651624 
42.8015110005336 
43.07070160036101 
43.068920705954774 
43.068898560081756 
43.07070829051105 
43.06895330708184 
43.07072120566672 
42.804604175919266 
43.070728360923226 
43.07064361945577 
43.07072769870533 
43.07072812341157 
42.80672355520791 
43.0653519583991 
43.07072843066728 
43.067177160664016 
43.07072181762391 
43.070705812110276 
43.07072846719977 
43.06630361936354 
43.07069880519187 
43.07072173503634 
41.47692589694591 
43.070728029938 
43.07071527386436 
43.07072823971103 
43.070702100457886 
43.07066668416175 
43.0707020193286 
43.06717325129736 
43.0707083989297 
43.07064776208051 
42.805705337842994 
43.070646962611555 
43.07068604632716 
43.07071525263213 
43.070722040070805 
43.06895353170606 
43.07072844570818 
43.07072167651709 
43.07069529815558 
43.06805219033179 
43.07067951264177 
43.07072132699757 
42.806801237296646 
43.07070251588212 
43.070727468403405 
43.06891822396708 
43.07072812366566 
43.07072833670149 
42.80680947528972 
43.06718326788381 
42.805724556370585 
43.070718153847295 
43.07072769395797 
43.070688552247994 
43.068943769951716 
43.0707284381362 
43.0707284460922 
43.066303057464694 
43.06719242878847 
43.07072752922997 
43.070708861048224 
43.06719959215521 
43.07072837161561 
43.07072843544885 
43.07072170881709 
42.06984120245756 
43.07072144244583 
43.07071541438212 
43.070728157649796 
43.07071685518265 
43.070702088351645 
43.06896643488908 
43.07066692580639 
43.070705412032034 
43.07072845403055 
43.06894063990713 
43.06891465451828 
43.07067297855571 
42.06452033380005 
43.067163257455015 
43.07072817270756 
43.070702515977224 
43.06894362884647 
43.07071543799282 
43.07070485739483 
43.0707151213515 
43.068891439309375 
42.80569714708166 
43.070728216868574 
43.070698688439634 
43.07069269973966 
43.07070901588948 
43.0689601335333 
43.070697778872486 
43.070715378440866 
43.07065692485946 
