34.61770223972973 
34.617608317518695 
34.61759927324637 
34.6176947852951 
34.617632944111435 
34.61768589677457 
34.617683048870326 
34.617703067213434 
34.61770181383813 
34.61768521343568 
34.61767390896263 
34.617694916751894 
34.61770195618511 
34.617702253356946 
34.61766787503971 
34.61762319867354 
34.61769941664947 
34.61761530576307 
34.61768589677457 
34.60586897843079 
34.61763118874216 
34.61770059045259 
34.617703067213434 
34.617697872337295 
34.617702989554765 
34.61769634290949 
34.61769212025519 
34.617682907889694 
34.617701417773056 
34.617702386235976 
34.617686905856345 
34.61770296624075 
34.617700059264116 
34.617244758159984 
34.61736168289012 
34.6176167839391 
34.61768171464355 
34.61769465569906 
34.61762892771524 
34.61716320378509 
34.61770176863297 
34.61769789433793 
34.61769942425665 
34.617703067213434 
34.61769283796008 
34.617703002908335 
34.61768644405841 
34.6171345138418 
34.588585004312705 
34.61762078307415 
34.61770151496963 
34.61769440334795 
34.61769443782663 
34.617703067213434 
34.61769358620288 
34.35147016868101 
34.617695892552725 
34.61756124052154 
34.61762142473866 
34.61749041521663 
34.61770057293968 
34.61770161594243 
34.61769941664947 
34.61770293871269 
34.61768666444954 
34.61769908133171 
34.61770059045259 
34.617703007450736 
34.617703067213434 
34.61769535610863 
34.617702248267264 
34.3478978209532 
34.61770008629967 
34.617698233158556 
34.61769567052115 
34.61763320517543 
34.617703067213434 
34.61769608902628 
34.61758735652318 
34.61770051799294 
34.61770103232507 
34.61770296624075 
34.60314126474367 
34.61712835031505 
34.61767957842238 
34.61770296624075 
34.61754935911575 
34.61733168998771 
34.617702550090904 
34.6177020400828 
34.6173085875999 
34.61766769394118 
34.61768361043937 
34.61768784619865 
34.61175692996309 
34.61761811034466 
34.617698949656386 
34.617702247446346 
34.60879991291695 
34.61741552839036 
