43.06892718781562 
43.070679902052554 
43.07072198255621 
43.070685579907824 
43.07065077379411 
43.070728170527914 
43.068966226685845 
43.070717843639194 
43.07068295286187 
43.070689012305294 
42.80566680717758 
43.06895349481885 
43.07072175370668 
43.07072823424872 
43.07072821030153 
42.478249739432115 
43.068947106676795 
43.0707208881101 
43.07072807769793 
43.06895378721258 
43.06720286208668 
43.07072179023074 
43.06803579698205 
43.070688870345364 
43.065374984480826 
43.066290592089956 
43.07072152083372 
43.070721714444495 
43.070721117878676 
43.07072167108427 
43.0707283943414 
43.06628804388759 
43.07072814285205 
43.07070526928584 
43.07072104888419 
43.07072168740239 
43.070721899551984 
43.06806848546718 
43.07072066382336 
43.07070835082587 
43.06895675295832 
43.07072791408564 
43.070721589689505 
43.07068627312821 
43.07072798400463 
43.070728445591676 
43.06895654780475 
43.07072152847618 
43.070728276845394 
43.06893062227306 
42.803630876117396 
43.070705695059075 
43.07065396227092 
43.07067910411379 
43.07072810341466 
43.0707150122918 
43.07072123242054 
43.07071501237066 
43.0689599586068 
43.07070865450714 
43.070653935889425 
43.06889152161135 
43.070631273612854 
43.07071502747355 
43.06268690685839 
43.070708546229845 
43.06717053129716 
43.070669223455965 
43.07066621828292 
43.07062782776388 
43.07071431701565 
43.068960478363195 
43.07071544550318 
43.07071445050398 
43.070728071176795 
43.070683130812384 
43.07068289065129 
43.070708537224576 
43.0617690244181 
42.4821912662194 
43.070689210070874 
43.0707211563747 
43.07070220852547 
43.07071537020432 
43.07065663309026 
43.07066654234081 
43.07067373350977 
43.070727703560145 
43.0689373733457 
43.07059621120619 
43.0680651610582 
43.070721151169586 
43.07069851573951 
43.07072836671005 
43.070728408578034 
43.07072198255621 
43.070727896766705 
43.068960472608524 
42.805716496970604 
43.070728170764355 
