34.95005663106761 
34.949685635527125 
34.66771412111309 
34.94977666272225 
34.94412497205986 
34.94392086022927 
34.949845461180544 
34.94444556973269 
34.94996962978357 
34.676793140247646 
34.9500532612451 
34.94922031758284 
34.95003277068919 
34.95004681276356 
34.68340555044414 
34.93274458461389 
34.950055271812055 
34.93884979373715 
34.94998844250786 
34.94983610152036 
34.95005713328464 
34.93617486765396 
34.94975728443984 
34.94998598524655 
33.33743253015326 
34.95004338415026 
34.94992358143009 
34.950049461872275 
34.9497918104228 
34.949451222163994 
34.94978877786956 
34.93879813968333 
34.94984881979417 
34.94927780562538 
34.680507603561445 
34.94925489773506 
34.94963864312422 
34.949923091686216 
34.9499956595178 
34.9444522884904 
34.95005661959233 
34.94998427638922 
34.9497193191169 
34.94151423850764 
34.949573269976426 
34.949973438104 
34.68415979420544 
34.949803606643904 
34.95002626221735 
34.944115544748385 
34.95004612758924 
34.95005250231022 
34.68424899954815 
34.938901422725316 
34.68068982664262 
34.94994490938429 
34.95003375723101 
34.94964835268219 
34.944356998001076 
34.950054528135155 
34.95005665410509 
34.93615771792263 
34.938978901332995 
34.95002817906188 
34.9498619767705 
34.939061600366884 
34.95005421891081 
34.95005570204824 
34.94998504827031 
33.947255399246146 
34.94997671878344 
34.94992698846227 
34.950046346968506 
34.9499062357187 
34.94979143223436 
34.94457726689972 
34.94945945680079 
34.949824974107166 
34.95005595263533 
34.94432903935019 
34.944075041926645 
34.94950927877104 
33.930496054715064 
34.93869545462175 
34.950046991805124 
34.949802909268136 
34.94435282422907 
34.94992839761279 
34.949808469179594 
34.949919095307365 
34.94384007860053 
34.680419563807774 
34.95004812186593 
34.94975458984034 
34.9497055656323 
34.94986666869659 
34.944518340470594 
34.94972888496275 
34.949925886606124 
34.94935544793806 
