43.278449663645944 
43.27844965806067 
43.27844876099868 
43.278449667252715 
43.27844966641715 
43.278449626152266 
43.27844958054876 
43.27844941954735 
43.278449437497365 
43.2784496466221 
43.27844953646533 
43.278449667252715 
43.27844966641715 
43.278416280221485 
43.27844964237138 
43.278449667252715 
43.278449653586826 
43.27844914378856 
43.278449667252715 
43.278437341831825 
43.27844966045865 
43.27844963731619 
43.27844966046068 
43.278449440448014 
43.278449667252715 
43.278443121695894 
43.27843667726283 
43.27844966046068 
43.27844938979202 
43.27844311090271 
43.27844966520295 
43.27844958548927 
43.278449568836756 
43.27844964237138 
43.278449656661614 
43.27844915045931 
43.27844926371618 
43.278449653586826 
43.278449656661614 
43.27844336675054 
43.27844963523032 
43.27844965522199 
43.27844953782977 
43.27844966641715 
43.27844933040117 
43.27844313248772 
43.27840316594977 
43.278449602850245 
43.278449062399126 
43.27844886796455 
43.27844963902735 
43.278449663645944 
43.27844915458089 
43.278449550488496 
43.27844966000375 
43.27843035320996 
43.27843719211856 
43.278449501598566 
43.27844966391464 
43.278443573733334 
43.27844949519963 
43.27844319032628 
43.27844966300051 
43.27844293144554 
43.278449661600774 
43.278449667252715 
43.278449560975346 
43.27844934077889 
43.276728276701455 
43.278449559379126 
43.278449653586826 
43.278449264870886 
43.2784309530229 
43.278449667252715 
43.27844965722511 
43.278449653586826 
43.278449661600774 
43.278443176565396 
43.27844891735566 
43.27844954851635 
43.278449317453195 
43.27844966641715 
43.278449662964675 
43.27843044832549 
43.278449667252715 
43.27841876823431 
43.27844927747336 
43.27844956249908 
43.278448878604074 
43.278449661600774 
43.278449206619996 
43.27844966250842 
43.278449264870886 
43.278437294555154 
43.278443141078995 
43.27844964237138 
43.278449667252715 
43.278449661600774 
43.276738267412824 
43.27844959536963 
