43.27844355875013 
43.27844966725259 
43.27844352854857 
43.278449294430814 
43.27844966725259 
43.27844949460761 
43.27844929660121 
43.2784496617932 
43.278449417960054 
43.27844961927314 
43.27844966725259 
43.27844888996354 
43.27844966725259 
43.2784496546873 
43.2784496617932 
43.27844964715395 
43.27844966725259 
43.27844966725259 
43.27844891409222 
43.27844959989053 
43.27844966084148 
43.27843397287701 
43.278449656813876 
43.27844964730811 
43.27844966725259 
43.27844966550843 
43.27844957229721 
43.27844874287069 
43.27844958328602 
43.278449566105714 
43.27844963986657 
43.27844964411216 
43.27842530303205 
43.27844966725259 
43.27844936684956 
43.278449598214124 
43.27844966725259 
43.27843730469996 
43.27844966725259 
43.27844310606616 
43.278449394432734 
43.27844964715395 
43.27844965427283 
43.27844966725259 
43.278449177931336 
43.27844959821453 
43.2784496617932 
43.278449660538165 
43.278449344124404 
43.278449645327306 
43.278449660538165 
43.27844955926189 
43.27844947503852 
43.27843706466666 
43.27844966725259 
43.27844966725259 
43.27844948123718 
43.2784496164588 
43.27844944374796 
43.27844961346352 
43.27844966387137 
43.278449665543455 
43.27844955144847 
43.27844936901346 
43.27844966725259 
43.27844966725259 
43.27844959089199 
43.27844965784472 
43.278449662127215 
43.278449008036546 
43.27844939675864 
43.27844959590431 
43.27844964730811 
43.278449645327306 
43.27842480254626 
43.2784495567545 
43.27844919936264 
43.278449496124175 
43.27844966725259 
43.27844941308986 
43.278449525562934 
43.27844966361498 
43.278443571871655 
43.27844966725259 
43.27844943680406 
43.278449632130105 
43.27844963884426 
43.2784496546873 
43.278449344124404 
43.27843689102422 
43.27844966725259 
43.278449612361285 
43.278449598214124 
43.278442675176265 
43.27844966228313 
43.27842523785673 
43.278449662018225 
43.27844966725259 
43.27844942639794 
43.27844964919479 
