43.27844966387137 
43.278449658295564 
43.278442675176265 
43.27844966725259 
43.2784496664181 
43.27844964785686 
43.278449527658815 
43.27844936684956 
43.27844952307111 
43.27844964730811 
43.27844348200274 
43.27844966725259 
43.2784496664181 
43.27843740110078 
43.27844957808384 
43.27844966725259 
43.27844965518562 
43.2784490583768 
43.27844966725259 
43.27843425702677 
43.27844963876677 
43.27844965784472 
43.27844966129786 
43.278449344124404 
43.27844966725259 
43.2784490583768 
43.27843069847716 
43.27844966129786 
43.278449283546806 
43.27844302556659 
43.27844966660917 
43.27844959700425 
43.278449483226105 
43.27844957808384 
43.278449656813876 
43.27844924861256 
43.27844936088659 
43.27844965518562 
43.278449656813876 
43.278443282129786 
43.278449656813876 
43.2784496546873 
43.27844955926189 
43.2784496664181 
43.278449168037326 
43.27843702488013 
43.2784335139322 
43.278449645444816 
43.27844876437813 
43.2784216086422 
43.27844966019806 
43.27844966387137 
43.27844936901346 
43.27844052917632 
43.278449660538165 
43.27843678377902 
43.27844026874769 
43.2784495873646 
43.27844966361498 
43.2784495959818 
43.278449454353535 
43.278443372995206 
43.27844966228449 
43.278448846240615 
43.2784496617932 
43.27844966725259 
43.27844956150543 
43.278449480657194 
43.278424561130734 
43.278449550641845 
43.27844965518562 
43.27844925373914 
43.27843062262253 
43.27844966725259 
43.27844965746108 
43.27844965518562 
43.2784496617932 
43.27844941308986 
43.27844882092248 
43.278449485179316 
43.27844919936264 
43.2784496664181 
43.27844966250802 
43.278436643330586 
43.27844966725259 
43.27843074896086 
43.27844922413729 
43.27844955144847 
43.27844282511953 
43.2784496617932 
43.27844944217108 
43.27844966084148 
43.27844925373914 
43.278437315917266 
43.278449313467384 
43.27844957808384 
43.27844966725259 
43.2784496617932 
43.27844964715395 
43.278449617753324 
