34.868383504649394 
34.86837192315166 
34.86839268438926 
34.868392067596986 
34.86839209505803 
34.86839321737227 
34.868381250805164 
34.86839277192416 
34.86838487540888 
34.86836540645411 
34.868384303783934 
34.86839245563935 
34.86832189732534 
34.86837857869021 
34.86830820420777 
34.86839334846757 
34.86813158652863 
34.86838448800846 
34.86825056993426 
34.868393142670946 
34.868388667116044 
34.86839269225498 
34.86839207601469 
34.868392691979 
34.86838721406876 
34.868136691192475 
34.868377395278095 
34.868388041812324 
34.86838053391471 
34.86839284740748 
34.86837923748516 
34.86832327959751 
34.868263260192755 
34.86839170503764 
34.86839245563935 
34.86818682345589 
34.86264891969734 
34.868393329286256 
34.86839065903362 
34.86838721406876 
34.8683891041937 
34.86838086938361 
34.868383318078806 
34.86837275228397 
34.86839277192416 
34.86838321964165 
34.868392571601255 
34.86839096565915 
34.86839195227902 
34.86838577431361 
34.86823156858683 
34.86839128038034 
34.868256031756374 
34.86837275228397 
34.86820222867781 
34.86838374163448 
34.86830001153312 
34.862774748575184 
34.868378815906105 
34.868387995445815 
34.86838512646932 
34.86839301576148 
34.868385745426494 
34.86838999026223 
34.86838618581694 
34.86839129712376 
34.86839284740748 
34.86838156690843 
34.86839258760869 
34.86839037264734 
34.868392691979 
34.86839161750268 
34.868309940746876 
34.86839217077137 
34.86839195227902 
34.86839217077137 
34.868389175537345 
34.868391967826476 
34.86824559020363 
34.86839207601469 
34.868316335010825 
34.868390432997295 
34.86838180458382 
34.86839207601469 
34.86839178424688 
34.86839339644385 
34.86831985149201 
34.86839245563935 
34.86838252092166 
34.86839170503764 
34.868245792295056 
34.8680378272658 
34.86839248871218 
34.86807302870856 
34.86839284740748 
34.8680378272658 
34.86838053391471 
34.86839273093961 
34.868307748245165 
34.86839265660625 
