51.16077751148123 
51.157886642001344 
51.16375340398581 
51.160851608427485 
50.92756938096642 
51.1635426952074 
51.161030485507354 
51.16375340398581 
51.16077751148123 
51.160915595616984 
51.15807117445393 
51.157823333671885 
51.16375340398581 
51.160851608427485 
51.160851608427485 
51.16375340398581 
51.15793383761933 
51.16375340398581 
51.157886642001344 
51.160915595616984 
51.16375340398581 
51.16375340398581 
51.16091467642409 
51.16077751148123 
50.9677615844205 
51.16375340398581 
51.16375340398581 
51.16091467642409 
51.160851608427485 
51.16375340398581 
51.16375340398581 
51.16091467642409 
51.127969124017966 
51.1607313281112 
51.16091467642409 
51.1607313281112 
51.16077751148123 
51.157886642001344 
51.16077751148123 
51.16375340398581 
51.16375340398581 
51.157886642001344 
51.1607313281112 
51.16375340398581 
50.678158006074966 
51.132178846815656 
51.16375340398581 
51.12777389785958 
51.16375340398581 
51.16077751148123 
51.16375340398581 
51.16375340398581 
51.16077751148123 
51.161030485507354 
51.16375340398581 
51.160851608427485 
51.157823333671885 
51.16375340398581 
51.12768109807697 
51.1607313281112 
51.161030485507354 
51.160851608427485 
51.16375340398581 
51.160851608427485 
51.161030485507354 
51.16091467642409 
51.16375340398581 
51.16375340398581 
51.160851608427485 
51.16375340398581 
51.160915595616984 
51.16375340398581 
51.16077751148123 
51.16375340398581 
51.16375340398581 
51.16375340398581 
51.16375340398581 
51.16375340398581 
51.16375340398581 
51.16375340398581 
51.16375340398581 
50.04601454548577 
51.16077751148123 
51.16375340398581 
51.1607313281112 
51.16375340398581 
51.161030485507354 
51.15774918886672 
51.16077751148123 
51.160851608427485 
51.16375340398581 
51.16375340398581 
51.16077751148123 
51.16375340398581 
51.16375340398581 
51.16375340398581 
51.16375340398581 
51.16375340398581 
51.161030485507354 
51.1607313281112 
