48.020816779394 
48.03624220309961 
48.51984502664681 
47.99730307836669 
48.67851058298996 
48.670619264621834 
48.691529502373406 
48.5168160706566 
48.45435902283882 
47.30268753170626 
47.197794794393936 
48.45553469366142 
48.74288526732815 
48.28509243498016 
48.22981815387062 
48.20274499358811 
45.70696524104803 
48.43132903572953 
47.564827302937815 
47.97833883530674 
47.96364964287816 
48.251364408067396 
47.92383274563904 
47.89393513107622 
48.234952621592434 
48.27939432674732 
47.15036892054422 
47.990328050674194 
48.237691073501956 
47.651029976000224 
47.20416421517273 
48.214213769430806 
47.92040060995345 
48.227249831861855 
48.19440232116199 
48.29684397956159 
47.19304006394955 
47.21010207372683 
47.98965727851496 
47.617673551370814 
47.941040499268794 
47.64502268232572 
48.18699836005174 
47.56658719276074 
47.64502268232572 
48.24672395498198 
47.976839448374434 
47.95870933484902 
48.46779405634604 
48.1769102921881 
47.61777062965012 
48.69009901441513 
47.58021075757793 
48.260404509156096 
47.19676078595239 
47.231485761055055 
48.45778665249953 
48.473673623929706 
48.184110915446055 
48.178117515941445 
47.87129115763999 
48.51579552349821 
46.71298821775453 
47.67165780884357 
48.610476398882945 
48.48359439132018 
47.89102630498247 
47.72050388637186 
47.98418828552219 
48.46574743731304 
46.69862390159971 
48.29156014945965 
48.46826796925075 
48.00584858954875 
47.18570075421847 
48.24995563573426 
47.98299476314272 
47.621668067426725 
47.989287768568126 
48.27936528937714 
48.0046764626403 
48.47379286086457 
48.427011308285984 
47.942442353926964 
48.22529508682803 
48.68337502291 
48.453630170561 
48.214129015095175 
47.28878795305381 
48.51887495637035 
48.25155010517242 
48.526825091324866 
48.65911846205133 
48.5223962794743 
48.50338314809352 
48.16839159714776 
48.01051504004261 
48.20169489856207 
47.9991669377294 
48.008996393711875 
