51.16375340398581 
51.16091467642409 
51.160851608427485 
51.161030485507354 
51.16375340398581 
51.15793383761933 
51.16375340398581 
51.160915595616984 
51.161030485507354 
51.16375340398581 
51.161030485507354 
51.1607313281112 
51.16077751148123 
51.16091467642409 
51.157886642001344 
51.16375340398581 
50.37387764896309 
51.16375340398581 
51.160851608427485 
51.16091467642409 
51.160851608427485 
51.16077751148123 
51.16375340398581 
51.16077751148123 
51.15774918886672 
51.16375340398581 
51.16375340398581 
51.16375340398581 
51.16375340398581 
51.16375340398581 
51.16375340398581 
51.161030485507354 
51.161030485507354 
51.160851608427485 
51.16375340398581 
51.15774918886672 
51.16375340398581 
51.16077751148123 
51.1607313281112 
51.04674483652672 
51.16375340398581 
51.16375340398581 
51.16375340398581 
50.917129325570166 
51.16375340398581 
51.160851608427485 
51.16091467642409 
51.16375340398581 
51.16375340398581 
51.16375340398581 
51.16375340398581 
51.092975062550934 
51.124561953465594 
51.160851608427485 
51.16375340398581 
51.12578881562903 
51.124757964835396 
51.16077751148123 
50.93579777699644 
49.63038085764696 
50.40588877383933 
50.31984664929752 
50.38957893813727 
49.06838549380909 
50.04223704764731 
50.07487603371285 
51.13056035402175 
51.157886642001344 
50.899681589033634 
51.16091467642409 
51.16077751148123 
51.16077751148123 
51.16091467642409 
51.16091467642409 
51.15793383761933 
51.16091467642409 
51.12470894660624 
51.16375340398581 
51.160915595616984 
51.12470894660624 
51.160851608427485 
51.12470894660624 
51.15807117445393 
51.15491099403593 
51.16375340398581 
51.1608017443898 
51.16375340398581 
51.15793383761933 
51.16077751148123 
50.9677615844205 
51.16375340398581 
51.16375340398581 
51.16375340398581 
51.16375340398581 
51.160851608427485 
51.160915595616984 
51.16375340398581 
51.16375340398581 
51.16091467642409 
51.1607313281112 
