51.159328023196714 
51.15578955982471 
51.16295985676962 
51.159326518577934 
50.89560161743535 
51.15449447881866 
51.15927412002789 
51.16295985676962 
51.159328023196714 
51.15940987300897 
51.15589064647234 
51.155666186925345 
51.16295985676962 
51.159326518577934 
51.159326518577934 
51.16295985676962 
51.155769080373815 
51.16295985676962 
51.15578955982471 
51.15940987300897 
51.16295985676962 
51.16295985676962 
51.15944943046779 
51.156426638099035 
50.964434710098416 
51.16295985676962 
51.16295985676962 
51.15944943046779 
51.159326518577934 
51.16295985676962 
51.16295985676962 
51.15944943046779 
51.10968014094024 
51.15930889196051 
51.15944943046779 
51.15930889196051 
51.159328023196714 
51.15578955982471 
51.159328023196714 
51.16295985676962 
51.16295985676962 
51.15578955982471 
51.15930889196051 
51.16295985676962 
50.65950889934837 
51.13094594918493 
51.16295985676962 
51.11913304529204 
51.16295985676962 
51.159328023196714 
51.16295985676962 
51.16295985676962 
51.159328023196714 
51.15927412002789 
51.16295985676962 
51.159326518577934 
51.155666186925345 
51.16295985676962 
51.107591993602625 
51.15930889196051 
51.15927412002789 
51.159326518577934 
51.16295985676962 
51.159326518577934 
51.15927412002789 
51.15944943046779 
51.16295985676962 
51.16295985676962 
51.159326518577934 
51.16295985676962 
51.15940987300897 
51.16295985676962 
51.159328023196714 
51.16295985676962 
51.16295985676962 
51.16295985676962 
51.16295985676962 
51.16295985676962 
51.16295985676962 
51.16295985676962 
51.16295985676962 
50.409445399047634 
51.159328023196714 
51.16295985676962 
51.15930889196051 
51.16295985676962 
51.15927412002789 
51.15566784417247 
51.159328023196714 
51.159326518577934 
51.16295985676962 
51.16295985676962 
51.159328023196714 
51.16295985676962 
51.16295985676962 
51.16295985676962 
51.16295985676962 
51.16295985676962 
51.15927412002789 
51.15930889196051 
