59.68121920193136 
59.680553432434124 
59.68052999766742 
59.6805202784563 
59.68121920193136 
59.67986616286245 
59.68121920193136 
59.68054625064959 
59.6805202784563 
59.68121920193136 
59.6805202784563 
59.68053662143729 
59.68053943137513 
59.680553432434124 
59.679870536797814 
59.68121920193136 
59.20298118034869 
59.68121920193136 
59.68052999766742 
59.680553432434124 
59.68052999766742 
59.68053943137513 
59.68121920193136 
59.68053943137513 
59.67985652911006 
59.68121920193136 
59.68121920193136 
59.68121920193136 
59.68121920193136 
59.68121920193136 
59.68121920193136 
59.6805202784563 
59.6805202784563 
59.68052999766742 
59.68121920193136 
59.67985652911006 
59.68121920193136 
59.68053943137513 
59.68053662143729 
59.43929759707045 
59.68121920193136 
59.68121920193136 
59.68121920193136 
59.6499048509494 
59.68121920193136 
59.68052999766742 
59.680553432434124 
59.68121920193136 
59.68121920193136 
59.68121920193136 
59.68121920193136 
59.24735540102663 
59.658171389747714 
59.68052999766742 
59.68121920193136 
59.46442215191235 
59.65853140454321 
59.68053943137513 
59.25578688598758 
57.607995667364754 
58.960810161659715 
58.9293064886471 
58.19995870617627 
57.63245788667702 
58.19276700611952 
58.21165917873017 
59.47925412856729 
59.67858942179277 
59.45331939004757 
59.680553432434124 
59.68053943137513 
59.68053943137513 
59.680553432434124 
59.680553432434124 
59.67986616286245 
59.680553432434124 
59.66081687108028 
59.68121920193136 
59.68054625064959 
59.66081687108028 
59.68052999766742 
59.66081687108028 
59.67337280551131 
59.48518353132091 
59.68121920193136 
59.676503499032904 
59.68121920193136 
59.67986616286245 
59.679251881657024 
59.4866804194575 
59.68121920193136 
59.68121920193136 
59.68121920193136 
59.68121920193136 
59.68052999766742 
59.68054625064959 
59.68121920193136 
59.68121920193136 
59.680553432434124 
59.68053662143729 
