46.5299289365029 
47.37126464599869 
47.59128472376634 
47.52529131797662 
47.50377540291845 
47.33647992561744 
47.52775646591822 
47.33023232821196 
47.36149646046625 
47.159964847497726 
47.553378953162685 
47.35631957951187 
47.30050939310968 
46.80583973008575 
47.335600144203596 
47.31259808732913 
47.37604394274848 
47.56616313653854 
47.340341305325836 
47.52250932858306 
47.362803410014024 
47.541210527089376 
47.36086675882869 
47.51223485508052 
47.595405494859115 
47.34830482243831 
47.32376836637011 
47.58660233873776 
47.34052442404441 
47.55829275003433 
47.04691253909936 
47.5218673459608 
47.33398715191445 
47.55022163602719 
47.5722345635765 
46.796848296311545 
47.29957974788232 
47.37100652857628 
47.119361472024124 
47.587142965523334 
47.28311747152632 
47.53585509184347 
47.10108553412976 
47.373187416885116 
47.28597242408787 
47.542578548999145 
47.062363048571065 
47.298169702804884 
46.849804300174355 
47.503778298003525 
47.36556877247953 
47.59251294484165 
47.35891729116199 
47.31027375100816 
47.58823333168694 
47.34402349000636 
46.87630308949898 
47.58706123475763 
47.5868203229776 
47.5982928269732 
47.5982928269732 
47.36081484791772 
47.35806182007871 
47.574093802916266 
47.560412403574986 
47.54792044199621 
47.33302856636218 
47.31602246489443 
47.340055765788314 
47.4795573200988 
47.54638065519861 
47.59380513778681 
47.54478946698309 
47.36677859130441 
47.12351007885686 
47.37861045191498 
47.304503609112544 
47.287337398383364 
47.595081989086644 
47.5087537506009 
47.57584333657145 
47.331563184172175 
47.570388961008604 
47.34243139796282 
46.483048871952285 
47.57085724233379 
46.56363736564567 
47.35338115390288 
47.56108374025361 
47.58264656482286 
47.02992019745083 
47.589583254015 
47.05241980648045 
47.532076258362096 
47.351998677800964 
46.89095155227586 
47.54507739209434 
47.34085384784632 
47.359680310377456 
47.37715476079303 
