51.44570234772811 
52.482668780161156 
50.98146667755597 
51.81093473821878 
52.292698185540004 
51.45335910777094 
52.32083992512423 
52.016127811884864 
52.021542130345686 
51.439714803135345 
51.47578666383987 
52.026628214681416 
51.46491566455228 
52.47932148020472 
50.97786050280224 
52.04606379356256 
51.308587844217364 
52.305798114727224 
51.7833379782484 
52.28536850111994 
52.23669075328874 
50.483086956036416 
52.03613195065141 
51.97298973537101 
52.29325852675556 
50.972783873969924 
52.27059483273871 
52.080304980255086 
51.02306186515086 
52.297597006357584 
51.755262431843526 
52.02596100039262 
51.41005956326759 
50.43770835154842 
52.03284506956599 
52.05643937059631 
52.25978479846742 
51.041506996732686 
52.26295512921444 
51.69375177347216 
52.50803034515893 
51.810680185838336 
51.486326100757125 
52.02707060954001 
52.24773638030012 
51.75468580557138 
51.49871065624263 
52.07055268622708 
52.51603977489008 
52.29220793816011 
52.057940517568404 
52.269659965244855 
51.04837410817071 
52.06651368711475 
52.04642798484858 
52.28265352266379 
52.52194842696869 
51.741637531859226 
52.06852767211449 
51.38095393794527 
51.78174861806624 
51.69375177347216 
51.76658005039791 
51.04046051501616 
49.454759625402666 
51.45611978508183 
52.044693526511665 
51.48900543473207 
52.03549336572283 
52.22853020068865 
52.05031548870263 
51.461253148092815 
52.04487341180645 
51.45597547664945 
51.044152658090624 
52.05449388917546 
52.02289806707866 
51.762236430844005 
52.31349906995988 
52.47983078466776 
52.31130533242587 
51.8016587702328 
51.48991848889622 
51.46975220054655 
51.77758137480161 
52.300018063625046 
52.29230260183077 
51.820622384590784 
51.75775493127058 
52.05765466261577 
52.31706694332913 
50.98372064750965 
51.78101019489058 
51.78124813564963 
52.085448112950594 
51.41754186103511 
52.05028783829885 
51.01435963126086 
51.76769138559474 
52.03633686669279 
