48.4697066598844 
47.14689515082672 
47.17134430576509 
47.58931599597417 
48.44208980490274 
47.57519118147959 
48.73815573698365 
47.266825134171086 
48.18818784844356 
48.42514018274293 
47.23175468230228 
47.904831669101895 
47.899976461677966 
48.6566596804481 
47.90340085568572 
48.50950529398775 
46.62299630172272 
47.83787068918032 
47.2904387975586 
47.68613742937604 
48.23791449261999 
48.44548106161363 
47.60714103540045 
47.91506534031638 
48.255295160688554 
48.534528342654546 
46.58939469692295 
47.17557178676473 
48.23591793814079 
47.90706145334991 
47.664035637197166 
48.00835465433738 
47.66736196031278 
47.24275290600624 
48.680545655656395 
47.89728939147459 
48.2244769933043 
48.4697066598844 
47.14689515082672 
47.189988901930604 
47.220364819388855 
47.68597093286246 
47.24580279016275 
47.26778799820377 
48.27248791787278 
48.6648796618884 
47.076732207897095 
48.00313434269129 
46.56062978125415 
47.50789802384565 
48.671050171088446 
47.5953636372369 
48.25414021737206 
46.52724059917827 
47.15994903161253 
48.301735297451714 
48.16727291157224 
48.18326041385635 
47.98452526031307 
46.538298139004105 
48.52157707263991 
47.97266170450762 
47.89169762615694 
48.5077956033743 
47.6062705030415 
47.68597093286246 
47.24580279016275 
47.66045647928555 
47.57335646585777 
48.4820219256603 
48.482401688406206 
47.58703907555059 
48.1867013390105 
47.848446839806925 
47.9455264361362 
47.17557178676473 
47.62822400960622 
48.69357959978804 
47.65465012982906 
48.23566009037735 
48.66256013621735 
46.674345952105284 
47.229024006393985 
47.652903067191566 
48.51408999650941 
48.48398979222516 
48.01434201902791 
48.46512576263923 
48.45048873317827 
46.63527660690383 
48.46917076177819 
48.512946065581 
48.4874675145633 
48.29035496853974 
47.96396166858955 
48.51934731553231 
48.533579534746195 
47.98453082910644 
48.7035946432904 
48.493671192612936 
