51.16332527022894 
51.16001073320428 
51.16013400703774 
51.160163397105926 
51.16332527022894 
51.156721957691595 
51.16332527022894 
51.160146199079456 
51.160163397105926 
51.16332527022894 
51.160163397105926 
51.1599965007796 
51.15990857503759 
51.16001073320428 
51.15667429834449 
51.16332527022894 
50.86166460540519 
51.16332527022894 
51.16013400703774 
51.16001073320428 
51.16013400703774 
51.15990857503759 
51.16332527022894 
51.15990857503759 
51.15657190365072 
51.16332527022894 
51.16332527022894 
51.16332527022894 
51.16332527022894 
51.16332527022894 
51.16332527022894 
51.160163397105926 
51.160163397105926 
51.16013400703774 
51.16332527022894 
51.15657190365072 
51.16332527022894 
51.15990857503759 
51.1599965007796 
50.86254627457988 
51.16332527022894 
51.16332527022894 
51.16332527022894 
50.68694450961864 
51.16332527022894 
51.16013400703774 
51.16001073320428 
51.16332527022894 
51.16332527022894 
51.16332527022894 
51.16332527022894 
50.933818750613206 
51.12178647581088 
51.16013400703774 
51.16332527022894 
51.117580527061044 
51.122576453194036 
51.15990857503759 
50.721476838796015 
48.06049573378136 
50.64043327969852 
49.996000174153046 
50.042219804829706 
49.58198350764188 
49.57474107936424 
50.06350962363182 
50.93918743750915 
51.15667429834449 
50.69871644520179 
51.16001073320428 
51.15990857503759 
51.15990857503759 
51.16001073320428 
51.16001073320428 
51.156721957691595 
51.16001073320428 
51.12062852242794 
51.16332527022894 
51.160146199079456 
51.12062852242794 
51.16013400703774 
51.12062852242794 
51.137448244870775 
50.96148211424179 
51.16332527022894 
51.15674339523134 
51.16332527022894 
51.156721957691595 
50.96743519910576 
50.959591670658355 
51.16332527022894 
51.16332527022894 
51.16332527022894 
51.16332527022894 
51.16013400703774 
51.160146199079456 
51.16332527022894 
51.16332527022894 
51.16001073320428 
51.1599965007796 
