59.68053943137513 
59.679870536797814 
59.68121920193136 
59.68052999766742 
59.45759879614198 
59.67777111421949 
59.6805202784563 
59.68121920193136 
59.68053943137513 
59.68054625064959 
59.67988016829391 
59.679847088701656 
59.68121920193136 
59.68052999766742 
59.68052999766742 
59.68121920193136 
59.67986616286245 
59.68121920193136 
59.679870536797814 
59.68054625064959 
59.68121920193136 
59.68121920193136 
59.680553432434124 
59.679251881657024 
59.4866804194575 
59.68121920193136 
59.68121920193136 
59.680553432434124 
59.68052999766742 
59.68121920193136 
59.68121920193136 
59.680553432434124 
59.65859107726572 
59.68053662143729 
59.680553432434124 
59.68053662143729 
59.68053943137513 
59.679870536797814 
59.68053943137513 
59.68121920193136 
59.68121920193136 
59.679870536797814 
59.68053662143729 
59.68121920193136 
59.23043627753325 
59.66815160467029 
59.68121920193136 
59.66409097017402 
59.68121920193136 
59.68053943137513 
59.68121920193136 
59.68121920193136 
59.68053943137513 
59.6805202784563 
59.68121920193136 
59.68052999766742 
59.679847088701656 
59.68121920193136 
59.65820138275107 
59.68053662143729 
59.6805202784563 
59.68052999766742 
59.68121920193136 
59.68052999766742 
59.6805202784563 
59.680553432434124 
59.68121920193136 
59.68121920193136 
59.68052999766742 
59.68121920193136 
59.68054625064959 
59.68121920193136 
59.68053943137513 
59.68121920193136 
59.68121920193136 
59.68121920193136 
59.68121920193136 
59.68121920193136 
59.68121920193136 
59.68121920193136 
59.68121920193136 
58.972604270394626 
59.68053943137513 
59.68121920193136 
59.68053662143729 
59.68121920193136 
59.6805202784563 
59.67985652911006 
59.68053943137513 
59.68052999766742 
59.68121920193136 
59.68121920193136 
59.68053943137513 
59.68121920193136 
59.68121920193136 
59.68121920193136 
59.68121920193136 
59.68121920193136 
59.6805202784563 
59.68053662143729 
