52.206481220716405 
51.38093852411226 
51.38543792857732 
51.90955991700713 
52.20230323347929 
51.65835396579525 
52.45030020098525 
51.718771196243175 
51.381207164932576 
51.71598400986086 
51.367483842873725 
51.388203041738116 
50.92443618659429 
52.20843232721951 
51.62655668724066 
52.22743865562654 
50.902357875970004 
51.630837500932344 
51.96635914125428 
51.73204520482319 
51.70575747528337 
52.19453387145048 
51.949075754494515 
51.66839939612018 
51.988908848599856 
52.25502539279573 
49.39971363226366 
50.92530568223526 
51.98863521768511 
51.367081497122186 
51.35392134600837 
51.74413685311784 
51.39946551121973 
51.37326401656881 
52.40351308033759 
51.37390173860841 
51.71195418763125 
52.206481220716405 
51.38093852411226 
51.68466508314606 
49.402717451485785 
51.0026132410441 
51.738944063974316 
51.69958080143931 
51.72476028764151 
52.405959223906535 
51.86895106586306 
52.21115149833874 
50.93990506467592 
50.901471326252036 
52.431230650757094 
51.344973350424404 
52.20426316413517 
49.27824741768189 
50.302220661638586 
52.19799627427443 
51.67188912765916 
51.69079557760351 
51.71614733795218 
51.65580460395879 
52.243363011159666 
51.71614449133757 
50.94256504695256 
52.416484857188216 
50.367193120901184 
51.0026132410441 
51.738944063974316 
51.69985166102708 
51.67385865268445 
52.21244801286865 
52.005000494596175 
51.68334076727951 
51.96499095720658 
51.3331296514529 
51.392236251172996 
50.92530568223526 
51.945712728047795 
52.423407399490955 
51.975817057020706 
52.191678478575376 
52.393842065075205 
51.34161703067645 
51.38999650647928 
51.3610998265564 
52.41492025958426 
51.981777773624984 
52.20037115574155 
51.39685590017976 
52.19572615799721 
50.90843791538479 
52.2077629937887 
52.224312011010994 
51.99268852929283 
52.409440128580805 
51.70959869785327 
52.22621280371281 
52.42985953697452 
51.70820351097424 
52.23560610146006 
52.21958944461608 
