59.68124906285516 
59.66875690595269 
59.68064935029413 
59.68064935029413 
59.68124906285516 
59.68064429436206 
59.68062637343999 
59.68064935029413 
59.68062080866417 
59.484812853836985 
59.68062080866417 
59.68064671073442 
59.68064935029413 
59.68064671073442 
59.68064429436206 
59.66028911881176 
59.66226333830971 
59.679997847966966 
59.68060971848501 
59.68000522421827 
59.68060971848501 
59.680009738070495 
59.68124906285516 
59.68060971848501 
59.68064671073442 
59.68124906285516 
59.680007099310906 
59.68064935029413 
59.68064935029413 
59.680009738070495 
59.680021341942485 
59.668866854711794 
59.68062080866417 
59.68124906285516 
59.66224291137289 
59.68064671073442 
59.68124906285516 
59.68124906285516 
59.68064429436206 
59.68062637343999 
59.68062080866417 
59.68064429436206 
59.66996687392457 
59.68062080866417 
59.68001819209642 
59.67803558778645 
59.68124906285516 
59.68001819209642 
59.68064935029413 
59.67728064592146 
59.68124906285516 
59.68060971848501 
59.68064935029413 
59.68062080866417 
59.669470959915564 
59.68064935029413 
59.66224291137289 
59.68124906285516 
59.68062080866417 
59.66335016380817 
59.68124906285516 
59.68064429436206 
59.68064429436206 
59.68124906285516 
59.68062080866417 
59.68064935029413 
59.68062637343999 
59.68124906285516 
59.68064935029413 
59.67998675299813 
59.68062080866417 
59.68062637343999 
59.68124906285516 
59.679997847966966 
59.679997847966966 
59.68064429436206 
59.68124906285516 
59.68062080866417 
59.68064429436206 
59.68124906285516 
59.68064935029413 
59.68064429436206 
59.68124906285516 
59.669547634686424 
59.68064671073442 
59.68062637343999 
59.680007099310906 
59.68060971848501 
59.68064935029413 
59.681176158435846 
59.68062080866417 
59.68124906285516 
59.680009738070495 
59.68002690679762 
59.68062637343999 
59.67803558778645 
59.66490944982295 
59.68064935029413 
59.68064429436206 
59.66996687392457 
