58.953847022670686 
59.771821456080545 
59.97143857123546 
59.954002985863056 
59.947169439136985 
59.761601411688325 
59.9537526559328 
59.76002741354937 
59.7679238484305 
59.55149330184646 
59.960947302928524 
59.76741411502589 
59.75182916707622 
59.262633562733356 
59.76098976008932 
59.75487804548092 
59.77328905256089 
59.9638561898364 
59.76300594680156 
59.95285538988048 
59.76854970155227 
59.95762392560029 
59.76787124816632 
59.948800436137596 
59.971813702823006 
59.76418904433855 
59.75844839947017 
59.97102446123077 
59.76301115393406 
59.96225965271174 
59.520044239279166 
59.952330489819346 
59.76139940267413 
59.9606594269853 
59.966169291823554 
59.26115064387049 
59.751238057876364 
59.770785933231 
59.54018154571158 
59.9710823077505 
59.74512447623869 
59.955796301863266 
59.53497360382323 
59.77250309734758 
59.74745057649041 
59.95819346142502 
59.524993634435305 
59.75105065408097 
59.275094963222465 
59.94673147814426 
59.769787247109186 
59.97156075506755 
59.76767941271415 
59.75415907004527 
59.9702882124946 
59.7643472679108 
59.28397842292713 
59.97108470794942 
59.97104240380712 
59.97206972095138 
59.97206972095138 
59.76888439346149 
59.769167050396796 
59.96633837488676 
59.96290682772923 
59.959994058963794 
59.76179567794915 
59.7562246821088 
59.762440105374715 
59.939648796090836 
59.95898423084948 
59.971667345749495 
59.95883905359388 
59.769388242131946 
59.54180130660406 
59.773515278461176 
59.75268366195737 
59.74756908467656 
59.97177834806219 
59.94849888179753 
59.96739205693664 
59.761178785329435 
59.96601657424728 
59.76262446045567 
58.939940761396805 
59.96606581773327 
58.96497912770894 
59.76562621440199 
59.96295268743346 
59.96933484953902 
59.51562512694428 
59.971291189221795 
59.52242722120448 
59.95458732618387 
59.765546633893834 
59.28744072906441 
59.9588613484218 
59.763042848100774 
59.76773274255494 
59.772849330287315 
