59.68121920193136 
59.668739254767516 
59.6805202784563 
59.6805202784563 
59.68121920193136 
59.68052999766742 
59.68053662143729 
59.6805202784563 
59.680553432434124 
59.6784568589817 
59.680553432434124 
59.68054625064959 
59.6805202784563 
59.68054625064959 
59.68052999766742 
59.664117242309686 
59.6628074047267 
59.679870536797814 
59.68053943137513 
59.67985057374611 
59.68053943137513 
59.67984017596604 
59.68121920193136 
59.68053943137513 
59.68054625064959 
59.68121920193136 
59.67986616286245 
59.6805202784563 
59.6805202784563 
59.67984017596604 
59.679847088701656 
59.668749492421156 
59.680553432434124 
59.68121920193136 
59.6601696223629 
59.68054625064959 
59.68121920193136 
59.68121920193136 
59.68052999766742 
59.68053662143729 
59.680553432434124 
59.68052999766742 
59.66728330923415 
59.680553432434124 
59.67988016829391 
59.672649511177944 
59.68121920193136 
59.67988016829391 
59.6805202784563 
59.67194066588464 
59.68121920193136 
59.68053943137513 
59.6805202784563 
59.680553432434124 
59.66945353802571 
59.6805202784563 
59.6601696223629 
59.68121920193136 
59.680553432434124 
59.657914780634265 
59.68121920193136 
59.68052999766742 
59.68052999766742 
59.68121920193136 
59.680553432434124 
59.6805202784563 
59.68053662143729 
59.68121920193136 
59.6805202784563 
59.67985652911006 
59.680553432434124 
59.68053662143729 
59.68121920193136 
59.679870536797814 
59.679870536797814 
59.68052999766742 
59.68121920193136 
59.680553432434124 
59.68052999766742 
59.68121920193136 
59.6805202784563 
59.68052999766742 
59.68121920193136 
59.66741585603164 
59.68054625064959 
59.68053662143729 
59.67986616286245 
59.68053943137513 
59.6805202784563 
59.68114872009593 
59.680553432434124 
59.68121920193136 
59.67984017596604 
59.67983799576776 
59.68053662143729 
59.672649511177944 
59.47694537290432 
59.6805202784563 
59.68052999766742 
59.66728330923415 
