51.753486857892874 
52.49856314757288 
51.427153095303545 
51.82356855999621 
52.30071381305533 
51.05728700118682 
52.51812922469182 
51.784100096285975 
51.44926974272256 
51.77305958186596 
51.48084172722865 
52.01282480823445 
51.471306746021156 
52.49278811757526 
50.99833070012353 
52.061215286889876 
51.37752916724852 
52.30042066753976 
51.79351976753513 
52.2854257358671 
52.03818421885319 
51.0611553347028 
51.802406203988404 
51.78851656754131 
52.30076846305472 
51.00937465149055 
52.28801518944418 
52.293365728767554 
52.43524420833619 
52.30342479135015 
51.75826587298257 
52.03427201323668 
51.41709238743849 
51.462323953558545 
52.03415977314559 
51.81917373620673 
52.0340338344573 
51.75166933393791 
52.4510391660111 
51.7032307884637 
52.51603559334594 
51.477830089587094 
52.04846711968897 
52.04451621386055 
52.271311682486285 
52.26094687779711 
52.05590244775284 
52.078708213290824 
52.519909414721646 
52.07743662778524 
51.832897270227285 
52.449470261664075 
51.05364625625631 
52.05343914616497 
52.05839724855893 
52.484963412349614 
52.525466547831364 
52.26009808604615 
52.068342717011966 
51.44156774285309 
51.80037183935384 
51.7032307884637 
51.78248733462655 
51.03188013895833 
49.457112643567726 
51.06083620989271 
51.494545233788266 
52.0476610035535 
52.470753330232036 
52.005236221829726 
52.06063271252815 
52.05392263647155 
51.81653766192957 
52.07082879338667 
50.49357736116095 
51.791296779366824 
51.78659113942368 
51.058411941753505 
52.51295323007772 
52.47963327339606 
52.50037905600936 
52.06935005859266 
51.82351682051158 
51.4707722864923 
52.045363419935036 
52.51898060334865 
52.48259250699104 
52.501857931953886 
50.45398281759494 
52.0645100582138 
52.330271424628684 
49.47535546491971 
51.47207524998367 
52.291529000187246 
52.09880104574682 
51.0149444841012 
51.79668691551877 
51.031626467678386 
51.79513801880248 
51.787653898278464 
