48.257390231806504 
47.98908924637089 
48.6749753813699 
47.70709030311539 
48.67484049038466 
48.24551607081993 
48.68347708486664 
48.27301314006241 
47.894845401964176 
47.29614288674969 
47.160079091767415 
48.2223933713088 
48.74016525855207 
48.514854405445234 
48.260365079243854 
47.58703907555059 
47.19355535874254 
48.21579225393078 
47.16937232088729 
47.68064657710022 
47.87443492805391 
48.259412704144935 
48.14099644126763 
47.90059934056479 
48.24300260216352 
48.46569371655663 
47.56029481312079 
48.25120363997318 
48.461331841226084 
47.66320618580697 
47.2235717314487 
47.609521237989725 
48.15659284619512 
47.71553645263222 
47.92806589879036 
48.0206487654554 
47.56872064529523 
47.20939913770104 
47.62101642861975 
47.90241996145043 
47.6567715921205 
47.58964436228218 
48.19942012064976 
48.0726513308975 
47.58964436228218 
47.68783838213791 
47.98678596010843 
47.30435956128626 
48.223508456160474 
47.911482863083826 
47.877768389734186 
48.487937036883885 
47.87588317893429 
48.25199072608878 
47.60729087507721 
47.59577864084535 
48.24246456756588 
48.23272342742361 
48.612885468995756 
48.19561651118677 
47.59429102086018 
48.28162967230293 
47.56522281465515 
47.616483959502965 
47.91231873218733 
48.28401138703938 
47.578843219719246 
47.97355183254954 
47.97410708449843 
48.461642556729146 
46.60953698111211 
48.25304786760579 
48.46152842937223 
47.99110368922456 
47.172069693783584 
48.25331956092326 
48.211280580591364 
47.90990204846942 
48.01113742608588 
48.00858840582576 
47.997732076079195 
48.65442735097769 
47.938230498864094 
47.9210326882249 
47.98567913936408 
48.26999553113988 
47.97447007001889 
47.94635023222195 
47.25764909315229 
48.50793500762949 
48.21625993083126 
48.290348763395485 
48.25855493753575 
48.51025269438335 
48.26728356946353 
48.17753399065959 
47.710508292385526 
47.909684282457555 
48.449017990228 
48.261339291167964 
