51.16295985676962 
51.15944943046779 
51.159326518577934 
51.15927412002789 
51.16295985676962 
51.155769080373815 
51.16295985676962 
51.15940987300897 
51.15927412002789 
51.16295985676962 
51.15927412002789 
51.15930889196051 
51.159328023196714 
51.15944943046779 
51.15578955982471 
51.16295985676962 
50.598097697329656 
51.16295985676962 
51.159326518577934 
51.15944943046779 
51.159326518577934 
51.159328023196714 
51.16295985676962 
51.159328023196714 
51.15566784417247 
51.16295985676962 
51.16295985676962 
51.16295985676962 
51.16295985676962 
51.16295985676962 
51.16295985676962 
51.15927412002789 
51.15927412002789 
51.159326518577934 
51.16295985676962 
51.15566784417247 
51.16295985676962 
51.159328023196714 
51.15930889196051 
50.85214714657273 
51.16295985676962 
51.16295985676962 
51.16295985676962 
51.08514834119807 
51.16295985676962 
51.159326518577934 
51.15944943046779 
51.16295985676962 
51.16295985676962 
51.16295985676962 
51.16295985676962 
50.702519036640275 
51.10534201925237 
51.159326518577934 
51.16295985676962 
50.91171962221628 
51.10936101501521 
51.159328023196714 
50.720804196609414 
48.98890185702067 
50.38162001730204 
50.308377651975 
49.58710967625522 
49.04820139296506 
49.56989412907785 
49.617927850113944 
50.94759871091261 
51.15291771206424 
50.884041452845956 
51.15944943046779 
51.159328023196714 
51.159328023196714 
51.15944943046779 
51.15944943046779 
51.155769080373815 
51.15944943046779 
51.113605470408395 
51.16295985676962 
51.15940987300897 
51.113605470408395 
51.159326518577934 
51.113605470408395 
51.140980045825025 
50.95868182864135 
51.16295985676962 
51.14973774827278 
51.16295985676962 
51.155769080373815 
51.156426638099035 
50.964434710098416 
51.16295985676962 
51.16295985676962 
51.16295985676962 
51.16295985676962 
51.159326518577934 
51.15940987300897 
51.16295985676962 
51.16295985676962 
51.15944943046779 
51.15930889196051 
