51.81305778752991 
51.82392549360723 
52.30803436669336 
51.796126043351414 
52.47740445635678 
52.471958355990665 
52.48646920861729 
52.30557163707199 
52.26367891120077 
51.08837212856307 
51.017638746844085 
52.26428359266596 
52.5196076422858 
52.07659452754514 
52.03869067194568 
52.0210019735455 
49.4974952099298 
52.247610484395665 
51.398950977775655 
51.78372315306271 
51.77494113772993 
52.05398189514953 
51.74878362834687 
51.728535479640094 
52.04295289383968 
52.07334246200207 
50.98728335735456 
51.79259146740355 
52.04466332223648 
51.45809611911502 
51.022700129690826 
52.029094121317165 
51.74571082997559 
52.03699895027133 
52.01475945808376 
52.085576647199716 
51.01495097286764 
51.02652878456882 
51.791755512863716 
51.43677784167288 
51.75871440084891 
51.45456568503452 
52.01012163078798 
51.402233667057736 
51.45456568503452 
52.0506010818937 
51.783540928773036 
51.769753714717304 
52.271977970490674 
52.003585592387665 
51.43666620992184 
52.485781189324726 
51.4113933021677 
52.05998328664318 
51.01818668205154 
51.04023542214292 
52.26626008150698 
52.27657620048758 
52.00939544060715 
52.004451958557034 
51.71247641589635 
52.30463762941839 
50.501847882817444 
51.472226347085794 
52.4314793625708 
52.28268996147318 
51.725653043919124 
51.50520438871219 
51.787781645033256 
52.27100443789125 
50.49186037656232 
52.08124825306244 
52.27352424424282 
51.802767780871534 
51.00945899334079 
52.05328479430026 
51.7872373717605 
51.439168794690026 
51.79096708684558 
52.07288839298611 
51.8008854613977 
52.277688406687915 
52.24500689842294 
51.758799655326705 
52.03553533090905 
52.48049176501111 
52.26372627427807 
52.02915370828849 
51.07975375059833 
52.30609960888568 
52.05405211133938 
52.312795110902556 
52.46444834331386 
52.30871943780727 
52.29689339444438 
51.998052440603914 
51.80498443104475 
52.02111380656858 
51.798244956826075 
51.804364894237885 
