51.98280527677517 
51.71591329451617 
52.39976685345261 
51.42115326232081 
52.39970384909389 
51.975095360259985 
52.405889523746765 
51.99259749090772 
51.652066219428505 
51.008834324206454 
50.91595722456321 
51.95891150057269 
52.4427257323872 
52.228919120831826 
51.984913497414524 
51.340080935368555 
50.93996797812473 
51.95480236891648 
50.92146650482368 
51.40337898252117 
51.638553356350826 
51.98447136250786 
51.90458146399381 
51.656922294885604 
51.97337156628588 
52.195391712712095 
51.32226514242113 
51.97877333241292 
52.192770196535456 
51.39159662222354 
50.96057011839668 
51.35584397907975 
51.914217183691456 
51.42775147830386 
51.673963906390426 
51.73839048140407 
51.329089668456014 
50.95035686767803 
51.36306359616983 
51.657977800028014 
51.3867996976116 
51.341698215046165 
51.94286647143744 
51.85835752903079 
51.341698215046165 
51.40819680573953 
51.71536075070493 
51.01496570227706 
51.95957991770016 
51.66335940787321 
51.64140250782531 
52.21162863934811 
51.640008109542315 
51.978752079404515 
51.35421327406103 
51.34520686759286 
51.97357761824366 
51.96547057478335 
52.35756381439575 
51.940743163784774 
51.34446065781809 
51.99890917736157 
51.32472988343806 
51.35950713771 
51.66459535403529 
52.00059159794959 
51.33455046091147 
51.7052590976575 
51.70598871393275 
52.19293271635981 
50.35362440041158 
51.97908103824018 
52.19322771063229 
51.717545906885896 
50.92476161264721 
51.98041549021317 
51.95077048520066 
51.66279964494951 
51.73176861207912 
51.72930543772686 
51.720754546599096 
52.3869457475772 
51.68222484461146 
51.66925945055722 
51.71307046252967 
51.991795350676696 
51.70678456448981 
51.68680335830227 
50.9825591587218 
52.22358517745133 
51.95489405698194 
52.005993774419146 
51.984692467335925 
52.225200366516006 
51.9899405949684 
51.92863126533173 
51.42342946248656 
51.66264766700332 
52.18346959118932 
51.98539936387625 
