59.75505037604374 
59.769116642592046 
59.97157222839496 
59.96057840796175 
59.7579616128525 
59.75457042813014 
59.9571043735375 
59.761650006686516 
59.77167697663861 
59.549051179064605 
59.95981414392749 
59.766956852979966 
59.93937789998718 
59.26362974922222 
59.95138526694978 
59.2688007310159 
59.77049908970625 
59.958762486442744 
59.95310648978165 
59.95361565223805 
59.955921743444115 
59.95715169331792 
59.76938629893341 
59.95327513382581 
59.97184579310847 
59.77030177720919 
59.273773452647966 
59.97113502169518 
59.76670246955866 
59.962282372148515 
59.525146415008706 
59.9510232597141 
59.76313406541666 
59.95962101377421 
59.964437305830415 
59.52542374852552 
59.75804562133528 
59.773695634591974 
59.54539264297204 
59.971265786126274 
59.74925092808883 
59.54621584692724 
59.54426570379879 
59.77488857324513 
59.94205781571352 
59.960167498494556 
59.75189210250162 
59.525506275009626 
59.28215933246093 
59.76033910402159 
59.96091460726148 
59.971710468910075 
59.76996788672329 
59.54104290392143 
59.96855360590409 
59.76527759644355 
59.538189646013116 
59.971288784040624 
59.97126992579105 
59.972090875624055 
59.972090875624055 
59.54857840791788 
59.76723129095182 
59.96457762781333 
59.961057063236126 
59.772017638696695 
59.763403244105696 
59.756350067742844 
59.95199526565139 
59.74988511436981 
59.95524429229414 
59.97169481928903 
59.955175539424765 
59.77235093929584 
59.54018589704511 
59.774372743891725 
59.75580882859295 
59.753644535912144 
59.971801735038895 
59.76539197434895 
59.96739376861964 
59.7635914823187 
59.96737275420378 
59.76783648690224 
58.94753530360009 
59.966172283553284 
59.27570957074771 
59.960530437865025 
59.96112954636177 
59.96693890311352 
59.52160935972363 
59.9713135558719 
59.52949099698674 
59.95211272701514 
59.76855998124866 
59.52930857256742 
59.95898780895009 
59.95498023398131 
59.546213117605056 
59.77527546523811 
