51.16295985676962 
51.13210468245393 
51.15927412002789 
51.15927412002789 
51.16295985676962 
51.159326518577934 
51.15930889196051 
51.15927412002789 
51.15944943046779 
51.156153459296284 
51.15944943046779 
51.15940987300897 
51.15927412002789 
51.15940987300897 
51.159326518577934 
51.11927279574201 
51.11620935270754 
51.15578955982471 
51.159328023196714 
51.15570474817812 
51.159328023196714 
51.155632820976926 
51.16295985676962 
51.159328023196714 
51.15940987300897 
51.16295985676962 
51.155769080373815 
51.15927412002789 
51.15927412002789 
51.155632820976926 
51.155666186925345 
51.13017659381789 
51.15944943046779 
51.16295985676962 
51.11209382897173 
51.15940987300897 
51.16295985676962 
51.16295985676962 
51.159326518577934 
51.15930889196051 
51.15944943046779 
51.159326518577934 
51.13027322898117 
51.15944943046779 
51.15589064647234 
51.14106304068746 
51.16295985676962 
51.15589064647234 
51.15927412002789 
51.14123197617667 
51.16295985676962 
51.159328023196714 
51.15927412002789 
51.15944943046779 
51.133920352717325 
51.15927412002789 
51.11209382897173 
51.16295985676962 
51.15944943046779 
51.10603748121809 
51.16295985676962 
51.159326518577934 
51.159326518577934 
51.16295985676962 
51.15944943046779 
51.15927412002789 
51.15930889196051 
51.16295985676962 
51.15927412002789 
51.15566784417247 
51.15944943046779 
51.15930889196051 
51.16295985676962 
51.15578955982471 
51.15578955982471 
51.159326518577934 
51.16295985676962 
51.15944943046779 
51.159326518577934 
51.16295985676962 
51.15927412002789 
51.159326518577934 
51.16295985676962 
51.12699082853297 
51.15940987300897 
51.15930889196051 
51.155769080373815 
51.159328023196714 
51.15927412002789 
51.16259093956712 
51.15944943046779 
51.16295985676962 
51.155632820976926 
51.15563184989887 
51.15930889196051 
51.14106304068746 
50.94195427432307 
51.15927412002789 
51.159326518577934 
51.13027322898117 
