47.63330803798003 
48.68594486375707 
47.13997481894342 
48.01740432597375 
48.495416097808295 
47.64256620615881 
48.538545112398516 
48.196204638844186 
48.20125357038666 
47.62282567135795 
47.67760078741344 
48.21002072039088 
47.65829572707426 
48.68151434608545 
47.13490804457598 
48.23931152477619 
47.428401784425986 
48.516943711002995 
47.975782925568055 
48.485783344088595 
48.413073231432804 
46.68376304075474 
48.226307594827716 
48.13173353093293 
48.498568021541956 
47.1288803236037 
48.46470987866645 
48.29013493917101 
47.204779458115226 
48.504581692611076 
47.934772285027 
48.209483979392985 
47.577294299332266 
46.619758744401224 
48.219368464177585 
48.25540190577367 
48.446872653880874 
47.23172939415486 
48.45258130133131 
47.84553490147518 
48.7236627805985 
48.01635373487181 
47.690541433167404 
48.209656385127445 
48.43058176607301 
47.933463665984775 
47.708396627242024 
48.27426661580922 
48.73527581050623 
48.49735664352938 
48.25716718159756 
48.4646987760599 
47.24421601429649 
48.26957727084776 
48.2389347358811 
48.48414187875482 
48.74585463197746 
47.91469808123383 
48.271448222266464 
47.53674650565195 
47.97430754077805 
47.84553490147518 
47.950476992892085 
47.23208067939137 
45.64620370942955 
47.64665312374067 
48.2374622302032 
47.69615901849948 
48.223958108895154 
48.401875797602564 
48.24554038044929 
47.65425536027906 
48.2364742032576 
47.64678386882344 
47.237086285181135 
48.251009121334214 
48.2052169913772 
47.94531480454666 
48.52733167735406 
48.68175385037638 
48.52545987297559 
48.003344564022086 
47.69681965516189 
47.668230853544706 
47.966677213897356 
48.50788459652686 
48.49542129030763 
48.03229563923037 
47.93833532242193 
48.255295160688554 
48.534528342654546 
47.146947272134135 
47.97386312370901 
47.97271083875889 
48.29675852661158 
47.59145662998518 
48.24552060463479 
47.192967426551895 
47.95550342465198 
48.2244769933043 
