51.737546024318696 
51.74849236053078 
52.23259187790633 
51.720501683717394 
52.401786403253766 
52.396299525652616 
52.41091692441212 
52.23011650508184 
52.18789312269584 
51.01296524626394 
50.94167946397516 
52.188505961723834 
52.44434023167926 
52.00109333764762 
51.96290353829998 
51.94506791981912 
49.42202135436101 
52.17170880417223 
51.32275001704112 
51.70799468718596 
51.699126210721396 
51.978301894022785 
51.67275276945056 
51.652347144537686 
51.96718666766054 
51.99780584831261 
50.91105845950585 
51.71691790460819 
51.968911760383676 
51.38234001862983 
50.94676618635414 
51.95321633709234 
51.66966812027129 
51.961198520605286 
51.93878667664813 
52.01012827659075 
50.9389588359606 
50.9506271603199 
51.71608303400901 
51.36083746126569 
51.68278785754048 
51.378774302233545 
51.93410622794096 
51.3260225117649 
51.378774302233545 
51.9748983531645 
51.70779588052999 
51.69392842560288 
52.19627011259012 
51.92751410020986 
51.3607268304631 
52.41021882815883 
51.335255600570214 
51.984352223532255 
50.94221007059217 
50.964454718879196 
52.19048987348215 
52.200892841829145 
51.9333543786691 
51.92838850286315 
51.63617609351923 
52.22917954320763 
50.426401956294974 
51.39657831290198 
52.355503479408796 
52.20706409821606 
51.6494566624461 
51.42981235091665 
51.712082651403364 
52.19528210298325 
50.416342521618304 
52.00577792750471 
52.19780690472838 
51.72717981644095 
50.93343447308841 
51.97759487211124 
51.71152980716959 
51.36324981259201 
51.71529799826708 
51.997356447277994 
51.725301412260485 
52.2019970432512 
52.169079046010495 
51.68288906333057 
51.95972607901309 
52.40490072717582 
52.18793107878524 
51.95327515173899 
51.00426798499732 
52.2306634462841 
51.97837347234783 
52.23738912148849 
52.38872685901159 
52.23329957472732 
52.221364459985544 
51.92193531535885 
51.72942961386069 
51.94516714314933 
51.72262173776151 
51.72879913631657 
