48.48351637798895 
47.64664876724248 
47.65428878492834 
48.149622343646065 
48.47671743473727 
47.90530008239634 
48.75209668262492 
47.994279864177194 
47.64891209014481 
47.98969031564511 
47.630684823377216 
47.65842566421089 
47.171806012063726 
48.48461865097832 
47.856880902328676 
48.513336131493816 
47.14189054426502 
47.86452055319584 
48.234802547543126 
48.0131655954354 
47.975247301614786 
48.46537419492194 
48.20891139291994 
47.91936494054332 
48.266717150138334 
48.554828402930546 
45.674693301349556 
47.17386985615453 
48.2672737155175 
47.62639617152076 
47.611381384944906 
48.030540747774225 
47.67479187524132 
47.6373493144115 
48.68330624154249 
47.63877524505918 
47.98407048972886 
48.48351637798895 
47.64664876724248 
47.94358143290105 
45.680890403046625 
47.28825417135027 
48.02240147417779 
47.96537092764461 
48.00386641264409 
48.68575147529947 
48.08930897530447 
48.49113704629482 
47.19467857640968 
47.13510026236016 
48.7212175497231 
47.59560759744272 
48.48071880820434 
45.498595327967 
46.53010794921033 
48.46982174928248 
47.925125871688415 
47.95228263380675 
47.99002723681967 
47.90293523989891 
48.53666442316601 
47.99003815440862 
47.19784314431376 
48.701620018917325 
46.62770473292445 
47.28825417135027 
48.02240147417779 
47.96593179025359 
47.9283365548815 
48.49181233253783 
48.292353515405566 
47.94087710897527 
48.231824009975895 
47.57790606925816 
47.666681439564385 
47.17386985615453 
48.204189768311984 
48.71088935897173 
48.248781751162014 
48.46051919977484 
48.66830635715161 
47.59218903088566 
47.6600424023735 
47.61900645508732 
48.69836390249576 
48.25789502292388 
48.4747595859271 
47.671108447915564 
48.46681290683118 
47.14970990688633 
48.484046063757 
48.50969565208116 
48.27263442414929 
48.689581075287094 
47.980525442797045 
48.511831409591224 
48.72082599889703 
47.97865728928534 
48.52626576449341 
48.50192818182081 
