52.197705616627196 
50.90849046419056 
50.92446430920359 
51.34225082472687 
52.1792534850642 
51.331226844727794 
52.44134582885697 
50.98997598274626 
51.93532463375185 
52.16777197104681 
50.96466753337353 
51.659582551871054 
51.655932621523405 
52.38800435383059 
51.65832069140754 
52.225811663174625 
50.36452404266497 
51.61362835953909 
51.004946471389914 
51.407847169221995 
51.96922732989908 
52.18191095496053 
51.3532793052126 
51.666555965746525 
51.98198706992194 
52.24171105349055 
50.340470643936776 
50.927416741310374 
51.96759938302119 
51.660661010849644 
51.39117438559762 
51.72969954471846 
51.395299710908986 
50.97336811947756 
52.40238692177332 
51.65330950733501 
51.96051141566918 
52.197705616627196 
50.90849046419056 
50.938063237154715 
50.958172808639404 
51.40686431384099 
50.97470943644036 
50.98961309903483 
51.992936249644565 
52.39243047675933 
50.86026846153367 
51.72544076456684 
50.32176811033485 
51.28816202503635 
52.39743679876362 
51.34592105810931 
51.97983537142441 
50.2988214669511 
50.91720070440848 
52.01404300062984 
51.921613350453704 
51.93299543670928 
51.713876766924116 
50.30777401236122 
52.23394357031227 
51.70538168360846 
51.65137844482598 
52.223552884483006 
51.35375338848092 
51.40686431384099 
50.97470943644036 
51.389450232577396 
51.3310619894398 
52.206555946186626 
52.20621903784701 
51.340080935368555 
51.93463987095949 
51.62224210727364 
51.68497180494114 
50.927416741310374 
51.3675239451657 
52.41200185804977 
51.38508016300841 
51.96815473247382 
52.39090536837304 
50.399869621832615 
50.964649279800376 
51.385199459833416 
52.22901999409545 
52.207885585262254 
51.73276045165533 
52.19554348834926 
52.18526799025179 
50.37264512917751 
52.198486528297174 
52.22751881428802 
52.21089051775507 
52.00595287009135 
51.69915091455304 
52.232389108644156 
52.241620715532996 
51.71326084575914 
52.418459271973674 
52.21489187441963 
