46.519200267319114 
47.35559630869874 
46.84889728739985 
47.046244425800374 
47.500588275052486 
47.32707410046169 
47.137490761059496 
47.54090752625668 
47.3599793925768 
47.105389666957095 
47.32818475539589 
47.328331751203436 
47.35840031761341 
47.56907992980242 
47.59064705638557 
47.52826597263969 
47.0768396282904 
47.546843076600084 
47.33454008291064 
47.57612667153729 
47.56575765088722 
47.53917921789107 
47.56108119415663 
47.54985094509699 
47.566241385703584 
47.37023347751502 
47.35893759246778 
47.36823075410174 
47.51719745384912 
47.55332731031851 
47.103551775092335 
47.562927095923584 
47.56517322924107 
47.52959871360528 
47.38061486731679 
47.517550040049315 
46.827076640166126 
47.341662192624085 
47.305306101326565 
47.090696373540816 
47.5946149199222 
47.36379031109484 
47.594431719466485 
47.5168691314473 
47.558742682191614 
47.315865316751555 
47.527615889018335 
47.483585910728344 
47.513170961272735 
47.3535087138349 
47.56695684151639 
47.52141065654598 
47.514847530248126 
47.47750127580654 
47.53866499820258 
47.35764106276821 
47.54159479975899 
47.504432839429114 
47.52351443846964 
47.33808684295364 
46.896516376515436 
46.86153871368371 
47.341542267816074 
47.5464526437129 
47.51481156982536 
47.535499460716984 
46.83089078046596 
47.518377021141774 
47.527353808248904 
47.58854124342367 
47.545158771630895 
47.584446546698786 
47.483585910728344 
47.3656000352832 
47.56642535726238 
46.48076707703258 
47.504591759752984 
47.48237336002253 
47.56340973959193 
47.11414015466027 
47.33848046722257 
47.366274817961056 
47.37577308831378 
47.371240030660594 
47.551390264140466 
47.36082180430332 
46.82669696177689 
47.55474295453152 
47.55921662736015 
47.54876789749988 
47.55885537507564 
47.34275469007195 
47.0936462975018 
47.51574752145798 
47.55218262448883 
47.55560184778626 
47.590886743583944 
47.59490332263815 
47.57959201113399 
47.37120057940831 
