52.05845761530218 
51.79158999152942 
52.4754065176202 
51.496618316815066 
52.47534437991645 
52.050812118100154 
52.48148772228734 
52.068159277546144 
51.72824175173218 
51.08427778227918 
50.99211357330138 
52.0347466023427 
52.5180088771223 
52.30438425190407 
52.06054997712455 
51.416185074497434 
51.01595803418863 
52.030674526225916 
50.99756679597535 
51.47898591595899 
51.71483786530833 
52.06011467543268 
51.98085306256333 
51.7330755563881 
52.049101131102844 
52.27111466787792 
51.39851359454279 
52.054459571607985 
52.26851975561242 
51.46729686881955 
51.03640696138208 
51.43183417093396 
51.990398090954734 
51.50317955410973 
51.749958128660694 
51.81391009599721 
51.40530172234158 
51.026263626168245 
51.43898747625073 
51.73411832867678 
51.46253035863643 
51.41778464504845 
52.01881899683423 
51.93499237818055 
51.41778464504845 
51.48376740540072 
51.79105975269385 
51.09037107647934 
52.03540741059709 
51.73944710067337 
51.717675383446434 
52.287245607516134 
51.71628859634839 
52.05442789783925 
51.430212263937314 
51.42125661043556 
52.04931602732993 
52.04124742630107 
52.433530300724826 
52.01671802749083 
51.42052122356015 
52.07442997682308 
51.40094341478834 
51.43544841910884 
51.74068367490542 
52.076100482439294 
51.41069786102323 
51.78101601427913 
51.78174724701393 
52.268680044171134 
50.429592195807174 
52.05474893227065 
52.268980005024446 
51.79321444731813 
51.00086285686926 
52.05609185517935 
52.02665905336846 
51.73889908393395 
51.80733734289765 
51.80488026991473 
51.79637596420929 
52.46270451090526 
51.758177546840614 
51.74529159000732 
51.78875942678839 
52.06738385589439 
51.7825465562892 
51.76270454172601 
51.05820482496548 
52.299081780950694 
52.03076270581116 
52.08147834874941 
52.060347086648854 
52.30068493800075 
52.06554329255083 
52.004703948889826 
51.498877490375385 
51.73874849700363 
52.25927607242466 
52.06102894272015 
