51.41736270135236 
51.7451014087509 
52.013093559899104 
51.98076662121354 
52.405009461975546 
52.215866674548394 
52.41983964367182 
52.02081267065362 
52.20302307688974 
51.40610492032735 
50.923797229021304 
51.97611948088392 
52.45036576632836 
52.23941054914474 
51.734580993469265 
51.67556241135289 
50.3584056313545 
51.704965166435926 
51.33639262657964 
51.407677060195056 
51.34429262129644 
51.98049738239331 
51.6766964920474 
51.66021227504643 
51.723588218691376 
52.22938153675965 
50.3192521578284 
52.212851973612835 
52.202923385774625 
51.00908788095124 
51.36094913194517 
51.38887308324366 
51.9264358090804 
51.737003564063095 
51.941893571924396 
52.01112375042664 
50.358182807871536 
50.96652177562175 
51.35678040083343 
51.91401121427903 
51.93312099518471 
50.405369606327234 
51.39101810343438 
51.30533061913301 
51.00015763208077 
51.715592787369694 
51.38952151468884 
51.40031374237154 
51.71885494639271 
51.002883923167964 
51.91918174797918 
52.409604429002044 
51.6293656389744 
52.20966096303053 
50.951706603939115 
50.96844643702459 
52.37925806855111 
51.69265190252593 
52.169333955914595 
51.952590312674474 
51.64278408668647 
52.230248325271 
50.42236966575448 
51.386337132891974 
51.70653046207553 
52.0105802856119 
50.930406945200346 
51.42521445127215 
51.00207174312187 
52.202645049648275 
49.402880961604474 
52.21405661470555 
52.19942579349417 
51.7195077322561 
50.93653177748709 
51.984027493409926 
51.6974021670416 
51.687013848402614 
51.99096519146397 
51.99065016026485 
51.98339734974605 
52.38264201810187 
51.715069126103295 
51.67648610018339 
51.72935673500188 
52.22846863858869 
52.20619380507205 
51.93843728711775 
50.97675540627997 
52.23264955277962 
52.17109556234065 
52.24111492478406 
52.00170347529529 
52.235255269083275 
51.97686493232569 
51.36471690270105 
51.440889010385355 
51.94110024503787 
52.19899587053999 
51.98315394896954 
