59.68060971848501 
59.679997847966966 
59.68124906285516 
59.68064429436206 
59.46079981131942 
59.67978071939208 
59.68064935029413 
59.68124906285516 
59.68060971848501 
59.68064671073442 
59.68001819209642 
59.680021341942485 
59.68124906285516 
59.68064429436206 
59.68064429436206 
59.68124906285516 
59.680007099310906 
59.68124906285516 
59.679997847966966 
59.68064671073442 
59.68124906285516 
59.68124906285516 
59.68062080866417 
59.48760649102624 
59.484462487952406 
59.68124906285516 
59.68124906285516 
59.68062080866417 
59.68064429436206 
59.68124906285516 
59.68124906285516 
59.68062080866417 
59.66398598242403 
59.68062637343999 
59.68062080866417 
59.68062637343999 
59.68060971848501 
59.679997847966966 
59.68060971848501 
59.68124906285516 
59.68124906285516 
59.679997847966966 
59.68062637343999 
59.68124906285516 
58.66459550239736 
59.669470959915564 
59.68124906285516 
59.66029179388317 
59.68124906285516 
59.68060971848501 
59.68124906285516 
59.68124906285516 
59.68060971848501 
59.68064935029413 
59.68124906285516 
59.68064429436206 
59.680021341942485 
59.68124906285516 
59.66490944982295 
59.68062637343999 
59.68064935029413 
59.68064429436206 
59.68124906285516 
59.68064429436206 
59.68064935029413 
59.68062080866417 
59.68124906285516 
59.68124906285516 
59.68064429436206 
59.68124906285516 
59.68064671073442 
59.68124906285516 
59.68060971848501 
59.68124906285516 
59.68124906285516 
59.68124906285516 
59.68124906285516 
59.68124906285516 
59.68124906285516 
59.68124906285516 
59.68124906285516 
58.65174798786355 
59.68060971848501 
59.68124906285516 
59.68062637343999 
59.68124906285516 
59.68064935029413 
59.67998675299813 
59.68060971848501 
59.68064429436206 
59.68124906285516 
59.68124906285516 
59.68060971848501 
59.68124906285516 
59.68124906285516 
59.68124906285516 
59.68124906285516 
59.68124906285516 
59.68064935029413 
59.68062637343999 
