52.28210315729951 
51.45673316754272 
51.46118587934341 
51.98577993068294 
52.27796478271173 
51.73446735777111 
52.525517152484205 
51.794416535729965 
51.456978034913305 
51.79165599322464 
51.44333851752845 
51.46392908893221 
51.000538696759385 
52.2840594606788 
51.702934903713896 
52.30290969777786 
50.978602007592855 
51.707167460019996 
52.04212095261458 
51.80759339659285 
51.781501627902145 
52.27025433693961 
52.02497601242215 
51.74444319834288 
52.0645100582138 
52.330271424628684 
49.47535546491971 
51.00139331409284 
52.06422740840144 
51.44298195372673 
51.42987475666144 
51.81959766127057 
51.475106012244986 
51.44909441403445 
52.479092966032326 
51.44972185657947 
51.787653898278464 
52.28210315729951 
51.45673316754272 
51.76057960540863 
49.47831528195498 
51.07809195262313 
51.81445061878447 
51.77538273874843 
51.8003497907383 
52.48153317364128 
51.945492742506744 
52.28672806061202 
51.01588598027707 
50.977784264525646 
52.506628772932125 
51.42102417173424 
52.279896300258414 
49.354803987557666 
50.37863083243745 
52.27369813592646 
51.747898281001916 
51.766666420177216 
51.79181691982601 
51.73192238163451 
52.31871179463006 
51.79181402441144 
51.01853359894927 
52.49197280893353 
50.44307719123494 
51.07809195262313 
51.81445061878447 
51.77564961388893 
51.749850640124016 
52.2880285153966 
52.080454921092 
51.7592743403453 
52.04077402238931 
51.409275702055865 
51.46790374950217 
51.00139331409284 
52.02163637889644 
52.49885226107909 
52.05150496221865 
52.26742900046299 
52.46950568713997 
51.41767685967341 
51.46571916815106 
51.43703010209934 
52.49043127511752 
52.05741602500187 
52.27603780253624 
51.47251493767481 
52.271440799784216 
50.98464694152929 
52.283390031619525 
52.29979587759989 
52.06825752824073 
52.48500210766141 
51.785317557282504 
52.301690089439255 
52.505249112538365 
51.783929852273864 
52.31100275386987 
52.29511972284438 
