48.47832260213081 
47.565365700740124 
47.968319560501286 
47.129158556149214 
48.46078610011457 
48.16824524458951 
48.553765762239465 
47.96692957745327 
47.65508209831586 
47.98190402493586 
47.90512721180011 
47.64623452792676 
47.57466088400715 
48.629872285188675 
48.112749095527505 
48.67260610357946 
46.61532088992003 
47.60594281477694 
47.68231236106604 
48.221046899867396 
48.009476032713216 
48.44098296046836 
48.213201723878775 
47.92463840653557 
47.96799272278785 
48.53941503989743 
47.16171038178419 
47.92130946747988 
48.28802195035881 
47.93917066304964 
47.67210772846854 
48.23099965524888 
47.22852035501048 
47.221976481646806 
48.68640553548261 
46.701988527762936 
47.963090906914424 
48.47832260213081 
47.565365700740124 
48.23394019523464 
47.25638108131195 
47.69094895847585 
48.67221984373303 
47.97312881238552 
48.47116059913447 
48.66442383187411 
48.12821897227404 
48.271527418109564 
47.21203450937311 
47.88809050262366 
48.23903161500089 
47.92412209435311 
48.27828261981402 
46.587960321218965 
47.55109602892867 
48.683950611258894 
47.89209159359962 
48.1925081293219 
47.970926784287634 
47.241806050073784 
48.52869749117417 
48.23846213125719 
48.14758267824933 
48.50640142766993 
47.63929548309884 
47.69094895847585 
48.67221984373303 
47.979475081323244 
47.95219713935188 
48.48888897163236 
48.06016342683411 
48.20912049164806 
47.93835663111512 
47.58398554084297 
47.28776083782618 
47.92130946747988 
48.23327288499874 
48.72472097633789 
48.4795286973179 
48.45587622999133 
48.676395305846825 
47.58494853270022 
47.256992237991255 
48.203890450894214 
48.70398787162232 
48.463360995850046 
48.00966090372445 
48.46745631640048 
48.46151965274591 
45.65890301250051 
48.66590244484912 
48.29605406434322 
48.27821543561225 
48.51174826735972 
48.230622267233024 
48.518657672567 
48.72506381947138 
47.95240962033358 
48.70307953564823 
48.46900870270375 
