58.9511140218603 
59.76631673904591 
59.274945193246516 
59.51994860208207 
59.94593729893789 
59.75869858249456 
59.54530128873739 
59.956630851746276 
59.7667077050042 
59.53656557860855 
59.758231862563434 
59.75932791593398 
59.76810871780045 
59.964935653075884 
59.97131565958122 
59.954191353986275 
59.5273623294908 
59.9589548657929 
59.76086459200032 
59.966018175980324 
59.96466107201861 
59.95650062442768 
59.963792940404986 
59.960112482918085 
59.96379592944197 
59.7711550054234 
59.767101311696926 
59.76943926394976 
59.95005188068492 
59.96042353060559 
59.53458706733282 
59.963515267831234 
59.96459937659627 
59.95384625894332 
59.774146340606286 
59.94965938351059 
59.26877968185712 
59.76304135029359 
59.75264454812554 
59.53224028057415 
59.97167788186833 
59.76956295458117 
59.97165716648106 
59.950512165878486 
59.96223781809092 
59.75512963786134 
59.95322620128715 
59.94085415739518 
59.949710963070196 
59.76508171355155 
59.964759966893595 
59.95089064826414 
59.94943087108448 
59.93899630809361 
59.9568986452169 
59.76598887027273 
59.95715169331792 
59.94716729128134 
59.952427601119254 
59.76119799040875 
59.2885053262208 
59.278967067890314 
59.76249869293416 
59.957577857407216 
59.949882758517475 
59.9561712327591 
59.270474878420636 
59.95060751485614 
59.95409332762762 
59.97113234790444 
59.95790479645797 
59.968985221923255 
59.94085415739518 
59.768721080637974 
59.96425528511254 
58.93978440861477 
59.947648993033425 
59.94075019717255 
59.96445568168158 
59.53847282080581 
59.761750584351326 
59.768256089383286 
59.77167697663861 
59.77076722135571 
59.96023722626991 
59.76728193175867 
59.26879481253941 
59.96100187711813 
59.961828555638135 
59.959126904574184 
59.9622438092775 
59.76261092703051 
59.533059519288706 
59.94951141559432 
59.95987008495913 
59.961064634044504 
59.9713473042535 
59.971710468910075 
59.96811497762824 
59.77076784833196 
