47.701998101157756 
48.03220556608492 
48.30238457174079 
48.256620146457735 
48.68377635698264 
48.49605188625939 
48.705200120702976 
48.31389952798478 
48.477287467169255 
47.68693462771755 
47.17230260912961 
48.24826471270177 
48.75222858145942 
48.531262699880756 
48.01748918289129 
47.9302215912828 
46.61644538227805 
47.97355737176778 
47.583183696862875 
47.68839279891186 
47.59415458021413 
48.255031197597965 
47.93101428489786 
47.90649918513892 
48.001037322589404 
48.515284591960274 
46.555612533868114 
48.49185223651703 
48.477041395239695 
47.2971953416722 
47.618550380149564 
47.65977850100743 
48.17558237278273 
48.0207317267395 
48.20001025615939 
48.29916263502107 
46.6133125542487 
47.234301360049656 
47.61357469266865 
48.157777482493415 
48.186145698276505 
46.68320482873731 
47.66408290669054 
47.53566613349394 
47.28280301454632 
47.98917003091309 
47.661209211856885 
47.67839219739398 
47.99419503721328 
47.286670718504354 
48.16398257421656 
48.689929177889226 
47.861043483286075 
48.48710592707384 
47.211706260135564 
47.23775617704755 
48.64559180513584 
47.95627918651609 
48.42758239141041 
48.213912425629154 
47.88099905475871 
48.51826692560912 
46.70832803037458 
47.65748738245796 
47.975714659604655 
48.299469358967606 
47.17964951503987 
47.714631598498514 
47.28719906712846 
48.47738813479951 
45.6812308883525 
48.49444313968815 
48.47189947421889 
47.9956053028434 
47.18999920033528 
48.26017171217558 
47.96342685652535 
47.94714460286034 
48.269977399823915 
48.27027442074141 
48.26003384189744 
48.65020316755319 
47.987760640088 
47.93349673081345 
48.01041199571665 
48.514439811080024 
48.48109755098182 
48.19388414390132 
47.25065197258816 
48.52228114202538 
48.431534497784746 
48.5328530228526 
48.28640880908622 
48.525726328905115 
48.249694317990006 
47.62509491092257 
47.73694643247697 
48.19709145414101 
48.471906736089196 
48.259452404808854 
