52.27340435063667 
50.98473037521256 
51.000570597102005 
51.41834703407943 
52.25510047779081 
51.40738505259783 
52.5166394395705 
51.065586336698985 
52.011336721381106 
52.24370892351348 
51.040446534910394 
51.73571173313102 
51.73208397238887 
52.46374726998216 
51.734454162619784 
52.30131036284511 
50.44044069807979 
51.6901054061083 
51.08042020486925 
51.483430799256716 
52.044977708630626 
52.257742758642685 
51.42927150823706 
51.74263071500547 
52.05765466261577 
52.31706694332913 
50.41655058029414 
51.00350285264099 
52.04335862393085 
51.73677439550603 
51.466861199054016 
51.80528180157891 
51.47098583750183 
51.0490997387423 
52.47798683895826 
51.729467837962915 
52.03633686669279 
52.27340435063667 
50.98473037521256 
51.01407837278342 
51.03402280802376 
51.48244133726737 
51.05041913744047 
51.06520709966792 
52.068506872044544 
52.46811886909993 
50.93687431880655 
51.80104233877003 
50.39800694428958 
51.364699171443206 
52.47310040974255 
51.421981686804045 
52.055495934621014 
50.37523590942934 
50.99336864389284 
52.08947169773531 
51.99773887935592 
52.00904258424639 
51.78958626292471 
50.3841408845719 
52.30937817914248 
51.78115073041702 
51.727582716212794 
52.299050613899006 
51.42975961259316 
51.48244133726737 
51.05041913744047 
51.46516238446888 
51.40724059323019 
52.28219337852929 
52.28184944827443 
51.416185074497434 
52.010662512727414 
51.6986748701283 
51.760866313471084 
51.00350285264099 
51.44340443644679 
52.48753965714793 
51.46081854605097 
52.04392112420689 
52.4666064444637 
50.475514571661556 
51.04045837617182 
51.46095817711429 
52.30449490705062 
52.283513333432815 
51.80830056086473 
52.27127482585819 
52.261072928054595 
50.448491109141 
52.27419795065125 
52.30299313148392 
52.28650644362178 
52.081437250433765 
51.774963370233955 
52.30783518003521 
52.31698748680567 
51.788964228911865 
52.4939411167068 
52.29047255163094 
