51.67753125796908 
52.42311407994162 
51.35111554161251 
51.74813466481076 
52.22520955811021 
50.98165764770668 
52.44282286691662 
51.70838153011154 
51.373421814788244 
51.697255604299414 
51.40526501035308 
51.936838329156934 
51.39563058890046 
52.41730267344624 
50.92219417280762 
51.98559341806344 
51.30117047259179 
52.224935133923886 
51.71785863852838 
52.209819236833326 
51.96237524190286 
50.98550410320735 
51.72682938392667 
51.71281344433573 
52.22528835408443 
50.93334703185535 
52.21243562347318 
52.217830929485125 
52.35930797776236 
52.22796077211191 
51.68233369617557 
51.95844544548694 
51.341003350724286 
51.386593650353745 
51.9583314072011 
51.74372164170845 
51.95819042751978 
51.67566833251176 
52.375219314110986 
51.626906593750725 
52.44072778050381 
51.402229846830245 
51.972746060336696 
51.96876306867248 
52.19558505357952 
52.18515540918444 
51.980241935714275 
52.00321251684746 
52.4446293446385 
52.001951177021205 
51.75755433946929 
52.373656855569465 
50.97799201416304 
51.977768474007725 
51.98274678846914 
52.40943063727518 
52.45024883108503 
52.18429403429288 
51.992773745081884 
51.365684166685824 
51.72476852056636 
51.626906593750725 
51.7067408985546 
50.95605979057748 
49.381368551319824 
50.98521007503251 
51.41907715009567 
51.971940597458115 
52.39508895817598 
51.929174263546734 
51.985012889487436 
51.978243399565336 
51.7410433754847 
51.99528432870996 
50.418090185841336 
51.7156192115696 
51.71089035795058 
50.98277081123902 
52.43760944552742 
52.40404097828354 
52.424957019177754 
51.99379654164153 
51.748095861484174 
51.39512701154771 
51.969624064253914 
52.443686575178745 
52.40701433477263 
52.42643777699444 
50.378182328582945 
51.988908848599856 
52.25502539279573 
49.39971363226366 
51.39643000676119 
52.21596752226442 
52.023462160997276 
50.938977235640365 
51.72105508237626 
50.955772300676664 
51.71950265834211 
51.71195418763125 
