46.46618325716628 
47.3492682192773 
47.09919218877059 
47.271330177673946 
47.496172742340605 
47.339533693988585 
47.34083908245986 
47.53783943930997 
47.544290229073646 
47.10310712403058 
47.50827075894896 
47.33139572651753 
47.537775046555424 
47.570922634713355 
47.588329414960526 
47.49492352197425 
46.82225739848435 
47.54536532035597 
47.49456287446871 
47.5772440838687 
47.564018461452825 
47.51961183234503 
47.55900636732701 
47.54212252776079 
47.56774663791434 
47.35643211844242 
47.34700045675773 
47.34747515338735 
47.33306170035682 
47.36928401483051 
47.291415624713274 
47.552118783888005 
47.55336892574015 
47.35281289119891 
47.37511689944681 
47.52039902819382 
47.073776381533335 
47.11420126417043 
47.28877913880481 
47.30625435096262 
47.59254213783134 
47.52810695098318 
47.59305820488271 
47.496440410229965 
47.55587479439907 
47.498222989391294 
47.51607534805051 
47.29398014258299 
47.142315644692964 
47.37296273267372 
47.56890956440178 
47.52720594925535 
47.51492562177071 
47.496569930874436 
47.53583539873513 
47.34653030853409 
47.541210527089376 
47.49802065358716 
47.507628409003836 
47.33870278561594 
46.89817161043363 
46.855673536947045 
47.11447822614304 
47.53875417512573 
47.50668503464343 
47.327511449893464 
47.09284689432146 
47.15016573936084 
47.52508093063267 
47.58641203350017 
47.526389151780684 
47.587077641105196 
47.29398014258299 
47.36660412458414 
47.378841381781065 
47.03627813784489 
47.310547909608545 
47.266784722413846 
47.55710508624298 
47.09123804638406 
47.131768569640315 
47.36458676532206 
47.36149646046625 
47.35480278481607 
47.378152726456705 
47.15597100192201 
47.31845154144176 
47.55865569470713 
47.562500317441874 
47.54262184739382 
47.55536406051356 
47.34381033751074 
47.06427530165686 
47.50032053250157 
47.3721944052681 
47.560370785110315 
47.58958180090624 
47.59251294484165 
47.57035209982032 
47.57132830124854 
