59.68128397707256 
59.68074560300904 
59.680733724254864 
59.680767137199695 
59.68128397707256 
59.680187841081754 
59.68128397707256 
59.680745737287644 
59.680767137199695 
59.68128397707256 
59.680767137199695 
59.680718576703846 
59.680726289007886 
59.68074560300904 
59.6801799915675 
59.68128397707256 
58.95566518204522 
59.68128397707256 
59.680733724254864 
59.68074560300904 
59.680733724254864 
59.680726289007886 
59.68128397707256 
59.680726289007886 
59.680160669992894 
59.68128397707256 
59.68128397707256 
59.68128397707256 
59.68128397707256 
59.68128397707256 
59.68128397707256 
59.680767137199695 
59.680767137199695 
59.680733724254864 
59.68128397707256 
59.680160669992894 
59.68128397707256 
59.680726289007886 
59.680718576703846 
59.63182874162378 
59.68128397707256 
59.68128397707256 
59.68128397707256 
59.467093138623355 
59.68128397707256 
59.680733724254864 
59.68074560300904 
59.68128397707256 
59.68128397707256 
59.68128397707256 
59.68128397707256 
59.65166475432204 
59.665763640617634 
59.680733724254864 
59.68128397707256 
59.66597226041163 
59.66467796853536 
59.680726289007886 
59.47442519952227 
58.21683110284532 
58.970653505424806 
58.933133877855035 
58.964029429345096 
57.6406325888811 
58.631344300212106 
58.64415218361873 
59.66762971018375 
59.6801799915675 
59.45957252836827 
59.68074560300904 
59.680726289007886 
59.680726289007886 
59.68074560300904 
59.68074560300904 
59.680187841081754 
59.68074560300904 
59.66504017899818 
59.68128397707256 
59.680745737287644 
59.66504017899818 
59.680733724254864 
59.66504017899818 
59.6802071607786 
59.67887984480289 
59.68128397707256 
59.68072427108013 
59.68128397707256 
59.680187841081754 
59.680726289007886 
59.487646190159644 
59.68128397707256 
59.68128397707256 
59.68128397707256 
59.68128397707256 
59.680733724254864 
59.680745737287644 
59.68128397707256 
59.68128397707256 
59.68074560300904 
59.680718576703846 
