44.092666767832874 
44.09260222483244 
44.092666767832874 
44.09260708324537 
44.09179659082746 
44.09266116446958 
44.09260300956772 
44.092666767832874 
44.092666767832874 
44.09260577712014 
44.092541236473686 
44.09260708324537 
44.092666767832874 
44.09260708324537 
44.09260708324537 
44.092666767832874 
44.09260577712014 
44.092666767832874 
44.09260222483244 
44.09260577712014 
44.092666767832874 
44.092666767832874 
44.09260222483244 
44.092666767832874 
44.08902025419145 
44.092666767832874 
44.092666767832874 
44.09260222483244 
44.09260708324537 
44.092666767832874 
44.092666767832874 
44.09260222483244 
44.092666767832874 
44.092666767832874 
44.09260222483244 
44.092666767832874 
44.092666767832874 
44.09260222483244 
44.092666767832874 
44.092666767832874 
44.092666767832874 
44.09260222483244 
44.092666767832874 
44.092666767832874 
43.85411117679562 
44.09224999743586 
44.092666767832874 
44.09260300956772 
44.092666767832874 
44.092666767832874 
44.092666767832874 
44.092666767832874 
44.092666767832874 
44.09260300956772 
44.092666767832874 
44.09260708324537 
44.09260708324537 
44.092666767832874 
44.09200307920006 
44.092666767832874 
44.09260300956772 
44.09260708324537 
44.092666767832874 
44.09260708324537 
44.09260300956772 
44.09260222483244 
44.092666767832874 
44.092666767832874 
44.09260708324537 
44.092666767832874 
44.09260577712014 
44.092666767832874 
44.092666767832874 
44.092666767832874 
44.092666767832874 
44.092666767832874 
44.092666767832874 
44.092666767832874 
44.092666767832874 
44.092666767832874 
44.092666767832874 
43.86091561410685 
44.092666767832874 
44.092666767832874 
44.092666767832874 
44.092666767832874 
44.09260300956772 
44.092666767832874 
44.092666767832874 
44.09260708324537 
44.092666767832874 
44.092666767832874 
44.092666767832874 
44.092666767832874 
44.092666767832874 
44.092666767832874 
44.092666767832874 
44.092666767832874 
44.09260300956772 
44.092666767832874 
