51.391026299398725 
51.390969354446185 
51.391021966242484 
51.391021966242484 
51.391026299398725 
51.3910216175312 
51.391026299398725 
51.391021966242484 
51.39102162077475 
51.39102622941652 
51.39102162077475 
51.3910217211577 
51.391021966242484 
51.3910217211577 
51.3910216175312 
51.3910217211577 
51.39091488503979 
51.39102162077475 
51.391026299398725 
51.3910216175312 
51.391026299398725 
51.391021966242484 
51.391026299398725 
51.391026299398725 
51.3910217211577 
51.391026299398725 
51.3910217211577 
51.391021966242484 
51.391021966242484 
51.391021966242484 
51.3910216175312 
51.390940733934755 
51.39102162077475 
51.391026299398725 
51.39089962969569 
51.3910217211577 
51.391026299398725 
51.391026299398725 
51.3910216175312 
51.391026299398725 
51.39102162077475 
51.3910216175312 
51.391026299398725 
51.39102162077475 
51.39101704254664 
51.39100555391223 
51.391026299398725 
51.39101704254664 
51.391021966242484 
51.391026299398725 
51.391026299398725 
51.391026299398725 
51.391021966242484 
51.39102162077475 
51.390945066934975 
51.391021966242484 
51.39089962969569 
51.391026299398725 
51.39102162077475 
51.39102162077475 
51.391026299398725 
51.3910216175312 
51.3910216175312 
51.391026299398725 
51.39102162077475 
51.391021966242484 
51.391026299398725 
51.391026299398725 
51.391021966242484 
51.391026299398725 
51.39102162077475 
51.391026299398725 
51.391026299398725 
51.39102162077475 
51.39102162077475 
51.3910216175312 
51.391026299398725 
51.39102162077475 
51.3910216175312 
51.391026299398725 
51.391021966242484 
51.3910216175312 
51.391026299398725 
51.3910216175312 
51.3910217211577 
51.391026299398725 
51.3910217211577 
51.391026299398725 
51.391021966242484 
51.39102608096403 
51.39102162077475 
51.391026299398725 
51.391021966242484 
51.391021966242484 
51.391026299398725 
51.39100555391223 
51.390912220540045 
51.391021966242484 
51.3910216175312 
51.391026299398725 
