44.970528165726755 
44.94654122576824 
45.19149200962648 
45.187529787342896 
45.19432458819621 
45.19052803453039 
45.19452933289435 
45.19137367552439 
45.19415667444042 
45.18439630774847 
44.6869282631851 
45.190932763674155 
45.194615841622884 
45.18186971773853 
44.95696729353912 
44.94751311583922 
44.940027922133076 
45.178248194173435 
45.15286572662165 
44.95708534494626 
44.376727320866586 
45.1912341025648 
44.95698119098899 
45.19079723523104 
44.94034089147974 
45.19067088332523 
44.68280299826902 
45.1770925579703 
45.16901188571127 
44.93857122682584 
44.948318412934185 
45.18459741455168 
44.9490751555215 
45.168741871366144 
44.94768053098971 
44.95025249273666 
44.69195613082492 
44.95896138836533 
44.685172924134925 
45.17430348121365 
44.94977919074638 
44.677939902641505 
45.17560822055016 
44.96007413312058 
44.677939902641505 
44.96868436914457 
45.17551306340033 
45.16549510732403 
45.18748384518622 
45.17475291399818 
45.1851389891478 
45.19420025270916 
44.962315685566466 
45.18926689281509 
44.66202903711936 
44.35742586391847 
45.19422304269315 
45.18463849253597 
45.19030333750254 
45.172895816986 
45.18089548624159 
45.19446903941118 
44.34601193752084 
44.691623745580046 
44.96439186716615 
45.18970855002142 
44.940316862159435 
44.69567189052092 
44.700727138070995 
45.18758262615743 
43.940619322555 
45.19416817026809 
45.19403974541006 
44.69220325110253 
44.68957367405472 
44.96087870809534 
45.17246674513199 
45.155896545731345 
45.18780133666842 
44.960341163634126 
45.18493220701534 
45.193636565282574 
45.187488286215746 
45.170499999839826 
45.17800142014532 
45.190677318168724 
45.194183188635726 
44.96945528488164 
44.936863126536615 
45.19426404428471 
45.19382605073651 
45.18972731735853 
45.18615968720088 
45.19444512927441 
45.186755584220975 
44.697432353545274 
45.17996009221677 
45.180957639650785 
45.19412163101276 
45.18292308148682 
