44.09266499397332 
44.092598460964666 
44.09259621496 
44.09259758161268 
44.09266499397332 
44.09259974990035 
44.09266499397332 
44.09259974990035 
44.09259758161268 
44.09266499397332 
44.09259758161268 
44.09266499397332 
44.09266499397332 
44.092598460964666 
44.092598460964666 
44.09266499397332 
43.8657758219925 
44.09266499397332 
44.09259621496 
44.092598460964666 
44.09259621496 
44.09266499397332 
44.09266499397332 
44.09266499397332 
44.09266499397332 
44.09266499397332 
44.09266499397332 
44.09266499397332 
44.09266499397332 
44.09266499397332 
44.09266499397332 
44.09259758161268 
44.09259758161268 
44.09259621496 
44.09266499397332 
44.09266499397332 
44.09266499397332 
44.09266499397332 
44.09266499397332 
44.08761527278766 
44.09266499397332 
44.09266499397332 
44.09266499397332 
44.091875467229585 
44.09266499397332 
44.09259621496 
44.092598460964666 
44.09266499397332 
44.09266499397332 
44.09266499397332 
44.09266499397332 
44.08457036154561 
44.091818412718794 
44.09259621496 
44.09266499397332 
44.09171445001797 
44.09266262451759 
44.09266499397332 
43.863706356012614 
43.57916872700567 
44.08420170424494 
44.08001411163793 
43.839375925122596 
43.85058480790862 
43.84823648046667 
43.835667853693096 
44.09266499397332 
44.092598460964666 
44.08295847439404 
44.092598460964666 
44.09266499397332 
44.09266499397332 
44.092598460964666 
44.092598460964666 
44.09259974990035 
44.092598460964666 
44.091936395986245 
44.09266499397332 
44.09259974990035 
44.091936395986245 
44.09259621496 
44.091936395986245 
44.092283323081375 
44.07309600035544 
44.09266499397332 
44.09253358474941 
44.09266499397332 
44.09259974990035 
44.09266499397332 
44.08904611509105 
44.09266499397332 
44.09266499397332 
44.09266499397332 
44.09266499397332 
44.09259621496 
44.09259974990035 
44.09266499397332 
44.09266499397332 
44.092598460964666 
44.09266499397332 
