45.027217172513765 
45.258636570431236 
45.02497656599571 
45.03131544222731 
45.25568100546058 
44.73674792766114 
45.25897886472268 
45.246043664699286 
44.765444647026975 
45.01818163963885 
44.7434457329431 
45.25512817778867 
44.44676826420768 
45.25860161240867 
44.98314553859134 
45.034702875968705 
44.75921766800665 
45.24952620435584 
45.252456384738 
45.25863221272759 
45.251545081107395 
45.00714834767924 
45.23963561004807 
45.248708774328264 
45.255589342416705 
44.756391955223386 
45.2554231056478 
45.25538811560111 
45.25767583058318 
45.254276149560106 
44.768908480561805 
45.24867241901367 
44.738034282873095 
45.01728019855562 
45.25201974319545 
45.22763794141352 
45.240916628674626 
44.740727273957525 
45.257927453228916 
44.77019691490104 
45.25892031388582 
45.24561098928343 
45.03049823875347 
45.24910382501447 
45.255412123588535 
45.255194818672706 
45.030749101207284 
45.23988297469239 
45.25899293259002 
45.259030456398094 
45.0168427927756 
45.2581651054511 
45.2414918323959 
45.25850213434258 
45.25523330053835 
45.25864223299348 
45.25904288695971 
45.251858440648 
45.030987303860925 
44.75583914617047 
45.24809505425849 
44.77019691490104 
45.22706031276415 
45.01973605825832 
43.99161324581688 
45.01118412872233 
45.247615283483626 
45.244111541477906 
45.25852958449989 
45.24103881141613 
45.030368769373 
45.02896683495821 
44.76923250460444 
45.02916657482781 
43.99850209131249 
45.02364821443211 
45.24612504957818 
44.76311816188915 
45.258998107934815 
45.25843399124796 
45.25865763954216 
45.25582043014728 
45.005718645785585 
44.74124350052334 
45.25510377205522 
45.25898196416663 
45.25833914545292 
45.25902326422698 
44.02346355442092 
45.24571407715616 
45.25593104508473 
44.73876152013838 
45.018375704040025 
45.251045364665536 
45.01877078388325 
44.74711071635557 
44.75823135510876 
45.23030179385322 
45.249094226481276 
45.24900408800496 
