45.258741074266574 
44.446934037277515 
44.98134990013238 
45.24735519002033 
45.255107628088666 
45.24244710942484 
45.25904288872283 
45.246093548244396 
45.24446020697871 
45.249013473739026 
45.23933000537801 
45.24578029975784 
45.23929349164378 
45.25526483795368 
45.24861909366342 
45.255588805232094 
45.24278891909283 
45.24110283690569 
45.25049017213392 
45.225116705180675 
45.247592284734374 
45.25177381777701 
45.02302732927954 
45.24405151764437 
45.24571407715616 
45.25593104508473 
44.422269152364834 
45.027142574191856 
45.24274088355245 
45.02383860799738 
44.76671461154699 
45.25054164138021 
45.23850208844712 
45.016070258036365 
45.258777657738456 
45.246851961653235 
45.24900408800496 
45.258741074266574 
44.446934037277515 
45.01286253072539 
43.961301188648854 
45.01252316681788 
45.02736575952174 
45.01602021869574 
45.24764014487539 
45.2582821850835 
45.2545479019629 
45.247705169435584 
45.220883159481986 
45.003614719938525 
45.25895313681955 
45.02359827061373 
45.23962216735212 
45.223738834446074 
45.22994138367896 
45.2589377751739 
45.2395087888571 
45.25001128526349 
45.24443339707286 
45.03390619111957 
45.25902490115073 
45.02341615754439 
45.008786240865255 
45.259020823757076 
44.419557275815464 
45.01252316681788 
45.02736575952174 
45.01602021869574 
45.24730719806422 
45.24743493683693 
45.24938941605413 
45.24529646385914 
45.25177060359276 
45.01410813654704 
45.236941945596584 
45.027142574191856 
45.021272884607406 
45.25868882589 
45.249333962565224 
45.2441578892121 
45.25838183082129 
45.225226858064104 
44.44169426294969 
45.019873136251704 
45.25855534900433 
45.25874333296782 
45.24295417017697 
44.44997387039414 
45.25360033912036 
44.72018782273102 
45.252358487074474 
45.25548935740762 
45.25258071573093 
45.25859182639764 
45.25081117033442 
45.25874159508823 
45.25899299959945 
45.233266625489186 
45.255590867309984 
45.247910580452206 
