45.25862228896526 
44.441095614877646 
44.755797263981734 
45.02127996595042 
45.25185270694807 
45.24555650526786 
45.25899310552926 
45.23999270846348 
45.25190276409992 
45.2579855968379 
44.75589427475586 
45.242635957815715 
45.25005885000961 
45.25836578321789 
45.24869093971255 
45.252536179656246 
44.996088210717595 
45.24713037607631 
44.75656656031434 
45.00627647945564 
45.24901809428939 
45.25011876911119 
45.02658740094308 
45.24711163078639 
45.241021043314284 
45.25579735746637 
44.42962090719088 
45.24905881052834 
45.24419230340239 
45.030498020380904 
45.02131710204198 
44.767162605626055 
45.011269180725805 
45.01401881504672 
45.25876642538572 
45.25132758330618 
45.25038335535092 
45.25862228896526 
44.441095614877646 
44.762988320562556 
44.72527427660587 
45.01450808951659 
45.02009188406948 
44.99789303628293 
45.25212433614817 
45.25804810983062 
45.24080621322921 
45.0289570665918 
44.97978654392215 
45.01240190855702 
45.25875977407068 
44.76689781572298 
45.019837153453295 
45.227046224728085 
44.75137373523447 
45.2559100433193 
45.02855341636602 
45.254815720342 
45.24135799239608 
44.0195523659666 
45.25896872318355 
45.01769097482018 
45.003169930134206 
45.25896751274379 
44.75984754437324 
45.01450808951659 
45.02009188406948 
45.006956489271154 
45.24886065177457 
45.25182193938074 
45.25532603280135 
45.233097546615895 
45.25461719541735 
45.01422021519675 
45.03384310156045 
45.24905881052834 
45.245475768424846 
45.25862764163687 
45.23839970778025 
45.24081134644059 
45.25824833838973 
43.41684778564952 
45.003920260390764 
45.01461562665349 
45.25394686939296 
45.258625700939476 
45.02741311376059 
45.25546199356448 
45.253523101224026 
44.40201981354528 
45.252240424520146 
45.25549260903 
45.25873698420629 
45.247758680520164 
45.24921649657547 
45.25883166006954 
45.25897420699709 
45.226893303786404 
45.25861533464573 
45.24787833477611 
