45.25890476251184 
45.248651182984894 
45.25901859059571 
45.23353475831318 
45.25871729275833 
45.25165816890364 
45.25880819513629 
45.25564437151353 
45.034273596774 
45.0217417275172 
44.75136014598118 
45.255143558643546 
45.25898286715748 
45.249349765852216 
45.22881013688469 
44.766398684946346 
44.72257078381377 
45.02870868637523 
44.99562089012444 
45.019686848404746 
45.01621617134358 
45.25248022890587 
45.248420166792414 
45.2552410148807 
45.02136793813914 
45.25531066350783 
44.984919978086594 
45.24618950011253 
45.23498022607894 
45.010660159750564 
44.75840293642149 
45.2412743896832 
45.23900441849166 
45.00877267616909 
44.76454126760479 
45.02922041744628 
45.24287499073069 
44.76246608284151 
45.00756210281307 
45.020958713344974 
45.01638849865774 
45.00466339078843 
45.2539046920311 
45.24495962320889 
45.00466339078843 
45.027716592309794 
45.244625679514705 
45.22843291468828 
45.02911502905525 
45.02300144931339 
45.226766416432 
45.25860438059083 
45.01812670947228 
45.25213277928377 
45.21229060427787 
44.75073627906222 
45.25407064014201 
45.25382261293482 
45.2578233391727 
45.022599306035396 
45.24256235943376 
45.254217152936114 
44.74181491702203 
45.008704955619606 
45.24566362010954 
45.25415582577326 
45.003115788148065 
44.76686868522513 
45.030802156295316 
45.25030472998728 
44.40029692092387 
45.25541931518594 
45.25847014444486 
45.013452174269666 
45.01066242716804 
45.25042007610744 
45.25383676529881 
45.005013282568456 
45.24436865758103 
45.25154689432913 
45.25065895152913 
45.25815696346995 
45.24561928501416 
45.24575831280115 
45.24101188465677 
45.25192892935301 
45.034348192024304 
45.0234823436026 
45.23178004446414 
45.2585844453519 
45.252181033115846 
45.24946602840282 
45.25047919234261 
45.25883767164836 
45.24341997853931 
45.232534537052764 
45.239864348771576 
45.0285745465054 
45.25852161707575 
45.247362838917475 
