42.027955483984044 
41.20533795407565 
41.51662609407218 
41.78317624457158 
42.01765032069788 
42.00838712902095 
42.02876565322099 
42.00065642599822 
42.01777095094287 
42.02658833613177 
41.51684281866698 
42.004202817082046 
42.01486914742608 
42.02737572661984 
42.01299482121377 
42.0191055457922 
41.74643218054649 
42.01070573166339 
41.51826865288818 
41.76093115683654 
42.013673298973906 
42.015009160274715 
41.79087272182848 
42.010679720262395 
42.00181696755505 
42.02399465590254 
41.18818566304639 
42.01377691898903 
42.006496916724515 
41.79678932614552 
41.78329040787637 
41.53358089075187 
41.76911523802747 
41.7725645938787 
42.02824501412683 
42.01652831332117 
42.01557114049548 
42.027955483984044 
41.20533795407565 
41.52760481854184 
41.47192266698722 
41.77360968470483 
41.78187050562902 
41.74904680749296 
42.01824464362881 
42.02671512224976 
42.00137591239126 
41.79473997805531 
41.72262285454645 
41.77030726508196 
42.02820404333974 
41.53303655751797 
41.7813231775194 
41.981385759702945 
41.51008656439002 
42.024221940125436 
41.79385325172735 
42.021918114266 
42.00256828263923 
40.78071558596414 
42.02869176000883 
41.77796826657963 
41.75665732875839 
42.02868812094959 
41.52237491239556 
41.77360968470483 
41.78187050562902 
41.76231272083107 
42.01336328896126 
42.01759906817375 
42.02300547526168 
41.99011554013991 
42.021472045003385 
41.772993154549525 
41.80149095036858 
42.01377691898903 
42.008215600345366 
42.02796110960357 
41.99832025678029 
42.001369122971944 
42.027144621586444 
40.17001519801569 
41.75829617091834 
41.77383764085128 
42.02108215549485 
42.02797574289059 
41.79262202202461 
42.02326084923918 
42.02019400034812 
41.14748526385283 
42.01850214100006 
42.023353861762594 
42.028166006889016 
42.01205687025066 
42.0141295114601 
42.02838073526174 
42.02871887267221 
41.98106870038853 
42.02792358597019 
42.01230575953274 
