45.03496977302761 
45.011165589195365 
45.25594338795578 
45.25201733062352 
45.258756960252136 
45.25499397353667 
45.25895877835956 
45.255826909053916 
45.25859165901468 
45.24890747302682 
44.75153131107334 
45.25539270409515 
45.25904355190249 
45.24639551047417 
45.02151705849568 
45.012136571012775 
45.004709053591576 
45.24280492728077 
45.217616210518 
45.02163307707549 
44.44124013067795 
45.25568949046316 
45.0215306558383 
45.25525899256551 
45.005017379917504 
45.25513450668994 
44.7474353560055 
45.24165498446747 
45.233637131543176 
45.00326067060653 
45.01292977570606 
45.24910573654386 
45.01368867413154 
45.233371144950354 
45.012301551446576 
45.01484855424913 
44.7565164260427 
45.02349473451195 
44.74978571574118 
45.238895889511646 
45.014382277089624 
44.74261238618531 
45.24018114436993 
45.02460471542045 
44.74261238618531 
45.03314014228122 
45.240087503211505 
45.23014971142317 
45.25197206845632 
45.239338757280635 
45.24965066328008 
45.25863461085704 
45.02682582547033 
45.253740106506314 
44.726825884800185 
44.42208526903457 
45.25865689695912 
45.249146162062544 
45.25477264339645 
45.23749786343963 
45.24543573496648 
45.2588991465837 
44.41076084350216 
44.75618905690234 
45.028884699825944 
45.254175121643506 
45.00499384214508 
44.760208888829936 
44.76522145610039 
45.25206950863636 
44.005291618879546 
45.25860281869135 
45.258476470590864 
44.75675960640637 
44.754153399375156 
45.025396913531466 
45.23706344035139 
45.220625076277535 
45.25228481916604 
45.02486753171805 
45.24943532096247 
45.25807933268926 
45.25197658052968 
45.23511454158351 
45.24256183495967 
45.255141052665444 
45.258617919611616 
45.0339130313355 
45.001564530335926 
45.258697165353986 
45.258265897269695 
45.254193727178674 
45.25065613537434 
45.25887559599919 
45.25124307639962 
44.76195959617733 
45.24450278819777 
45.24549702104715 
45.258556888434306 
45.247444729720655 
