41.77652288610649 
42.02772666870551 
41.52395886237196 
42.023796473327714 
42.02794455132485 
41.47296970440928 
42.0286086475359 
42.018522655275724 
41.53719412112606 
41.792153109371775 
41.98147886245664 
42.02720203065064 
41.2179422413488 
42.027663131470234 
41.46505320525663 
41.79313283755903 
42.00459244613039 
42.00138987685498 
41.7879324447305 
42.02335342732696 
42.0221152679231 
41.983425160398056 
41.796649508563796 
42.026245225759745 
42.028061390894656 
41.799400726586654 
42.00972774340524 
42.01592918708931 
42.012109101943665 
42.02826242344845 
41.53307379697823 
42.02157378844127 
41.503274084534794 
41.986783537501864 
42.01594035752821 
41.53667764135078 
42.01458357722839 
41.976569931527884 
42.02254820463898 
41.21138318179038 
42.02835673737607 
41.19312357493327 
41.21315611628958 
42.00678237018227 
42.02750507817212 
42.02689810822181 
41.786631328797874 
41.800315804221874 
42.02869469860528 
42.028830204337616 
41.7851572046186 
42.01835464845906 
41.77584866107779 
42.0144033930451 
42.02276014924144 
42.02790166343731 
42.02877375857675 
42.01325073531101 
41.80079918371598 
41.50665621500584 
41.79587301459555 
41.21138318179038 
41.9830244349612 
42.00808994259959 
41.77982650460204 
42.02232660167851 
42.006796669169205 
42.001305524717665 
42.023322614736415 
41.784213456257945 
41.783437630337744 
41.7947517734342 
41.78947335097879 
41.79755730589746 
40.77574824551583 
42.00678662145654 
42.01819216537133 
42.00675294252459 
42.0286056269666 
42.02760650437975 
42.02814326825837 
42.019532565157064 
41.75298336788436 
41.521053761624025 
42.022203628642856 
42.02870179439406 
42.027655284566634 
42.028726049227316 
40.78110346008334 
42.00175167426169 
42.024168577063904 
41.767690990961555 
41.7588952094768 
42.01876926211905 
42.00584354897804 
41.75406501013094 
41.98147886245664 
41.99705235695271 
41.797835840328545 
42.01749997777962 
