42.028213926781106 
41.21415951516235 
41.724688332620985 
42.01118067684167 
42.022523548686195 
42.003843132656634 
42.02887775177225 
42.00952652667971 
42.00710349449558 
42.01369359618214 
41.999289738694124 
42.00884917540086 
41.9991982735105 
42.02285447384394 
42.012853209814836 
42.023553970624135 
42.00456603402797 
42.00202726633555 
42.01579410565575 
41.97834701789853 
42.01169100850186 
42.01750796696964 
41.78573255938734 
42.00624031355562 
42.0087216282403 
42.024288256043356 
41.17794918737431 
41.79207613620155 
42.004461985411645 
41.78744107882831 
41.53267939189711 
42.01589778970635 
41.998550609124464 
41.77573209864384 
42.02828214627298 
42.010115117534106 
42.01367573222653 
42.028213926781106 
41.21415951516235 
41.77131444293009 
40.695265944930895 
41.770607553997436 
41.79253383533012 
41.7755963471248 
42.01181575050634 
42.027218913613915 
42.0213393906424 
42.01196064481516 
41.97241618144202 
41.75763215960433 
42.0286259484054 
41.78694086970172 
41.99991388173206 
41.97643444977752 
41.985475963580704 
42.02861091727647 
41.99966419928208 
42.014801524395146 
42.007054458282795 
41.801634146563906 
42.028823229480594 
41.786547961502464 
41.76501679946161 
42.02881091115741 
41.17401045625905 
41.770607553997436 
41.79253383533012 
41.7755963471248 
42.011098052706146 
42.01137088196531 
42.01451034983936 
42.00784106520571 
42.017487432781316 
41.77276600933332 
41.996261731173 
41.79207613620155 
41.78320442680207 
42.028097236592195 
42.01437295828925 
42.00643722792618 
42.02743747846431 
41.978555168252065 
41.2066548268663 
41.78141326668419 
42.02780755677235 
42.02823079218217 
42.00492104131081 
41.21886012605517 
42.020368496234326 
41.463964794704296 
42.01875856243472 
42.023357595698776 
42.01920160735916 
42.0278863836445 
42.01649536842711 
42.028204919362736 
42.02876841131056 
41.99050816999556 
42.02356071507151 
42.01238555169024 
