45.25862587088393 
44.760269681347786 
45.209903740631596 
45.238035458662836 
45.25516425861704 
45.250298312491026 
45.255963210099345 
45.03435572995557 
45.24432289913963 
45.252041626288246 
45.24118015986915 
44.762356177661864 
45.247143732510786 
45.25826221987244 
45.25475320803426 
45.25863600062088 
45.00152677577956 
45.24863017770193 
45.022063788529344 
45.22956146251831 
45.245922799774355 
45.254379735187 
45.24559483300799 
45.028520541580605 
45.24098509580609 
45.25587838163899 
44.751421801040735 
45.247425202657006 
45.24906472538546 
45.25231897267023 
45.23979058427721 
45.25499168872419 
45.014796907026955 
44.758124972419424 
45.25882542559087 
44.753170563180774 
45.25177169896941 
45.25862587088393 
44.760269681347786 
45.01479027879767 
44.41354646759422 
45.22884816924841 
45.25856950965855 
45.00894202993946 
45.25848123962708 
45.25806488954164 
45.25773685424271 
45.032596082842495 
44.99617067366169 
45.239568322591566 
45.25559040210511 
45.02154843527405 
45.232129080757396 
45.00107290975141 
45.00661482610744 
45.25899315442729 
45.245651015274795 
45.028595634260576 
45.249203053417276 
44.751705138476915 
45.25902226047999 
45.01798853827427 
45.013968319709825 
45.25896990213099 
44.747009031450105 
45.22884816924841 
45.25856950965855 
45.00896878826362 
45.02720031938927 
45.24900623594801 
45.2509247957734 
45.02109285387696 
45.242542075416154 
45.01064517943654 
45.24587082315836 
45.247425202657006 
45.25019522756469 
45.258880968136936 
45.25094129850742 
45.2441750986195 
45.25839818595736 
45.22376991544029 
45.22563668839079 
45.02730920917815 
45.25859446540853 
45.258613436838424 
45.243086125430054 
45.2508654965259 
45.251937940773296 
44.39430446672324 
45.25859693863295 
45.250799605945375 
45.25260553542062 
45.25090104915378 
45.25239112962578 
45.25880424241914 
45.25901420836118 
45.00690516931109 
45.25866880975812 
45.24931347045535 
