44.09266861459403 
44.0923277286791 
44.092614949772624 
44.092614949772624 
44.09266861459403 
44.09261061809903 
44.09266861459403 
44.092614949772624 
44.09261021724182 
44.092667741091645 
44.09261021724182 
44.09261147695674 
44.092614949772624 
44.09261147695674 
44.09261061809903 
44.09261147695674 
44.092037061279406 
44.09261021724182 
44.09266861459403 
44.09261061809903 
44.09266861459403 
44.092614949772624 
44.09266861459403 
44.09266861459403 
44.09261147695674 
44.09266861459403 
44.09261147695674 
44.092614949772624 
44.092614949772624 
44.092614949772624 
44.09261061809903 
44.092146037254594 
44.09261021724182 
44.09266861459403 
44.09198293633755 
44.09261147695674 
44.09266861459403 
44.09266861459403 
44.09261061809903 
44.09266861459403 
44.09261021724182 
44.09261061809903 
44.09266861459403 
44.09261021724182 
44.09255308166098 
44.092526878933135 
44.09266861459403 
44.09255308166098 
44.092614949772624 
44.09266861459403 
44.09266861459403 
44.09266861459403 
44.092614949772624 
44.09261021724182 
44.09219969266304 
44.092614949772624 
44.09198293633755 
44.09266861459403 
44.09261021724182 
44.09261021724182 
44.09266861459403 
44.09261061809903 
44.09261061809903 
44.09266861459403 
44.09261021724182 
44.092614949772624 
44.09266861459403 
44.09266861459403 
44.092614949772624 
44.09266861459403 
44.09261021724182 
44.09266861459403 
44.09266861459403 
44.09261021724182 
44.09261021724182 
44.09261061809903 
44.09266861459403 
44.09261021724182 
44.09261061809903 
44.09266861459403 
44.092614949772624 
44.09261061809903 
44.09266861459403 
44.09261061809903 
44.09261147695674 
44.09266861459403 
44.09261147695674 
44.09266861459403 
44.092614949772624 
44.092665912716946 
44.09261021724182 
44.09266861459403 
44.092614949772624 
44.092614949772624 
44.09266861459403 
44.092526878933135 
44.092023414875065 
44.092614949772624 
44.09261061809903 
44.09266861459403 
