51.39102623577349 
51.390955092513785 
51.3910210933178 
51.3910210933178 
51.39102623577349 
51.39102142164173 
51.39102623577349 
51.3910210933178 
51.391021066211515 
51.389499442190505 
51.391021066211515 
51.39102134814605 
51.3910210933178 
51.39102134814605 
51.39102142164173 
51.39102134814605 
51.39088155227195 
51.391021066211515 
51.39102623577349 
51.39102142164173 
51.39102623577349 
51.3910210933178 
51.39102623577349 
51.39102623577349 
51.39102134814605 
51.39102623577349 
51.39102134814605 
51.3910210933178 
51.3910210933178 
51.3910210933178 
51.39102142164173 
51.390950276229646 
51.391021066211515 
51.39102623577349 
51.39091333371724 
51.39102134814605 
51.39102623577349 
51.39102623577349 
51.39102142164173 
51.39102623577349 
51.391021066211515 
51.39102142164173 
51.39102623577349 
51.391021066211515 
51.39101617859884 
51.391010128358296 
51.39102623577349 
51.39101617859884 
51.3910210933178 
51.39102623577349 
51.39102623577349 
51.39102623577349 
51.3910210933178 
51.391021066211515 
51.39095541863376 
51.3910210933178 
51.39091333371724 
51.39102623577349 
51.391021066211515 
51.391021066211515 
51.39102623577349 
51.39102142164173 
51.39102142164173 
51.39102623577349 
51.391021066211515 
51.3910210933178 
51.39102623577349 
51.39102623577349 
51.3910210933178 
51.39102623577349 
51.391021066211515 
51.39102623577349 
51.39102623577349 
51.391021066211515 
51.391021066211515 
51.39102142164173 
51.39102623577349 
51.391021066211515 
51.39102142164173 
51.39102623577349 
51.3910210933178 
51.39102142164173 
51.39102623577349 
51.39102142164173 
51.39102134814605 
51.39102623577349 
51.39102134814605 
51.39102623577349 
51.3910210933178 
51.39102585771281 
51.391021066211515 
51.39102623577349 
51.3910210933178 
51.3910210933178 
51.39102623577349 
51.391010128358296 
51.39090912021343 
51.3910210933178 
51.39102142164173 
51.39102623577349 
