41.803922162338154 
41.76891251987513 
42.02432634842771 
42.01801702277114 
42.028229794666835 
42.022283413804985 
42.02864300519059 
42.02406712009017 
42.02786450064514 
42.01346694169297 
41.51045383051407 
42.02312692478772 
42.02887977065809 
42.010181390919946 
41.78370309336332 
41.76975996096592 
41.75878306352772 
42.00460368190997 
41.96753420881508 
41.78398544060424 
41.205725410965904 
42.023765669378015 
41.78374349306624 
42.02286855532135 
41.75943493208189 
42.022606073038226 
41.50461432979512 
42.003188470598246 
41.99128573717195 
41.756897889952434 
41.77145748738359 
42.01386875782867 
41.771872523511036 
41.99071975884761 
41.770103657840814 
41.77432607021649 
41.51818278269222 
41.786725734632384 
41.50822033875813 
41.998359550926764 
41.77333826485261 
41.49725058210445 
42.00109690238984 
41.7878376815784 
41.49725058210445 
41.80121664091143 
42.000885250769706 
41.985929962138485 
42.01792130957137 
41.99928414753637 
42.014011457273234 
42.027952885139214 
41.79142048610999 
42.02064623241114 
41.47375033738853 
41.177591838817506 
42.02802126491836 
42.01395968642194 
42.02181049374514 
41.996392656948444 
42.00814912055264 
42.028546346510964 
41.16070984743607 
41.51747717643887 
41.7945734094896 
42.02157859269194 
41.75937022040452 
41.52317697169558 
41.53090056990547 
42.01811168084724 
40.760023742059694 
42.02790917903917 
42.027619952216284 
41.518733195890654 
41.51459175176594 
41.78957125641061 
41.99652652390637 
41.97185110755886 
42.01858724742002 
41.78842545124905 
42.01459724767465 
42.026771620138305 
42.01791335009808 
41.99340414034643 
42.004086620837775 
42.02259350835025 
42.02790248817527 
41.80165678067524 
41.75450020130636 
42.02812224024362 
42.027180439712176 
42.02160302526554 
42.01615060285152 
42.02849588901298 
42.01740792516999 
41.52541407739404 
42.00719060084326 
42.0082718042498 
42.02782226068646 
42.0113795777348 
