51.41100699928923 
51.638028071649344 
51.60831154223319 
51.638658733205126 
51.64012042971201 
51.638757911775755 
51.63864476079525 
51.640212537899416 
51.640133567595875 
51.40675069676462 
51.64017360829695 
51.63792732014981 
51.64019291632737 
51.640220134736104 
51.64026425983049 
51.640092583585854 
51.63567188246048 
51.640197902788636 
51.64014450979366 
51.64026983118828 
51.64026778960307 
51.640141927382864 
51.64023420781044 
51.64019193250752 
51.640231742147975 
51.64024601058857 
51.63726277356012 
51.64019509145239 
51.63427054331076 
51.640226467062845 
51.64009241212227 
51.640221225786995 
51.640264129756396 
51.63653004437025 
51.63727397585265 
51.640236958480315 
51.63866739817282 
51.63726714680616 
51.640122262532685 
51.6401888067224 
51.64026667894794 
51.64019319526763 
51.640267691492724 
51.64018610577049 
51.64021533314966 
51.64012135366677 
51.64014670709519 
51.6386182934678 
51.414478066394146 
51.64026838223437 
51.64026654971406 
51.64014769469788 
51.64022915260636 
51.64005230168012 
51.64018768575724 
51.63877568385798 
51.64014888790751 
51.64020486875205 
51.640184246081745 
51.63573771117367 
51.41623762304422 
51.40757873734602 
51.635802299558826 
51.64011956613587 
51.64021179831568 
51.6387388684666 
51.64020631411876 
51.63359756136677 
51.64016759213545 
51.64026521388146 
51.640138725531074 
51.64026672408363 
51.6386182934678 
51.638740803107424 
51.638762292629664 
51.63715033220484 
51.63876874092464 
51.63866566383401 
51.64021179831568 
51.638685284949474 
51.63729630150607 
51.62249070975343 
51.63864476079525 
51.638685284949474 
51.63876453103779 
51.410213522820676 
51.640128396684496 
51.64023033669508 
51.64021986789464 
51.64021043430463 
51.640214455017805 
51.63727296455451 
51.62607952674842 
51.64026838223437 
51.638756718026904 
51.640212865196155 
51.64026670547994 
51.64027051383956 
51.64026672408363 
51.640251586783734 
