44.092666767832874 
44.09260222483244 
44.09260708324537 
44.09260300956772 
44.092666767832874 
44.09260577712014 
44.092666767832874 
44.09260577712014 
44.09260300956772 
44.092666767832874 
44.09260300956772 
44.092666767832874 
44.092666767832874 
44.09260222483244 
44.09260222483244 
44.092666767832874 
44.08519241248193 
44.092666767832874 
44.09260708324537 
44.09260222483244 
44.09260708324537 
44.092666767832874 
44.092666767832874 
44.092666767832874 
44.092666767832874 
44.092666767832874 
44.092666767832874 
44.092666767832874 
44.092666767832874 
44.092666767832874 
44.092666767832874 
44.09260300956772 
44.09260300956772 
44.09260708324537 
44.092666767832874 
44.092666767832874 
44.092666767832874 
44.092666767832874 
44.092666767832874 
44.085834625498045 
44.092666767832874 
44.092666767832874 
44.092666767832874 
44.08493030682461 
44.092666767832874 
44.09260708324537 
44.09260222483244 
44.092666767832874 
44.092666767832874 
44.092666767832874 
44.092666767832874 
44.08832470463596 
44.09205006116746 
44.09260708324537 
44.092666767832874 
44.091867422005784 
44.09266452147172 
44.092666767832874 
43.86574580298642 
43.56729954530668 
44.086395663327785 
43.278029639977504 
44.07719072436634 
44.077315266882174 
43.848413644779534 
43.84213809925268 
44.092666767832874 
44.09260222483244 
44.08492521991068 
44.09260222483244 
44.092666767832874 
44.092666767832874 
44.09260222483244 
44.09260222483244 
44.09260577712014 
44.09260222483244 
44.09185399748345 
44.092666767832874 
44.09260577712014 
44.09185399748345 
44.09260708324537 
44.09185399748345 
44.09232081623227 
44.085531416344246 
44.092666767832874 
44.09257404300753 
44.092666767832874 
44.09260577712014 
44.092666767832874 
44.08902025419145 
44.092666767832874 
44.092666767832874 
44.092666767832874 
44.092666767832874 
44.09260708324537 
44.09260577712014 
44.092666767832874 
44.092666767832874 
44.09260222483244 
44.092666767832874 
