51.391026299398725 
51.39102162077475 
51.3910216175312 
51.391021966242484 
51.391026299398725 
51.3910217211577 
51.391026299398725 
51.3910217211577 
51.391021966242484 
51.391026299398725 
51.391021966242484 
51.391026299398725 
51.391026299398725 
51.39102162077475 
51.39102162077475 
51.391026299398725 
50.90445919356816 
51.391026299398725 
51.3910216175312 
51.39102162077475 
51.3910216175312 
51.391026299398725 
51.391026299398725 
51.391026299398725 
51.391026299398725 
51.391026299398725 
51.391026299398725 
51.391026299398725 
51.391026299398725 
51.391026299398725 
51.391026299398725 
51.391021966242484 
51.391021966242484 
51.3910216175312 
51.391026299398725 
51.391026299398725 
51.391026299398725 
51.391026299398725 
51.391026299398725 
51.39072911430906 
51.391026299398725 
51.391026299398725 
51.391026299398725 
51.389419978903305 
51.391026299398725 
51.3910216175312 
51.39102162077475 
51.391026299398725 
51.391026299398725 
51.391026299398725 
51.391026299398725 
51.39084633569028 
51.390898529183346 
51.3910216175312 
51.391026299398725 
51.390928518846685 
51.391020751758404 
51.391026299398725 
51.384071955359396 
50.89405159318399 
51.38633486637202 
50.904395568479124 
51.38095424077208 
51.37646716449085 
51.16062267171615 
50.898194959035216 
51.391026299398725 
51.39102162077475 
51.38939392883392 
51.39102162077475 
51.391026299398725 
51.391026299398725 
51.39102162077475 
51.39102162077475 
51.3910217211577 
51.39102162077475 
51.390907048210174 
51.391026299398725 
51.3910217211577 
51.390907048210174 
51.3910216175312 
51.390907048210174 
51.39101704254664 
51.39101619051224 
51.391026299398725 
51.39102159750819 
51.391026299398725 
51.3910217211577 
51.391026299398725 
51.3895120293303 
51.391026299398725 
51.391026299398725 
51.391026299398725 
51.391026299398725 
51.3910216175312 
51.3910217211577 
51.391026299398725 
51.391026299398725 
51.39102162077475 
51.391026299398725 
