45.255766011819595 
44.75843923523508 
45.25594543645158 
45.2398580795042 
45.258674501175086 
45.258210158058525 
45.25897729973873 
45.25888066648488 
45.25823378484808 
45.02682799581611 
45.014063669234005 
45.250765709986354 
45.25899505207042 
45.24784452796372 
45.25310170992124 
45.01753786114941 
43.42774072155288 
45.247175543790604 
45.01197198728092 
45.0268152744963 
44.769056363702205 
45.255530249413226 
45.02178138275416 
45.25524102565497 
45.01575099835189 
45.255400477530145 
44.72972241310687 
45.25234169066062 
45.019965241958474 
45.01609778619069 
45.023600029016755 
45.255373368974006 
45.23591587452867 
45.232951496736554 
45.01768541528261 
45.029315706972085 
45.235258647021325 
44.766828299737014 
45.235293452266895 
45.015554411187665 
45.02005157848763 
45.006208879079495 
45.255380727292945 
45.23928986583688 
45.006208879079495 
45.24967631840694 
45.25544504908719 
45.23152791972722 
45.25513440927906 
45.254572617835144 
44.755602305259416 
45.25870546056847 
44.764940248910925 
45.248947742609815 
44.987928291254704 
44.742878328657596 
45.25859446540853 
45.255437572828654 
45.25337711799167 
45.24459266372727 
45.2516952900468 
45.25898660633605 
44.41872337835215 
45.01774096103224 
45.25800365853336 
45.258752671136214 
45.00660616519737 
45.241224053008395 
45.250569037296884 
45.250414585106576 
44.72806825552961 
45.25575101982641 
45.25864438584652 
45.013413662246236 
45.219305811507105 
45.25347828227828 
45.027465755785855 
45.21275994308045 
45.24452481515068 
45.02655752726751 
45.24300219320291 
45.25504483068221 
45.257892798513865 
45.24576785296533 
45.244043704678106 
45.258300488135525 
45.25848660000939 
45.02356066649425 
45.016160228214076 
45.258731430006776 
45.25523063248058 
45.2526732007004 
45.258225731726114 
45.25888364911054 
45.255787915521964 
45.23571907582187 
45.24297942659314 
45.245641494887074 
45.252606824247174 
45.24422133119662 
