51.39102623577349 
51.391021066211515 
51.39102623577349 
51.39102142164173 
51.390875399363885 
51.391025786310095 
51.3910210933178 
51.39102623577349 
51.39102623577349 
51.39102134814605 
51.39101617859884 
51.39102142164173 
51.39102623577349 
51.39102142164173 
51.39102142164173 
51.39102623577349 
51.39102134814605 
51.39102623577349 
51.391021066211515 
51.39102134814605 
51.39102623577349 
51.39102623577349 
51.391021066211515 
51.39102623577349 
51.38950023173437 
51.39102623577349 
51.39102623577349 
51.391021066211515 
51.39102142164173 
51.39102623577349 
51.39102623577349 
51.391021066211515 
51.39102623577349 
51.39102623577349 
51.391021066211515 
51.39102623577349 
51.39102623577349 
51.391021066211515 
51.39102623577349 
51.39102623577349 
51.39102623577349 
51.391021066211515 
51.39102623577349 
51.39102623577349 
51.1622247965841 
51.39095541863376 
51.39102623577349 
51.3910210933178 
51.39102623577349 
51.39102623577349 
51.39102623577349 
51.39102623577349 
51.39102623577349 
51.3910210933178 
51.39102623577349 
51.39102142164173 
51.39102142164173 
51.39102623577349 
51.39090912021343 
51.39102623577349 
51.3910210933178 
51.39102142164173 
51.39102623577349 
51.39102142164173 
51.3910210933178 
51.391021066211515 
51.39102623577349 
51.39102623577349 
51.39102142164173 
51.39102623577349 
51.39102134814605 
51.39102623577349 
51.39102623577349 
51.39102623577349 
51.39102623577349 
51.39102623577349 
51.39102623577349 
51.39102623577349 
51.39102623577349 
51.39102623577349 
51.39102623577349 
51.164984088211625 
51.39102623577349 
51.39102623577349 
51.39102623577349 
51.39102623577349 
51.3910210933178 
51.39102623577349 
51.39102623577349 
51.39102142164173 
51.39102623577349 
51.39102623577349 
51.39102623577349 
51.39102623577349 
51.39102623577349 
51.39102623577349 
51.39102623577349 
51.39102623577349 
51.3910210933178 
51.39102623577349 
