45.19430860331755 
44.382465866862645 
44.91649250442175 
45.1828321196679 
45.19064339651964 
45.17788496245427 
45.194615163538195 
45.18156308407663 
45.17991689339402 
45.18450392428127 
45.174744222198 
45.18124500314019 
45.174707048513696 
45.19080295719784 
45.18410356134443 
45.19113191391104 
45.17823191311415 
45.17653215621644 
45.18599118238406 
45.16042129497363 
45.183072851162535 
45.187282661048414 
44.95848692260465 
45.17950206687297 
45.181177884937135 
45.19147938660145 
44.357612256812786 
44.96263708369664 
45.1781831362579 
44.95931033371322 
44.70222684591142 
45.18604338439196 
45.1739154169152 
44.9514790993449 
45.19434566576364 
45.182321311077985 
45.18449441295557 
45.19430860331755 
44.382465866862645 
44.94825015011942 
43.89629059116325 
44.947905756151094 
44.96286350992733 
44.95142805718223 
45.18312161873312 
45.19384261695895 
45.19007524624163 
45.18318768052253 
45.156158660759566 
44.938930478897404 
45.194523565195574 
44.95906645429706 
45.17504083007748 
45.159034181014334 
45.165283538366104 
45.194508112220525 
45.174925666524445 
45.1855052557008 
45.17988973962617 
44.969448280869365 
45.19459677299403 
44.958881537721545 
44.944139224193876 
45.19459260448147 
44.35488004702693 
44.947905756151094 
44.96286350992733 
44.95142805718223 
45.18278355690628 
45.182913237789215 
45.18488569318377 
45.18075401368448 
45.18727928898319 
44.9495009792014 
45.17234336283988 
44.96263708369664 
44.956719595181085 
45.19425551952683 
45.1848292455104 
45.179609814047005 
45.19394382421607 
45.160532905817135 
44.37718805583665 
44.95531219089684 
45.19411997547451 
45.194310994122965 
45.1783996932369 
44.38553152430182 
45.18912516726446 
44.65533971598778 
45.187876236552405 
45.191031080768596 
45.188101593322045 
45.194157016072786 
45.18631718914715 
45.194309051115084 
45.19456449295412 
45.16863585360933 
45.19113402508505 
45.183396102833726 
