41.79222505792037 
42.02794817895182 
41.788638270414886 
41.798526286765764 
42.02373949311704 
41.4891198404557 
42.02870430553127 
42.00946113662074 
41.53140448322857 
41.77903615256101 
41.49903296704174 
42.022576015334955 
41.213822024319796 
42.02789469646033 
41.7273113052516 
41.803346443866204 
41.521047812230904 
42.01479956058388 
42.01894029864106 
42.02796728511098 
42.01703416689078 
41.762759603357345 
41.99993356040219 
42.01304166544176 
42.023555661043595 
41.51788903298451 
42.02319776789668 
42.02312316335396 
42.02591324294581 
42.02179053883423 
41.53588963788854 
42.01297332446687 
41.490405131541266 
41.777090519364116 
42.01803477651994 
41.9826716160192 
42.00159740889731 
41.4946734970743 
42.026435987614796 
41.5371831599839 
42.0285684243578 
42.00851364941974 
41.79681372121305 
42.01385192388605 
42.023165183013255 
42.02272569756451 
41.797334172469554 
42.00047535670194 
42.02874698144015 
42.02884014152799 
41.777393578626224 
42.02697910454294 
42.00287299325512 
42.027697815224315 
42.02278965966907 
42.028007633671336 
42.02887774414041 
42.0176815221551 
41.79786103677731 
41.516737695451454 
42.01277654559894 
41.5371831599839 
41.98141064697061 
41.781123050642485 
40.740556687026285 
41.76894806977241 
42.011749916716 
42.0063598890664 
42.02771785379481 
42.00189561240748 
41.79651644504084 
41.79473490483938 
41.536541456056604 
41.79515953199764 
40.75040811916893 
41.78703373771197 
42.009623222538345 
41.52789726131878 
42.02874153414079 
42.027543601822416 
42.02802318866451 
42.02406870440385 
41.76093164973101 
41.49580908783642 
42.02253326786806 
42.02871378265948 
42.027317946290005 
42.0288182766653 
40.78661894015366 
42.0087216282403 
42.024288256043356 
41.49191867691935 
41.779452137671356 
42.0169859958464 
41.78026116844678 
41.50393276355868 
41.52037485167308 
41.986255899862066 
42.01386665964772 
42.01367573222653 
