51.63426494192047 
51.640263395732994 
51.640265921530485 
51.64023574614998 
51.64016689034973 
51.63724873958662 
51.640170221178465 
51.64021179831568 
51.63864476079525 
51.417124282475875 
51.640268966126115 
51.64024183338226 
51.63648980595085 
51.63499113207061 
51.640189405592935 
51.63576313497387 
51.62250120895686 
51.64023560798755 
51.63876588246605 
51.64017509935739 
51.638686763279 
51.64014888790751 
51.638677039838186 
51.64011108911689 
51.64027051383956 
51.6386680101145 
51.637289318150906 
51.64026707440766 
51.63869477556335 
51.640209881477176 
51.415330195115644 
51.64021730734279 
51.63870171898042 
51.640189405592935 
51.64022546971906 
51.41439352079245 
51.63864476079525 
51.637305345025574 
51.63864476079525 
51.64026660418362 
51.63720587350942 
51.640184803414215 
51.634251969210794 
51.64026672408363 
51.64011956613587 
51.64026453259604 
51.63276082815956 
51.6402090002918 
51.15399937696293 
51.64013463499389 
51.63657328097637 
51.64027051383956 
51.63875586898291 
51.64015653428218 
51.64027051383956 
51.62764505102237 
51.40751717808368 
51.64027051383956 
51.64026276930026 
51.64027051383956 
51.64027051383956 
51.63727917521706 
51.63797391515495 
51.640226467062845 
51.640262642970015 
51.64019626132443 
51.640248638903735 
51.64022285862725 
51.63873710208126 
51.64014982736195 
51.640236186294445 
51.64026973271894 
51.64018365925798 
51.638768065469144 
51.40849364118367 
51.63727630354449 
51.62764505102237 
51.62607952674842 
51.64026906362277 
51.64017085572532 
51.64026778960307 
51.626204627957236 
51.640267319590144 
51.640200979407524 
51.40920884711886 
51.640268966126115 
51.15184716989967 
51.64020950550974 
51.64021288290034 
51.640257453591396 
51.63567117333216 
51.64026807208935 
51.63344893466265 
51.640262091139796 
51.62399436320591 
51.405799027168904 
51.64019273422519 
51.63874686835529 
51.634339930269256 
51.64026672408363 
