44.092666767832874 
44.092245982274264 
44.09260300956772 
44.09260300956772 
44.092666767832874 
44.09260708324537 
44.092666767832874 
44.09260300956772 
44.09260222483244 
44.08904943374298 
44.09260222483244 
44.09260577712014 
44.09260300956772 
44.09260577712014 
44.09260708324537 
44.09260577712014 
44.09185344685573 
44.09260222483244 
44.092666767832874 
44.09260708324537 
44.092666767832874 
44.09260300956772 
44.092666767832874 
44.092666767832874 
44.09260577712014 
44.092666767832874 
44.09260577712014 
44.09260300956772 
44.09260300956772 
44.09260300956772 
44.09260708324537 
44.09218624117978 
44.09260222483244 
44.092666767832874 
44.09205559670021 
44.09260577712014 
44.092666767832874 
44.092666767832874 
44.09260708324537 
44.092666767832874 
44.09260222483244 
44.09260708324537 
44.092666767832874 
44.09260222483244 
44.092541236473686 
44.09254400209481 
44.092666767832874 
44.092541236473686 
44.09260300956772 
44.092666767832874 
44.092666767832874 
44.092666767832874 
44.09260300956772 
44.09260222483244 
44.09224999743586 
44.09260300956772 
44.09205559670021 
44.092666767832874 
44.09260222483244 
44.09260222483244 
44.092666767832874 
44.09260708324537 
44.09260708324537 
44.092666767832874 
44.09260222483244 
44.09260300956772 
44.092666767832874 
44.092666767832874 
44.09260300956772 
44.092666767832874 
44.09260222483244 
44.092666767832874 
44.092666767832874 
44.09260222483244 
44.09260222483244 
44.09260708324537 
44.092666767832874 
44.09260222483244 
44.09260708324537 
44.092666767832874 
44.09260300956772 
44.09260708324537 
44.092666767832874 
44.09260708324537 
44.09260577712014 
44.092666767832874 
44.09260577712014 
44.092666767832874 
44.09260300956772 
44.09266207898589 
44.09260222483244 
44.092666767832874 
44.09260300956772 
44.09260300956772 
44.092666767832874 
44.09254400209481 
44.09200307920006 
44.09260300956772 
44.09260708324537 
44.092666767832874 
