51.40929046996422 
51.638754161070935 
51.399828907079915 
51.637920023046604 
51.6401053180174 
51.63874276243741 
51.63798670476372 
51.64022583671496 
51.63863652764549 
51.629905009639565 
51.640178789290545 
51.6386537005936 
51.63872189280457 
51.640204895917364 
51.6402643781957 
51.6401578801778 
51.635706024279365 
51.6401980878934 
51.638701198877534 
51.64026983222638 
51.64026820833518 
51.640147320476075 
51.64022731942793 
51.64021081591783 
51.64023163464201 
51.64026706362873 
51.63801855458488 
51.640239281532494 
51.640141915174475 
51.64022440997448 
51.63722238828778 
51.64024268178361 
51.640264816880475 
51.64017742737556 
51.63876368101256 
51.64022644504449 
51.6372151141432 
51.63875175404537 
51.640107431022294 
51.634317457656614 
51.64026717517574 
51.64023771572195 
51.6402677409985 
51.64020473757537 
51.64020588060919 
51.63719414365677 
51.64017034855216 
51.6401274360009 
51.64014976000232 
51.64026853038648 
51.64026696358967 
51.640163544712856 
51.64021179427013 
51.640029334369665 
51.64017558777081 
51.638047011063726 
51.64017299949663 
51.640207770376925 
51.640187156156706 
51.637955420265236 
51.410255815710485 
51.408448781101654 
51.638748063998754 
51.640161077257844 
51.64022264465686 
51.6402189378512 
51.41707753722354 
51.64016596502553 
51.640170630028656 
51.64026598991402 
51.64016247398531 
51.64026693506953 
51.6401274360009 
51.63875706162283 
51.64022182622803 
51.40845701829505 
51.64024192552981 
51.640107431022294 
51.64022264465686 
51.63872172779605 
51.63870830475056 
51.63135325298269 
51.63798670476372 
51.638721709601874 
51.64020081203846 
51.63130343137183 
51.63717355941553 
51.64021181285054 
51.640220582355646 
51.640223801022394 
51.64020524957119 
51.63579240968046 
51.62905671117949 
51.64026853038648 
51.64021898940741 
51.640186856369546 
51.64026703530344 
51.64027053250308 
51.64026693506953 
51.638748663587165 
