44.95185498328421 
45.194100487582894 
44.69607786666478 
45.191255394410575 
45.19419444117714 
44.66097103660831 
45.194507795509736 
45.18776243347426 
44.705062160048456 
44.96267096798946 
45.16240897345644 
45.193840690618714 
44.38510818283121 
45.19405832967761 
44.65586082660062 
44.96314205952075 
45.178723451104496 
45.17574529852929 
44.959554421003105 
45.19103709625969 
45.190440726769815 
45.16382061441179 
44.96594072856026 
45.19338063889325 
45.19424763720402 
44.96782832034648 
45.18165536783528 
45.18605466116131 
45.183760504523974 
45.1943463493734 
44.70242321328506 
45.1901860357965 
44.68215782569571 
45.16638692261892 
45.18605472747048 
44.704819217122015 
45.1854221158303 
45.159115330625646 
45.19066945200236 
44.38111864698848 
45.1943884265713 
44.36819831414062 
44.381958750081345 
45.17978202948418 
45.193984154871934 
45.19368660397413 
44.95892121142243 
44.968253762343444 
45.19454368717361 
45.194599621533975 
44.95765460493852 
45.1876890226296 
44.951518284938764 
45.18483993110558 
45.19075808083189 
45.19415932651843 
45.194566832405236 
45.184296458779635 
44.96847569900449 
44.68444214251511 
44.96501098053675 
44.38111864698848 
45.16363752934257 
45.18087618577007 
44.95400541657474 
45.190553271863166 
45.179772792172095 
45.176189607443256 
45.19104086277547 
44.957207948458226 
44.95684743157559 
44.96448534406011 
44.96085207812079 
44.96638298030104 
43.95148839833719 
45.17977295831774 
45.18760646039314 
45.17974354546604 
45.19450685740765 
45.19403222839745 
45.19428897919844 
45.188240794337695 
44.935586827025915 
44.69400419831751 
45.190484262871905 
45.1945495236796 
45.19406967146156 
45.19455415930085 
43.95517563243149 
45.17641243659088 
45.19142586889249 
44.94597709395184 
44.93951611192636 
45.18788725916242 
45.17884556068734 
44.93666228843082 
45.16240897345644 
45.17320452216676 
44.96651738901131 
45.18728048607124 
