41.01863672501615 
41.04238119535572 
41.042355113795445 
41.04211823614949 
41.04157061958483 
41.03598687704238 
41.04130866438989 
41.0418643632804 
41.03387585742417 
41.03433460310609 
41.0424584843039 
41.04189130714186 
41.04054620595318 
40.81586273220282 
41.04140652899209 
40.80441837060512 
41.01319461416623 
41.04169092025397 
41.04187695680418 
41.04150310190544 
41.04099978397713 
41.04120806620313 
41.03618620280777 
41.041036697318404 
41.04252054624185 
41.035752224985075 
40.798779909633794 
41.042398585539786 
41.03621184409475 
41.04164159946388 
40.81054514725758 
41.04153939010956 
41.03396961449428 
41.04140652899209 
41.04182678262821 
41.01808100625723 
41.03387585742417 
41.0268623938896 
41.03387585742417 
41.042381886504444 
41.028962556639776 
40.81721747608415 
40.804678208608756 
41.04238098759848 
41.04117141831198 
41.042300920539134 
41.03581979928421 
41.036351655912284 
40.78742753198962 
41.033764121152345 
41.04208553093911 
41.04251984854359 
41.03692623841984 
41.03671906838457 
41.04251984854359 
41.03085750913747 
40.99826833127746 
41.04251984854359 
41.04225014739644 
41.04251984854359 
41.04251984854359 
41.026483224131766 
41.03622823726186 
41.0418605290928 
41.04226005490274 
41.03686118898563 
41.04211411513702 
41.04186271588554 
41.041726104333 
41.03595999512315 
41.0418451237001 
41.042481351342545 
41.04119379857567 
41.03465144135715 
40.804503687835535 
41.03694230886289 
41.03085750913747 
41.002159662470675 
41.04246149357294 
41.0365094641003 
41.042430532283575 
41.003427663857195 
41.04239613711352 
41.041989843576665 
40.53462285092629 
41.0424584843039 
40.78699148155666 
41.041751841480135 
41.04141620024855 
41.04221210492414 
41.02539552283108 
41.04243054952209 
40.7946793464378 
41.04217446214824 
41.01622828558455 
40.80059612012729 
41.04127851836895 
41.04159768282935 
40.80799032361874 
41.04238098759848 
