44.09266861459403 
44.09261021724182 
44.09261061809903 
44.092614949772624 
44.09266861459403 
44.09261147695674 
44.09266861459403 
44.09261147695674 
44.092614949772624 
44.09266861459403 
44.092614949772624 
44.09266861459403 
44.09266861459403 
44.09261021724182 
44.09261021724182 
44.09266861459403 
43.6033423455614 
44.09266861459403 
44.09261061809903 
44.09261021724182 
44.09261061809903 
44.09266861459403 
44.09266861459403 
44.09266861459403 
44.09266861459403 
44.09266861459403 
44.09266861459403 
44.09266861459403 
44.09266861459403 
44.09266861459403 
44.09266861459403 
44.092614949772624 
44.092614949772624 
44.09261061809903 
44.09266861459403 
44.09266861459403 
44.09266861459403 
44.09266861459403 
44.09266861459403 
44.09102220677648 
44.09266861459403 
44.09266861459403 
44.09266861459403 
44.08854567008061 
44.09266861459403 
44.09261061809903 
44.09261021724182 
44.09266861459403 
44.09266861459403 
44.09266861459403 
44.09266861459403 
44.09166794371852 
44.09195012870585 
44.09261061809903 
44.09266861459403 
44.092091106297666 
44.09263829500264 
44.09266861459403 
44.07590003104393 
43.579555613934716 
44.08118453234598 
43.603004473134845 
44.06830707992356 
44.05797376985062 
43.85086682814548 
43.58895433632728 
44.09266861459403 
44.09261021724182 
44.088415260549056 
44.09261021724182 
44.09266861459403 
44.09266861459403 
44.09261021724182 
44.09261021724182 
44.09261147695674 
44.09261021724182 
44.091998189350086 
44.09266861459403 
44.09261147695674 
44.091998189350086 
44.09261061809903 
44.091998189350086 
44.09255308166098 
44.09258181431242 
44.09266861459403 
44.09261036783248 
44.09266861459403 
44.09261147695674 
44.09266861459403 
44.08909084137843 
44.09266861459403 
44.09266861459403 
44.09266861459403 
44.09266861459403 
44.09261061809903 
44.09261147695674 
44.09266861459403 
44.09266861459403 
44.09261021724182 
44.09266861459403 
