45.1913119115636 
44.693891554416155 
45.19149409632848 
45.17528017473507 
45.19424086024294 
45.19376938684804 
45.19454809270069 
45.194450135721965 
45.19379337539954 
44.96231759851322 
44.94945570881441 
45.18627086922385 
45.19456658248132 
45.183328888563345 
45.18861879727369 
44.952955157949035 
43.36312599968172 
45.182649782600315 
44.94734623265903 
44.96230490203129 
44.70458753044731 
45.19107246057629 
44.9572356641697 
45.190778940813985 
44.951154916564604 
45.190940788464694 
44.664953054614145 
45.187858968362896 
44.955405686639516 
44.95150693055252 
44.95906814249766 
45.190912984102034 
45.17130175889626 
45.168315832673876 
44.95310485046978 
44.96482917104782 
45.170646245479 
44.70234213050459 
45.17068174058968 
44.95095540285496 
44.95549324062754 
44.94153662091505 
45.19092067951064 
45.17470308244765 
44.94153662091505 
45.18517674498739 
45.190985850134105 
45.16688243276574 
45.19067060326378 
45.19010016891279 
44.691027973590195 
45.19427209311243 
44.70044186876436 
45.18443713465901 
44.923115537936305 
44.678209974258586 
45.19415962292311 
45.19097811994788 
45.1888982740923 
45.18003947091646 
45.18720286855565 
45.19455777845925 
44.35403348882872 
44.953161435453005 
45.19355985547814 
45.19432019652482 
44.94193980146446 
45.17665524186935 
45.186071133002116 
45.18591430695366 
44.663290441945946 
45.191296581476 
45.194210069229534 
44.94880983256893 
45.15456922873194 
45.18900120580814 
44.96296505951616 
45.14797076008497 
45.17998243636884 
44.962043011490636 
45.17844853250005 
45.190579520889415 
45.1934471815309 
45.18123252019016 
45.17949398787236 
45.193861069422304 
45.19404984211137 
44.95902799937574 
44.951570392289305 
45.194298816846114 
45.190768227425366 
45.18819547315573 
45.19378522728371 
45.194453270271154 
45.19133396731414 
45.17110180291053 
45.178425336628344 
45.1811042516226 
45.18812836922052 
45.1796743359742 
