51.39102617466656 
51.39102084530742 
51.39102062557491 
51.39102073538875 
51.39102617466656 
51.39102094672843 
51.39102617466656 
51.39102094672843 
51.39102073538875 
51.39102617466656 
51.39102073538875 
51.39102617466656 
51.39102617466656 
51.39102084530742 
51.39102084530742 
51.39102617466656 
51.167384915902765 
51.39102617466656 
51.39102062557491 
51.39102084530742 
51.39102062557491 
51.39102617466656 
51.39102617466656 
51.39102617466656 
51.39102617466656 
51.39102617466656 
51.39102617466656 
51.39102617466656 
51.39102617466656 
51.39102617466656 
51.39102617466656 
51.39102073538875 
51.39102073538875 
51.39102062557491 
51.39102617466656 
51.39102617466656 
51.39102617466656 
51.39102617466656 
51.39102617466656 
51.38924273269427 
51.39102617466656 
51.39102617466656 
51.39102617466656 
51.39089582765539 
51.39102617466656 
51.39102062557491 
51.39102084530742 
51.39102617466656 
51.39102617466656 
51.39102617466656 
51.39102617466656 
51.38781860794564 
51.390875665821895 
51.39102062557491 
51.39102617466656 
51.39085952221199 
51.39102598477584 
51.39102617466656 
51.16600117329724 
50.89398141842941 
51.3877531477797 
51.386122810220506 
51.155996583362445 
51.16056929024182 
51.159637003038476 
51.1543098490976 
51.39102617466656 
51.39102084530742 
51.38709977760004 
51.39102084530742 
51.39102617466656 
51.39102617466656 
51.39102084530742 
51.39102084530742 
51.39102094672843 
51.39102084530742 
51.39089758371689 
51.39102617466656 
51.39102094672843 
51.39089758371689 
51.39102062557491 
51.39089758371689 
51.39096908518476 
51.38269226479185 
51.39102617466656 
51.39100937056186 
51.39102617466656 
51.39102094672843 
51.39102617466656 
51.38950550365399 
51.39102617466656 
51.39102617466656 
51.39102617466656 
51.39102617466656 
51.39102062557491 
51.39102094672843 
51.39102617466656 
51.39102617466656 
51.39102084530742 
51.39102617466656 
