41.77352904638061 
42.027465555104534 
41.20140335739445 
41.79826706472202 
42.02355847201741 
41.49490092086854 
42.024169498737564 
42.02774822958425 
41.790060337280785 
41.78973859084077 
41.51664489768028 
41.80254977250053 
41.76298026027433 
42.02729639590465 
41.14864806200938 
41.8004383180512 
41.77558966614456 
42.02146738669349 
41.79807011733563 
42.02128505763119 
42.021918114266 
41.74146462978344 
41.99970803308295 
42.021312620721325 
42.018963435971436 
42.013761624328744 
42.015906717658844 
42.01838371124798 
42.00831770024334 
42.01703998806268 
41.7941071698066 
42.008319093667225 
41.49994877842547 
41.756488057636275 
42.013651758906114 
42.011650042565584 
42.010703928388644 
41.484736905249335 
42.02229578965599 
42.01202764186872 
42.02826111437398 
42.0020038379243 
41.77839416011719 
42.01571527522193 
42.01814641952628 
42.01768720497099 
41.778526462965466 
41.79277191961518 
42.0286714077237 
42.02882962459509 
41.78509054313899 
42.022899462068644 
42.00227315627237 
42.0235195260905 
41.8003490301706 
42.02281729524102 
42.02886304278785 
42.01771534279104 
42.01890004676495 
41.51277039727173 
41.79561331943592 
42.01202764186872 
41.98782462740015 
41.76481675415312 
40.20112603671579 
41.78630664058512 
42.017942111643485 
41.52111510347253 
42.02275028547824 
42.01136420582258 
41.78071615413829 
41.999745857714856 
41.98376714964745 
41.53349757416606 
41.48197948072721 
41.99099793156594 
42.01177636076536 
41.79516732945229 
42.028590954102356 
42.027566685399606 
42.01671784018197 
41.79078993660735 
41.514736958534 
41.7785039673335 
42.011485582548104 
42.02827679164851 
42.023137441603275 
42.024205393109376 
41.52925183859011 
42.00181696755505 
42.02399465590254 
41.50022697365212 
41.78712884519981 
42.003388995323384 
41.79050603407579 
41.7484688580579 
41.778135174006316 
41.51296388236248 
41.800262899201435 
42.01557114049548 
