45.19418798031677 
44.376579984547824 
44.691225878031375 
44.95672643837243 
45.18736254692974 
45.181017940447475 
45.194564584226995 
45.17541662556504 
45.18741347506633 
45.193541548585095 
44.69132445179042 
45.17807634245096 
45.18555327964582 
45.193927318491355 
45.18417641295105 
45.188056379416366 
44.931344694144165 
45.18260393440534 
44.69200687703935 
44.9416055475689 
45.18450838034848 
45.18561420657609 
44.96207334464496 
45.18258501778295 
45.17644884344006 
45.191343608953645 
44.36501389090035 
45.18454984685658 
45.1796446478938 
44.96601584298968 
44.95676441518107 
44.70268121731424 
44.946646248802715 
44.949410223629016 
45.19433416471343 
45.186829433600515 
45.18588279155559 
45.19418798031677 
44.376579984547824 
44.69847668916768 
44.66047059115187 
44.949906938752484 
44.95553418249192 
44.93316300270537 
45.187638419673355 
45.19360495840959 
45.17623088506528 
44.96446544155408 
44.91491959185806 
44.94778233598741 
45.19432719705325 
44.702412582595095 
44.955275568350075 
45.16236804074332 
44.68676806118266 
45.19145789951761 
44.964055465186156 
45.19034720020399 
45.17679116748002 
43.954986455152834 
45.194539655724746 
44.953110619647234 
44.938478735516156 
45.1945384183341 
44.69530484109733 
44.949906938752484 
44.95553418249192 
44.942295324220986 
45.18434875360507 
45.18733142738465 
45.19086525377055 
45.16846396321392 
45.19014548101712 
44.94961467166989 
44.96938416576688 
45.18454984685658 
45.18093598275631 
45.19419336812652 
45.173811393896344 
45.17623595774686 
45.19380824695612 
43.35214979817847 
44.93924077466861 
44.950016099169005 
45.18947676206857 
45.194191549648586 
44.96291149687667 
45.19100300144034 
45.18904668563906 
44.33719974557374 
45.18775635154907 
45.19103430393281 
45.19430414669812 
45.18324186862427 
45.18471005819961 
45.19440036103461 
45.19454534654122 
45.1622128703963 
45.194180784223775 
45.18336328633096 
