44.09266499397332 
44.09224423197438 
44.09259758161268 
44.09259758161268 
44.09266499397332 
44.09259621496 
44.09266499397332 
44.09259758161268 
44.092598460964666 
44.092630339714596 
44.092598460964666 
44.09259974990035 
44.09259758161268 
44.09259974990035 
44.09259621496 
44.09259974990035 
44.091924280142095 
44.092598460964666 
44.09266499397332 
44.09259621496 
44.09266499397332 
44.09259758161268 
44.09266499397332 
44.09266499397332 
44.09259974990035 
44.09266499397332 
44.09259974990035 
44.09259758161268 
44.09259758161268 
44.09259758161268 
44.09259621496 
44.09222432623879 
44.092598460964666 
44.09266499397332 
44.0918296312998 
44.09259974990035 
44.09266499397332 
44.09266499397332 
44.09259621496 
44.09266499397332 
44.092598460964666 
44.09259621496 
44.09266499397332 
44.092598460964666 
44.09253321900409 
44.09242307538735 
44.09266499397332 
44.09253321900409 
44.09259758161268 
44.09266499397332 
44.09266499397332 
44.09266499397332 
44.09259758161268 
44.092598460964666 
44.0922917363105 
44.09259758161268 
44.0918296312998 
44.09266499397332 
44.092598460964666 
44.092598460964666 
44.09266499397332 
44.09259621496 
44.09259621496 
44.09266499397332 
44.092598460964666 
44.09259758161268 
44.09266499397332 
44.09266499397332 
44.09259758161268 
44.09266499397332 
44.092598460964666 
44.09266499397332 
44.09266499397332 
44.092598460964666 
44.092598460964666 
44.09259621496 
44.09266499397332 
44.092598460964666 
44.09259621496 
44.09266499397332 
44.09259758161268 
44.09259621496 
44.09266499397332 
44.09259621496 
44.09259974990035 
44.09266499397332 
44.09259974990035 
44.09266499397332 
44.09259758161268 
44.092661044829796 
44.092598460964666 
44.09266499397332 
44.09259758161268 
44.09259758161268 
44.09266499397332 
44.09242307538735 
44.08826799476402 
44.09259758161268 
44.09259621496 
44.09266499397332 
