35.25438254294488 
35.267754235924585 
35.001968459052776 
35.26776548297237 
35.26776544600445 
35.257000007837576 
35.267767833119315 
35.26775851844199 
35.256835609757466 
35.267763754755556 
35.266987114116844 
35.26775750722441 
35.252050842333375 
35.2677560329973 
35.26174360840765 
35.2676560606254 
35.2674744214355 
35.267765028092406 
35.26231423723523 
35.2677004838339 
35.26776118910623 
35.267024965829066 
35.26239727891208 
35.26776118910623 
35.26776973863728 
35.26251704836567 
35.26775898598384 
35.267597017646004 
35.26755175129264 
35.26776256637425 
35.00204453929776 
35.26769359997445 
35.257125448865665 
35.2677044094414 
35.26748776240751 
35.262468052035665 
35.26759007124196 
35.26691450944558 
35.26774856059467 
34.67620720805658 
35.26776407937617 
34.679813331725065 
34.672190159395996 
35.267504671868735 
35.26776044018938 
35.267738173110196 
35.26763809685326 
35.262494050693434 
35.26776851231654 
35.267770046655905 
35.26228875492639 
35.26769147410646 
35.262401805105235 
35.267770362347036 
35.26776883173966 
35.26777009502794 
35.26777066611074 
35.267511204186555 
35.267770011675985 
34.99202099718072 
35.267766966083045 
34.67620720805658 
35.26770484589062 
35.26764857968295 
35.26228004727807 
35.267690805894155 
35.26764532738895 
35.26739982441874 
35.26770394345132 
35.26216239949814 
35.2619936838131 
35.26228530743463 
35.26230540374821 
35.26776420011494 
35.22736697794288 
35.26776420011494 
35.26764164779243 
35.267301771835854 
35.26776894525884 
35.267755548295675 
35.26776104866255 
35.26776927221493 
35.238359180928306 
35.26232765590608 
35.26770659635966 
35.26776858412485 
35.267760508371026 
35.26776958183792 
34.26490434889058 
35.26734363094598 
35.26771335107856 
35.26231940229231 
35.26736700034331 
35.26776877021959 
35.26776946999281 
35.251168032257716 
35.266987114116844 
35.26749998756148 
35.25728232617808 
35.26770113411496 
