34.44537821838225 
34.44545103710985 
34.44559639420049 
34.445590704832014 
34.445590704832014 
34.44552340712589 
34.445498604630686 
34.4455915330775 
34.44556760471849 
34.43564261430531 
34.445582284350365 
34.445444162580436 
34.445598004931384 
34.4455885051572 
34.44559853115324 
34.4455837543217 
34.44549524993113 
34.44558837141182 
34.44559614249665 
34.4456008321846 
34.44559946045785 
34.44557343705094 
34.44559639420049 
34.44559391761037 
34.44560014484151 
34.445595437516005 
34.44559609643521 
34.445601274483884 
34.44529551652009 
34.44559185735841 
34.44558059202236 
34.445601274483884 
34.445598550391715 
34.44541838693526 
34.445448506927185 
34.44559458041497 
34.445499122872214 
34.445601274483884 
34.44559315596124 
34.44558816077363 
34.445601274483884 
34.44559971616913 
34.445601274483884 
34.44558501630437 
34.445598004931384 
34.44558751800632 
34.445590159492035 
34.445499822658306 
34.439500488652435 
34.44559986859695 
34.445599685831546 
34.44558481084533 
34.44559166164296 
34.44557852472183 
34.44559639420049 
34.44552646496695 
34.44557852472183 
34.44558472661452 
34.44559609736014 
34.445370557934 
34.439657683774605 
34.445444162580436 
34.44552528778401 
34.4455711850596 
34.44558792152413 
34.44559609643521 
34.4455890512994 
34.445231507012075 
34.445583011350934 
34.44559946045785 
34.44558260481029 
34.44559853115324 
34.445499822658306 
34.445601274483884 
34.44552068664826 
34.44551123816398 
34.44559946045785 
34.44559315596124 
34.44558792152413 
34.445513837486885 
34.445451992471725 
34.445593661404764 
34.445498604630686 
34.445513837486885 
34.44552176406087 
34.43876267222964 
34.44556760471849 
34.44559937505631 
34.44559082741632 
34.445601274483884 
34.445598004931384 
34.445595614670715 
34.44559639420049 
34.44559986859695 
34.44559986859695 
34.4455876461405 
34.445598550391715 
34.445601274483884 
34.44559853115324 
34.44559632125448 
