37.90279027495744 
37.89902662010528 
37.906408259108204 
37.90621068102236 
37.90640610421399 
37.90637690636935 
37.906407728432534 
37.906408263605215 
37.906404164686606 
37.90634524610841 
37.89906416277199 
37.90637568097608 
37.90640842410322 
37.906296335065896 
37.89898832355269 
37.89720593596806 
37.90257924743181 
37.90626402919398 
37.906273996719065 
37.90631835565765 
37.6349693189084 
37.90637817919682 
37.899026420990886 
37.90636978413201 
37.90060678852417 
37.90637153579514 
37.637008218915035 
37.90640683516157 
37.90640766116212 
37.90254678398198 
37.90250208472756 
37.906379199742936 
37.90265898524937 
37.906139061013754 
37.90082091593032 
37.89669675455926 
37.898986304394725 
37.90278526639591 
37.898990795307085 
37.90618147954723 
37.88794321559936 
37.895265785414615 
37.9062297472763 
37.90272376999675 
37.895265785414615 
37.90640791148847 
37.906380088640326 
37.9060873266664 
37.9063467785976 
37.90628007639394 
37.90631989234227 
37.906403857723944 
37.902727590560495 
37.906363554362564 
37.64130959270031 
37.898953707288086 
37.906403911329846 
37.90633379531018 
37.90637210437646 
37.90616673848792 
37.906320026829675 
37.90640822864836 
37.898843556820246 
37.63061993343293 
37.906408111076374 
37.90640571795745 
37.906302147628764 
37.63930590148447 
37.89913357811614 
37.90632285378986 
37.26668628668176 
37.90640531725208 
37.90640215041515 
37.639217122003856 
37.64151253729615 
37.90640824663081 
37.90634837570372 
37.90634976346168 
37.90634792390028 
37.902670929017006 
37.906311766149884 
37.90640222810796 
37.9063772155443 
37.90626946082512 
37.906316552969905 
37.90637690636935 
37.906404635446194 
37.902786276613085 
37.90614627284566 
37.90640455015393 
37.906399625684905 
37.90635222674667 
37.90631996564303 
37.90640683516157 
37.90636712417887 
37.902718930445374 
37.90628210019471 
37.90626691288812 
37.906407661061316 
37.906345824697 
