43.07072847005219 
43.07072847005219 
43.07072847005219 
43.070728438133855 
43.070728112376386 
43.070728469626786 
43.0707284381362 
43.07072847005219 
43.07072847005219 
43.07072847005219 
43.07072847005219 
43.070728438133855 
43.07072847005219 
43.070728438133855 
43.070728438133855 
43.07072847005219 
43.07072847005219 
43.07072847005219 
43.07072847005219 
43.07072847005219 
43.07072847005219 
43.07072847005219 
43.07072847005219 
43.07072847005219 
43.07072202105019 
43.07072847005219 
43.07072847005219 
43.07072847005219 
43.070728438133855 
43.07072847005219 
43.07072847005219 
43.07072847005219 
43.07072847005219 
43.07072847005219 
43.07072847005219 
43.07072847005219 
43.07072847005219 
43.07072847005219 
43.07072847005219 
43.07072847005219 
43.07072847005219 
43.07072847005219 
43.07072847005219 
43.07072847005219 
43.07071392386435 
43.07072847005219 
43.07072847005219 
43.0707284381362 
43.07072847005219 
43.07072847005219 
43.07072847005219 
43.07072847005219 
43.07072847005219 
43.0707284381362 
43.07072847005219 
43.070728438133855 
43.070728438133855 
43.07072847005219 
43.070727661083865 
43.07072847005219 
43.0707284381362 
43.070728438133855 
43.07072847005219 
43.070728438133855 
43.0707284381362 
43.07072847005219 
43.07072847005219 
43.07072847005219 
43.070728438133855 
43.07072847005219 
43.07072847005219 
43.07072847005219 
43.07072847005219 
43.07072847005219 
43.07072847005219 
43.07072847005219 
43.07072847005219 
43.07072847005219 
43.07072847005219 
43.07072847005219 
43.07072847005219 
43.07070786375127 
43.07072847005219 
43.07072847005219 
43.07072847005219 
43.07072847005219 
43.0707284381362 
43.07072847005219 
43.07072847005219 
43.070728438133855 
43.07072847005219 
43.07072847005219 
43.07072847005219 
43.07072847005219 
43.07072847005219 
43.07072847005219 
43.07072847005219 
43.07072847005219 
43.0707284381362 
43.07072847005219 
