36.98795301859874 
36.98795301859874 
36.987952202314425 
36.98795214926233 
36.98795301859874 
36.98795301859874 
36.98795301859874 
36.98795301859874 
36.98795214926233 
36.98795301859874 
36.98795214926233 
36.98795301859874 
36.98795301859874 
36.98795301859874 
36.98795301859874 
36.98795301859874 
36.98792304739747 
36.98795301859874 
36.987952202314425 
36.98795301859874 
36.987952202314425 
36.98795301859874 
36.98795301859874 
36.98795301859874 
36.98795301859874 
36.98795301859874 
36.98795301859874 
36.98795301859874 
36.98795301859874 
36.98795301859874 
36.98795301859874 
36.98795214926233 
36.98795214926233 
36.987952202314425 
36.98795301859874 
36.98795301859874 
36.98795301859874 
36.98795301859874 
36.98795301859874 
36.9878830911856 
36.98795301859874 
36.98795301859874 
36.98795301859874 
36.98791031196744 
36.98795301859874 
36.987952202314425 
36.98795301859874 
36.98795301859874 
36.98795301859874 
36.98795301859874 
36.98795301859874 
36.987952993829815 
36.987945373990236 
36.987952202314425 
36.98795301859874 
36.98794301513847 
36.98795301366612 
36.98795301859874 
36.98362459441459 
36.987825268151376 
36.987875833744496 
36.39781423784336 
36.987818429529604 
36.98784358094831 
36.98780910494152 
36.98780057356478 
36.98795301859874 
36.98795301859874 
36.987912413670934 
36.98795301859874 
36.98795301859874 
36.98795301859874 
36.98795301859874 
36.98795301859874 
36.98795301859874 
36.98795301859874 
36.987943565890745 
36.98795301859874 
36.98795301859874 
36.987943565890745 
36.987952202314425 
36.987943565890745 
36.98795006004355 
36.98784757723472 
36.98795301859874 
36.987952202314425 
36.98795301859874 
36.98795301859874 
36.98795301859874 
36.98791762215086 
36.98795301859874 
36.98795301859874 
36.98795301859874 
36.98795301859874 
36.987952202314425 
36.98795301859874 
36.98795301859874 
36.98795301859874 
36.98795301859874 
36.98795301859874 
