43.07072847008701 
43.07072816466113 
43.070728440134374 
43.070728440134374 
43.07072847008701 
43.07072844196467 
43.07072847008701 
43.070728440134374 
43.07072847008701 
43.07072197444431 
43.07072847008701 
43.07072847008701 
43.070728440134374 
43.07072847008701 
43.07072844196467 
43.07072847008701 
43.07072847008701 
43.07072847008701 
43.07072847008701 
43.07072844196467 
43.07072847008701 
43.070728440134374 
43.07072847008701 
43.07072847008701 
43.07072847008701 
43.07072847008701 
43.07072847008701 
43.070728440134374 
43.070728440134374 
43.070728440134374 
43.07072844196467 
43.070728440134374 
43.07072847008701 
43.07072847008701 
43.07072847008701 
43.07072847008701 
43.07072847008701 
43.07072847008701 
43.07072844196467 
43.07072847008701 
43.07072847008701 
43.07072844196467 
43.07072847008701 
43.07072847008701 
43.07072847008701 
43.070728393407514 
43.07072847008701 
43.07072847008701 
43.070728440134374 
43.07072847008701 
43.07072847008701 
43.07072847008701 
43.070728440134374 
43.07072847008701 
43.07072847008701 
43.070728440134374 
43.07072847008701 
43.07072847008701 
43.07072847008701 
43.07072847008701 
43.07072847008701 
43.07072844196467 
43.07072844196467 
43.07072847008701 
43.07072847008701 
43.070728440134374 
43.07072847008701 
43.07072847008701 
43.070728440134374 
43.07072847008701 
43.07072847008701 
43.07072847008701 
43.07072847008701 
43.07072847008701 
43.07072847008701 
43.07072844196467 
43.07072847008701 
43.07072847008701 
43.07072844196467 
43.07072847008701 
43.070728440134374 
43.07072844196467 
43.07072847008701 
43.07072844196467 
43.07072847008701 
43.07072847008701 
43.07072847008701 
43.07072847008701 
43.070728440134374 
43.07072846847036 
43.07072847008701 
43.07072847008701 
43.070728440134374 
43.070728440134374 
43.07072847008701 
43.070728393407514 
43.07072787215017 
43.070728440134374 
43.07072844196467 
43.07072847008701 
