34.44545081399465 
34.44548707031693 
34.44559593222956 
34.445588375173216 
34.445588375173216 
34.44551910031212 
34.44547051577252 
34.44559496185582 
34.44548647992117 
34.44480322981678 
34.445582649268935 
34.445411729636255 
34.44552658712507 
34.44558442946345 
34.44559860089272 
34.44559243877005 
34.44557544559412 
34.44558621119734 
34.44559702882448 
34.445600793707705 
34.44559967411581 
34.44557439960798 
34.44559593222956 
34.4455948087492 
34.44560002768422 
34.44559890877002 
34.4455985236305 
34.44560127442222 
34.44558189384177 
34.44558897946293 
34.44544633201121 
34.44560127442222 
34.44559862210438 
34.44558911481147 
34.44552373950023 
34.44559263016906 
34.445433111315396 
34.44560127442222 
34.44559013044916 
34.445270470681194 
34.44560127442222 
34.44559979854921 
34.44560127442222 
34.445587346708535 
34.44559625416634 
34.44544486849836 
34.44559073899283 
34.445576281186234 
34.44558189384177 
34.445599888945324 
34.44559955239552 
34.445588687430714 
34.44558545768356 
34.445580689819174 
34.44559593222956 
34.445491774727714 
34.445580689819174 
34.44558848357541 
34.445596497175835 
34.4454467530823 
34.44516867454441 
34.445411729636255 
34.445595250927 
34.44557837987627 
34.44558923825918 
34.4455985236305 
34.44558858334489 
34.44558150956098 
34.44558322402474 
34.44559967411581 
34.445590600561346 
34.445598590841854 
34.445576281186234 
34.44560127442222 
34.445589175487065 
34.43656889657112 
34.44559967411581 
34.44559013044916 
34.44558923825918 
34.445520986402386 
34.44551198894156 
34.44559243174057 
34.44547051577252 
34.44552097635098 
34.44558484654785 
34.44499795038633 
34.44541854789263 
34.445600018434966 
34.445591949974855 
34.44560127442222 
34.44559625416634 
34.44559247465737 
34.44559593222956 
34.445599888945324 
34.445599888945324 
34.44558113582438 
34.44559862210438 
34.44560126437137 
34.445598590841854 
34.44552076576461 
