35.25438067190024 
35.26775325051202 
34.680044148794096 
35.26770652695477 
35.26776648909255 
34.99568056440563 
35.26771159657202 
35.26776299931833 
35.26231260588804 
35.26253943040688 
35.251129957237026 
35.267754116056885 
35.267418857450984 
35.26775349258424 
35.251273205222795 
35.26776575503538 
35.267385910631155 
35.267766608017595 
35.262422991525966 
35.267672104404014 
35.26775483815763 
35.258940085567026 
35.26740574436755 
35.26769515783091 
35.26776778676998 
35.26763790728869 
35.26775912628821 
35.26765238053308 
35.26763682539246 
35.267594467919125 
35.2676905999791 
35.26763536094753 
35.25185934900231 
35.26239780290806 
35.26748575633549 
35.26775808797274 
35.2675365781295 
35.25638637725224 
35.26768517555063 
35.26758500248821 
35.267761662750424 
35.26736168866783 
35.262012451843496 
35.26758822303817 
35.267755289309115 
35.26762275763315 
35.2675836042623 
35.26230157887786 
35.26776911381125 
35.26777016327888 
35.26228746421405 
35.26769495631098 
35.267492536854675 
35.26777032258921 
35.26776861554752 
35.26776943602426 
35.26777067113278 
35.2675661657562 
35.26776981442131 
35.248916743827166 
35.26776418082882 
35.26758500248821 
35.26770302228257 
35.26753987876937 
34.6602705790136 
35.26751858705734 
35.26764248508301 
35.256956203894674 
35.26769733332351 
35.26730354564473 
35.25680606947347 
35.26743040819319 
35.26711383488643 
35.26776348014628 
35.25615807133828 
35.267707978702056 
35.26750332686427 
35.262215242101995 
35.26776857205798 
35.26775762566193 
35.267590007342456 
35.26254295727074 
35.235794859379745 
35.26745977896829 
35.267596148344545 
35.26776264697148 
35.26770602486785 
35.26771216945669 
35.0019982450156 
35.267399544891255 
35.26771396902317 
34.99862171389931 
35.262165230704205 
35.26771268538752 
35.26776877848504 
35.26151726023804 
35.25622673583514 
35.25708346385556 
35.25987659917827 
35.26758727989106 
