37.95651622020363 
37.95278177031149 
37.96010717149432 
37.959912585150754 
37.96010506381762 
37.960076317093254 
37.960106654914846 
37.9601071758594 
37.96010316953095 
37.96004515912379 
37.952818777173036 
37.960075119643264 
37.96010733165873 
37.95999693756929 
37.95274402366345 
37.95097480217487 
37.95630838319804 
37.95996514856149 
37.95997499401405 
37.96001866666754 
37.68873167501239 
37.960077562035714 
37.952781575583685 
37.960069352154385 
37.95435185056309 
37.96007106479865 
37.6907562676108 
37.96010577985881 
37.96010658672462 
37.956276440034806 
37.956232337736466 
37.96007855991626 
37.95638694786563 
37.95984205739847 
37.954562818821444 
37.95047314074926 
37.95274205135918 
37.95651132366057 
37.95274643962471 
37.95988383273981 
37.94178286298131 
37.9490501084914 
37.959931328597015 
37.95645079478866 
37.9490501084914 
37.96010683260979 
37.960079427839446 
37.95979107355436 
37.96004665828742 
37.95998094042161 
37.96002016990568 
37.960102869391754 
37.95645452946283 
37.96006316099564 
37.69502590292025 
37.952709977232324 
37.96010292287358 
37.96003386155224 
37.96007161889154 
37.95986931960627 
37.960020299732804 
37.960107141926166 
37.95260147482515 
37.68441483228946 
37.9601070277974 
37.96010468742738 
37.96000272012743 
37.693035905114186 
37.952887149912286 
37.96002306557117 
37.32080471491666 
37.96010429556769 
37.960101199804924 
37.69294837865977 
37.69522577708361 
37.96010715938109 
37.960048220176475 
37.96004957524039 
37.9600477772727 
37.956398727826944 
37.960012125581706 
37.96010127738928 
37.96007661938009 
37.95997045940152 
37.960016903773 
37.960076317093254 
37.96010363156154 
37.956512311510416 
37.95984910929486 
37.96010354443239 
37.96009873167734 
37.96005198661214 
37.96002024106239 
37.96010577985881 
37.96006665298893 
37.956445961561855 
37.959982917235045 
37.95996796803019 
37.9601065866275 
37.96004572437992 
