36.98795302139318 
36.98794976949503 
36.987952199234186 
36.987952199234186 
36.98795302139318 
36.987952174137114 
36.98795302139318 
36.987952199234186 
36.98795302139318 
36.98795302139318 
36.98795302139318 
36.98795302139318 
36.987952199234186 
36.98795302139318 
36.987952174137114 
36.98795302139318 
36.98795302139318 
36.98795302139318 
36.98795302139318 
36.987952174137114 
36.98795302139318 
36.987952199234186 
36.98795302139318 
36.98795302139318 
36.98795302139318 
36.98795302139318 
36.98795302139318 
36.987952199234186 
36.987952199234186 
36.987952199234186 
36.987952174137114 
36.987952199234186 
36.98795302139318 
36.98795302139318 
36.98795302139318 
36.98795302139318 
36.98795302139318 
36.98795302139318 
36.987952174137114 
36.98795302139318 
36.98795302139318 
36.987952174137114 
36.98795302139318 
36.98795302139318 
36.98795302139318 
36.98795132869059 
36.98795302139318 
36.98795302139318 
36.987952199234186 
36.98795302139318 
36.98795302139318 
36.98795302139318 
36.987952199234186 
36.98795302139318 
36.98795302139318 
36.987952199234186 
36.98795302139318 
36.98795302139318 
36.98795302139318 
36.98795302139318 
36.98795302139318 
36.987952174137114 
36.987952174137114 
36.98795302139318 
36.98795302139318 
36.987952199234186 
36.98795302139318 
36.98795302139318 
36.987952199234186 
36.98795302139318 
36.98795302139318 
36.98795302139318 
36.98795302139318 
36.98795302139318 
36.98795302139318 
36.987952174137114 
36.98795302139318 
36.98795302139318 
36.987952174137114 
36.98795302139318 
36.987952199234186 
36.987952174137114 
36.98795302139318 
36.987952174137114 
36.98795302139318 
36.98795302139318 
36.98795302139318 
36.98795302139318 
36.987952199234186 
36.987952994433165 
36.98795302139318 
36.98795302139318 
36.987952199234186 
36.987952199234186 
36.98795302139318 
36.98795132869059 
36.987945356154405 
36.987952199234186 
36.987952174137114 
36.98795302139318 
