34.4450868996181 
34.44559898140759 
34.445600793707705 
34.44559452300768 
34.44559967411581 
34.44559243174057 
34.44558897946293 
34.44558923825918 
34.44547051577252 
34.44560002768422 
34.44560012788453 
34.445597311359094 
34.44558911481147 
34.4338341655662 
34.44558897946293 
34.43972426788528 
34.445017934705604 
34.44559858005104 
34.44559550367926 
34.445592762187495 
34.44557417645019 
34.445580689819174 
34.44550971274305 
34.445576281186234 
34.44560127442222 
34.44549398836326 
34.44559699959676 
34.445599606411214 
34.445600580974826 
34.44558995946 
34.4455948087492 
34.44558556941575 
34.44559722367595 
34.44558897946293 
34.44558897946293 
34.44522884050696 
34.44547051577252 
34.44560127442222 
34.44547051577252 
34.44560126437137 
34.445375465808425 
34.43972920967874 
34.439513559234165 
34.445598590841854 
34.44557837987627 
34.44559860693558 
34.44551274952356 
34.44551769551674 
34.445519251823484 
34.44547662223734 
34.445598034775706 
34.44560126437137 
34.44559967411581 
34.445523807516714 
34.44560126437137 
34.445383501745304 
34.445514226595606 
34.44560126437137 
34.44560126437137 
34.44560126437137 
34.44560126437137 
34.4453405947521 
34.445411729636255 
34.445588969412 
34.44559894940513 
34.44552373425871 
34.445599606411214 
34.44558988071742 
34.44560127442222 
34.44548797767839 
34.44559247465737 
34.44560061587536 
34.44559247465737 
34.44560127442222 
34.43935639027076 
34.44552373950023 
34.445383501745304 
34.44559593222956 
34.445600580974826 
34.44559495618292 
34.44559967411581 
34.44559593222956 
34.445599888945324 
34.44559279234023 
34.17939894332094 
34.44560012788453 
34.445514226595606 
34.445588112553764 
34.44558113582438 
34.44560002768422 
34.44559370913115 
34.445599606411214 
34.43951719376604 
34.44559553562013 
34.445151954865516 
34.43920925337425 
34.44558397402491 
34.445584901550696 
34.44559584041498 
34.445598590841854 
