43.070728470128245 
43.07072821185541 
43.070728441797414 
43.070728441797414 
43.070728470128245 
43.07072844093989 
43.070728470128245 
43.070728441797414 
43.070728470128245 
43.070728470128245 
43.070728470128245 
43.070728470128245 
43.070728441797414 
43.070728470128245 
43.07072844093989 
43.070728470128245 
43.070728470128245 
43.070728470128245 
43.070728470128245 
43.07072844093989 
43.070728470128245 
43.070728441797414 
43.070728470128245 
43.070728470128245 
43.070728470128245 
43.070728470128245 
43.070728470128245 
43.070728441797414 
43.070728441797414 
43.070728441797414 
43.07072844093989 
43.070728441797414 
43.070728470128245 
43.070728470128245 
43.070728470128245 
43.070728470128245 
43.070728470128245 
43.070728470128245 
43.07072844093989 
43.070728470128245 
43.070728470128245 
43.07072844093989 
43.070728470128245 
43.070728470128245 
43.070728470128245 
43.07072837192155 
43.070728470128245 
43.070728470128245 
43.070728441797414 
43.070728470128245 
43.070728470128245 
43.070728470128245 
43.070728441797414 
43.070728470128245 
43.070728470128245 
43.070728441797414 
43.070728470128245 
43.070728470128245 
43.070728470128245 
43.070728470128245 
43.070728470128245 
43.07072844093989 
43.07072844093989 
43.070728470128245 
43.070728470128245 
43.070728441797414 
43.070728470128245 
43.070728470128245 
43.070728441797414 
43.070728470128245 
43.070728470128245 
43.070728470128245 
43.070728470128245 
43.070728470128245 
43.070728470128245 
43.07072844093989 
43.070728470128245 
43.070728470128245 
43.07072844093989 
43.070728470128245 
43.070728441797414 
43.07072844093989 
43.070728470128245 
43.07072844093989 
43.070728470128245 
43.070728470128245 
43.070728470128245 
43.070728470128245 
43.070728441797414 
43.070728469194506 
43.070728470128245 
43.070728470128245 
43.070728441797414 
43.070728441797414 
43.070728470128245 
43.07072837192155 
43.070727860388025 
43.070728441797414 
43.07072844093989 
43.070728470128245 
