37.96010236330531 
37.95103146715789 
37.959585404376 
37.95991685553436 
37.96007493185434 
37.96003275274908 
37.96010730927219 
37.95651756561808 
37.96005097307061 
37.96007623957231 
37.95984556220968 
37.95647301173112 
37.96007352384392 
37.96009785928196 
37.96009976445328 
37.96010692360742 
37.95993106779352 
37.96004446755523 
37.95639246457713 
37.95971909459436 
37.96002073980134 
37.96007643615077 
37.95996160137308 
37.96007486804397 
37.959910484831035 
37.96008037375226 
37.956416784181656 
37.96010033665383 
37.960017536171634 
37.960105651453034 
37.95999645326197 
37.96010283625698 
37.956219162682345 
37.69295543605743 
37.960106788834885 
37.956398501367524 
37.96007643615077 
37.96010236330531 
37.95103146715789 
37.95602142175488 
37.949024907173964 
37.9598188697712 
37.9601061349737 
37.96004776466794 
37.960105244836484 
37.96010259368406 
37.96009422687646 
37.95649879992344 
37.95635392507497 
37.95998257467895 
37.96010459098 
37.95645543650923 
37.95977722663423 
37.95449468290395 
37.95617175876069 
37.960107070250366 
37.9599901251453 
37.96010433253875 
37.960076981570616 
37.952775586629414 
37.96010710946055 
37.95263520577317 
37.95267437053086 
37.96010664378362 
37.952591836084174 
37.9598188697712 
37.9601061349737 
37.96004776466794 
37.96007890148373 
37.95996205925076 
37.96008042983567 
37.95633567898641 
37.95999495040382 
37.95632859071766 
37.96001909115839 
37.96010033665383 
37.96000396298038 
37.96010596676963 
37.960013124759406 
37.95987544663366 
37.96010047573271 
37.959912210080965 
37.95975372236634 
37.95639244271169 
37.960102990848156 
37.96010727388214 
37.96005022132479 
37.96003903214802 
37.96000953023641 
37.68843916751256 
37.96010666917016 
37.96002430391716 
37.96010514220571 
37.960023286298416 
37.96010515659593 
37.960104619064396 
37.96010708594631 
37.956201543568845 
37.96010382092227 
37.96010421047814 
