43.07072847008701 
43.07072847008701 
43.07072844196467 
43.070728440134374 
43.07072847008701 
43.07072847008701 
43.07072847008701 
43.07072847008701 
43.070728440134374 
43.07072847008701 
43.070728440134374 
43.07072847008701 
43.07072847008701 
43.07072847008701 
43.07072847008701 
43.07072847008701 
43.070726134685245 
43.07072847008701 
43.07072844196467 
43.07072847008701 
43.07072844196467 
43.07072847008701 
43.07072847008701 
43.07072847008701 
43.07072847008701 
43.07072847008701 
43.07072847008701 
43.07072847008701 
43.07072847008701 
43.07072847008701 
43.07072847008701 
43.070728440134374 
43.070728440134374 
43.07072844196467 
43.07072847008701 
43.07072847008701 
43.07072847008701 
43.07072847008701 
43.07072847008701 
43.07071559427575 
43.07072847008701 
43.07072847008701 
43.07072847008701 
43.0707214463599 
43.07072847008701 
43.07072844196467 
43.07072847008701 
43.07072847008701 
43.07072847008701 
43.07072847008701 
43.07072847008701 
43.07072846923433 
43.070727894295494 
43.07072844196467 
43.07072847008701 
43.070727700018246 
43.070728469916794 
43.07072847008701 
43.06892766854408 
43.0707055361325 
43.07071504512386 
42.483558092674954 
43.07070500804535 
43.07070882027177 
43.07070242576005 
43.070701739680075 
43.07072847008701 
43.07072847008701 
43.07072160517228 
43.07072847008701 
43.07072847008701 
43.07072847008701 
43.07072847008701 
43.07072847008701 
43.07072847008701 
43.07072847008701 
43.0707277522396 
43.07072847008701 
43.07072847008701 
43.0707277522396 
43.07072844196467 
43.0707277522396 
43.07072823521775 
43.07070914407427 
43.07072847008701 
43.07072844196467 
43.07072847008701 
43.07072847008701 
43.07072847008701 
43.070721997337614 
43.07072847008701 
43.07072847008701 
43.07072847008701 
43.07072847008701 
43.07072844196467 
43.07072847008701 
43.07072847008701 
43.07072847008701 
43.07072847008701 
43.07072847008701 
