37.90272850223749 
37.90640432666913 
37.90633033719315 
37.90638037569311 
37.90638019956135 
37.898906637061934 
37.9064079456669 
37.90640480842762 
37.89897643962948 
37.90640610986467 
37.63492053426961 
37.90637680114927 
37.639133586427334 
37.90640435649623 
37.8970741381984 
37.90640734841512 
37.90083824365201 
37.906407830783024 
37.90635201373228 
37.90640371171336 
37.90637819537632 
37.902496623103275 
37.90623645586487 
37.90637819537632 
37.90640822864836 
37.89176308770867 
37.90640441643603 
37.90638008861792 
37.90640095140951 
37.906366827720326 
37.902758416193805 
37.9063200491537 
37.89720593596806 
37.902722734234324 
37.90634371292312 
37.90637763734292 
37.90620212994533 
37.634686281618905 
37.90639869271398 
37.64155959668805 
37.90640741695682 
37.906289695689495 
37.90273041380571 
37.906324259751884 
37.9064052975279 
37.90637281351649 
37.90640161866758 
37.90617374646672 
37.906408272436835 
37.90640828956805 
37.89893661941892 
37.90640055728876 
37.90627806184842 
37.90640832219519 
37.90640810972671 
37.90640822448736 
37.906408419634204 
37.90634229323637 
37.906408230311634 
37.63271047790579 
37.906407606201086 
37.64155959668805 
37.90635181032269 
37.90632368865384 
37.31123594513025 
37.90614685793313 
37.90637770823819 
37.90627761177039 
37.906403719480956 
37.90622632476728 
37.90263097900533 
37.8972208553221 
37.89892580942734 
37.90640649710676 
37.623928400727124 
37.90633972521568 
37.90626828546223 
37.89889348511108 
37.90640824421709 
37.90640341344785 
37.906403857723944 
37.90640827914596 
37.89890953497059 
37.90243481472212 
37.90637993766541 
37.906407716335956 
37.90640513915206 
37.90640822880516 
36.90454009501808 
37.90623647330618 
37.90638147273313 
37.89721134253477 
37.902694051718704 
37.906408111076374 
37.90640812604588 
37.63032066421278 
37.63492053426961 
37.9062550305436 
37.90637424157379 
37.906350960527284 
