36.98795301623828 
36.98794859279887 
36.98795208978513 
36.98795208978513 
36.98795301623828 
36.98795208962636 
36.98795301623828 
36.98795208978513 
36.98795301623828 
36.98795240823528 
36.98795301623828 
36.98795301623828 
36.98795208978513 
36.98795301623828 
36.98795208962636 
36.98795301623828 
36.98795301623828 
36.98795301623828 
36.98795301623828 
36.98795208962636 
36.98795301623828 
36.98795208978513 
36.98795301623828 
36.98795301623828 
36.98795301623828 
36.98795301623828 
36.98795301623828 
36.98795208978513 
36.98795208978513 
36.98795208978513 
36.98795208962636 
36.98795208978513 
36.98795301623828 
36.98795301623828 
36.98795301623828 
36.98795301623828 
36.98795301623828 
36.98795301623828 
36.98795208962636 
36.98795301623828 
36.98795301623828 
36.98795208962636 
36.98795301623828 
36.98795301623828 
36.98795301623828 
36.98795033741365 
36.98795301623828 
36.98795301623828 
36.98795208978513 
36.98795301623828 
36.98795301623828 
36.98795301623828 
36.98795208978513 
36.98795301623828 
36.98795301623828 
36.98795208978513 
36.98795301623828 
36.98795301623828 
36.98795301623828 
36.98795301623828 
36.98795301623828 
36.98795208962636 
36.98795208962636 
36.98795301623828 
36.98795301623828 
36.98795208978513 
36.98795301623828 
36.98795301623828 
36.98795208978513 
36.98795301623828 
36.98795301623828 
36.98795301623828 
36.98795301623828 
36.98795301623828 
36.98795301623828 
36.98795208962636 
36.98795301623828 
36.98795301623828 
36.98795208962636 
36.98795301623828 
36.98795208978513 
36.98795208962636 
36.98795301623828 
36.98795208962636 
36.98795301623828 
36.98795301623828 
36.98795301623828 
36.98795301623828 
36.98795208978513 
36.98795297560243 
36.98795301623828 
36.98795301623828 
36.98795208978513 
36.98795208978513 
36.98795301623828 
36.98795033741365 
36.987908343212716 
36.98795208978513 
36.98795208962636 
36.98795301623828 
