36.98795301623828 
36.98795301623828 
36.98795208962636 
36.98795208978513 
36.98795301623828 
36.98795301623828 
36.98795301623828 
36.98795301623828 
36.98795208978513 
36.98795301623828 
36.98795208978513 
36.98795301623828 
36.98795301623828 
36.98795301623828 
36.98795301623828 
36.98795301623828 
36.98792156108248 
36.98795301623828 
36.98795208962636 
36.98795301623828 
36.98795208962636 
36.98795301623828 
36.98795301623828 
36.98795301623828 
36.98795301623828 
36.98795301623828 
36.98795301623828 
36.98795301623828 
36.98795301623828 
36.98795301623828 
36.98795301623828 
36.98795208978513 
36.98795208978513 
36.98795208962636 
36.98795301623828 
36.98795301623828 
36.98795301623828 
36.98795301623828 
36.98795301623828 
36.987916983435646 
36.98795301623828 
36.98795301623828 
36.98795301623828 
36.987944940616465 
36.98795301623828 
36.98795208962636 
36.98795301623828 
36.98795301623828 
36.98795301623828 
36.98795301623828 
36.98795301623828 
36.987952679465614 
36.98794294555214 
36.98795208962636 
36.98795301623828 
36.98794224490421 
36.987953007600915 
36.98795301623828 
36.98355486502334 
36.98787490867083 
36.98790616599798 
36.98784027874305 
36.98762515079974 
36.9878423663424 
36.98777291440737 
36.98372344289383 
36.98795301623828 
36.98795301623828 
36.98794606031506 
36.98795301623828 
36.98795301623828 
36.98795301623828 
36.98795301623828 
36.98795301623828 
36.98795301623828 
36.98795301623828 
36.98794422712981 
36.98795301623828 
36.98795301623828 
36.98794422712981 
36.98795208962636 
36.98794422712981 
36.98795034991457 
36.987673570001064 
36.98795301623828 
36.987951505079366 
36.98795301623828 
36.98795301623828 
36.98795301623828 
36.987917923227606 
36.98795301623828 
36.98795301623828 
36.98795301623828 
36.98795301623828 
36.98795208962636 
36.98795301623828 
36.98795301623828 
36.98795301623828 
36.98795301623828 
36.98795301623828 
