36.98795302139318 
36.98795302139318 
36.98795302139318 
36.987952174137114 
36.987913364209945 
36.98795300935802 
36.987952199234186 
36.98795302139318 
36.98795302139318 
36.98795302139318 
36.98795302139318 
36.987952174137114 
36.98795302139318 
36.987952174137114 
36.987952174137114 
36.98795302139318 
36.98795302139318 
36.98795302139318 
36.98795302139318 
36.98795302139318 
36.98795302139318 
36.98795302139318 
36.98795302139318 
36.98795302139318 
36.98791823302655 
36.98795302139318 
36.98795302139318 
36.98795302139318 
36.987952174137114 
36.98795302139318 
36.98795302139318 
36.98795302139318 
36.98795302139318 
36.98795302139318 
36.98795302139318 
36.98795302139318 
36.98795302139318 
36.98795302139318 
36.98795302139318 
36.98795302139318 
36.98795302139318 
36.98795302139318 
36.98795302139318 
36.98795302139318 
36.987828946254666 
36.98795302139318 
36.98795302139318 
36.987952199234186 
36.98795302139318 
36.98795302139318 
36.98795302139318 
36.98795302139318 
36.98795302139318 
36.987952199234186 
36.98795302139318 
36.987952174137114 
36.987952174137114 
36.98795302139318 
36.98794535863131 
36.98795302139318 
36.987952199234186 
36.987952174137114 
36.98795302139318 
36.987952174137114 
36.987952199234186 
36.98795302139318 
36.98795302139318 
36.98795302139318 
36.987952174137114 
36.98795302139318 
36.98795302139318 
36.98795302139318 
36.98795302139318 
36.98795302139318 
36.98795302139318 
36.98795302139318 
36.98795302139318 
36.98795302139318 
36.98795302139318 
36.98795302139318 
36.98795302139318 
36.9837870408607 
36.98795302139318 
36.98795302139318 
36.98795302139318 
36.98795302139318 
36.987952199234186 
36.98795302139318 
36.98795302139318 
36.987952174137114 
36.98795302139318 
36.98795302139318 
36.98795302139318 
36.98795302139318 
36.98795302139318 
36.98795302139318 
36.98795302139318 
36.98795302139318 
36.987952199234186 
36.98795302139318 
