35.262536119742066 
35.25699696085696 
35.26777001655853 
35.26735026076524 
35.267763627843806 
35.26770033965247 
35.26776799441779 
35.26777003598407 
35.267757379196084 
35.26763025712543 
35.25707265581873 
35.26769650778346 
35.26777072661935 
35.26753269580611 
35.256919473687 
35.25435242792722 
35.26208841624382 
35.26746062177125 
35.26747817059538 
35.26757427636182 
34.992519894906096 
35.267704112290346 
35.25699636623856 
35.26767899886415 
35.25913239000341 
35.26768430783689 
34.99539072831322 
35.26776559310889 
35.26776823038434 
35.26201587957379 
35.261930849891755 
35.26770719324157 
35.26225352250071 
35.267197100656674 
35.25957674345238 
35.253294638983405 
35.256913012636176 
35.262520856703716 
35.256927100285075 
35.267287349811326 
35.24081748270429 
35.25146260069995 
35.26739503344351 
35.262385570288146 
35.25146260069995 
35.26776878263521 
35.267710100674414 
35.26709132314341 
35.267634754548936 
35.26749620465773 
35.26757879133004 
35.26775645136533 
35.26239729305428 
35.26767281552448 
35.001574353664196 
35.256840123985235 
35.26775641914025 
35.2676085562191 
35.26768636301912 
35.267255419756985 
35.26757950162451 
35.26776988549717 
35.25660864131566 
34.98622440565264 
35.267769379247255 
35.2677622276636 
35.26753773973403 
34.99878853393684 
35.25721903419867 
35.26758773343188 
34.602687204989515 
35.267761027772124 
35.267751332835516 
34.99861150566176 
35.00200515289754 
35.267769963164454 
35.267639529974566 
35.26764405984089 
35.26763837221886 
35.262276644086064 
35.267566675844485 
35.26775127330262 
35.267701276970975 
35.26747704815068 
35.26756887842345 
35.26770033965247 
35.26775848628671 
35.262523894315294 
35.267218830744525 
35.26775890744407 
35.26774361470762 
35.267650987743714 
35.26757910626078 
35.26776559310889 
35.26768332698038 
35.262383840270424 
35.26750268507496 
35.26746935994957 
35.267768229756584 
35.26763209149833 
