36.98795302139318 
36.98795302139318 
36.987952174137114 
36.987952199234186 
36.98795302139318 
36.98795302139318 
36.98795302139318 
36.98795302139318 
36.987952199234186 
36.98795302139318 
36.987952199234186 
36.98795302139318 
36.98795302139318 
36.98795302139318 
36.98795302139318 
36.98795302139318 
36.98175889525408 
36.98795302139318 
36.987952174137114 
36.98795302139318 
36.987952174137114 
36.98795302139318 
36.98795302139318 
36.98795302139318 
36.98795302139318 
36.98795302139318 
36.98795302139318 
36.98795302139318 
36.98795302139318 
36.98795302139318 
36.98795302139318 
36.987952199234186 
36.987952199234186 
36.987952174137114 
36.98795302139318 
36.98795302139318 
36.98795302139318 
36.98795302139318 
36.98795302139318 
36.987951785582354 
36.98795302139318 
36.98795302139318 
36.98795302139318 
36.98794660995475 
36.98795302139318 
36.987952174137114 
36.98795302139318 
36.98795302139318 
36.98795302139318 
36.98795302139318 
36.98795302139318 
36.98795242941589 
36.98794404307655 
36.987952174137114 
36.98795302139318 
36.98794674434261 
36.98795302139318 
36.98795302139318 
36.98773132361165 
36.98787471152495 
36.98784149742626 
36.722853659053925 
36.98775059949021 
36.987739671636156 
36.98784579106287 
36.98164982676979 
36.98795302139318 
36.98795302139318 
36.98794590306341 
36.98795302139318 
36.98795302139318 
36.98795302139318 
36.98795302139318 
36.98795302139318 
36.98795302139318 
36.98795302139318 
36.98794363712832 
36.98795302139318 
36.98795302139318 
36.98794363712832 
36.987952174137114 
36.98794363712832 
36.98795302139318 
36.987951881863665 
36.98795302139318 
36.987952174137114 
36.98795302139318 
36.98795302139318 
36.98795302139318 
36.98791823302655 
36.98795302139318 
36.98795302139318 
36.98795302139318 
36.98795302139318 
36.987952174137114 
36.98795302139318 
36.98795302139318 
36.98795302139318 
36.98795302139318 
36.98795302139318 
