37.96010550086032 
37.69517982321788 
37.960107187427674 
37.9598750412312 
37.960104490529034 
37.960104396277664 
37.96010682405769 
37.96010692579266 
37.960098859020775 
37.956454714515885 
37.95635162104786 
37.96003533644598 
37.9601073194376 
37.95998263646446 
37.960062891480156 
37.95284422864969 
37.3567963032154 
37.95994899342636 
37.96000258114704 
37.960072696083344 
37.69279611455709 
37.96006294017737 
37.95637906891539 
37.960070298651154 
37.956293819558425 
37.96007484489072 
37.95278303407025 
37.96010618261731 
37.960106016139854 
37.95628205570075 
37.94919855676193 
37.960105280588095 
37.96004184338929 
37.9598138817947 
37.95636099431785 
37.95638030232746 
37.9599963735945 
37.95648504176082 
37.95989451746824 
37.95624137735459 
37.94550401518383 
37.95624054289114 
37.960077078483884 
37.960041813598565 
37.95624054289114 
37.96000053448713 
37.96010618261731 
37.9598420438421 
37.96007390512007 
37.96009901702245 
37.69064090032943 
37.960104396277664 
37.94390590984426 
37.96000979490006 
37.95625416497416 
37.95623847479755 
37.960102990848156 
37.96010562163125 
37.96005932645604 
37.95998538312713 
37.96007400023675 
37.96010710946055 
37.95269193097468 
37.93467928740579 
37.96010683046232 
37.96010487913509 
37.960043016963105 
37.95995137502255 
37.96007373877917 
37.96000926811963 
37.948879314600475 
37.96010555940317 
37.960104136643935 
37.95989451099251 
37.95998044570519 
37.960107180327 
37.96007627469873 
37.95999713187603 
37.95996707673928 
37.956395858525184 
37.95992932115896 
37.960072678870816 
37.960098859020775 
37.96000987853286 
37.96006974273397 
37.960104396277664 
37.96010310520925 
37.95283674890053 
37.95629933200599 
37.960103804821614 
37.96007292973128 
37.96005257447961 
37.96009890718261 
37.96010598595657 
37.960106628848465 
37.960007772462326 
37.959941080029125 
37.96002070692908 
37.960080449454615 
37.96004312523699 
