43.2784373148184 
43.27844038513984 
43.27844955144847 
43.27844936609513 
43.27844936609513 
43.27844334053899 
43.27843996582315 
43.2784495214684 
43.27844252827332 
43.27838243474923 
43.278449232307835 
43.27843418543905 
43.27844352536153 
43.278449283546806 
43.27844964715395 
43.27844947226001 
43.278449064763706 
43.278449312023156 
43.27844957481636 
43.27844966361498 
43.27844965518562 
43.27844902667934 
43.27844955144847 
43.278449527887076 
43.27844965784472 
43.278449649416835 
43.27844960874519 
43.27844966725259 
43.278449226614654 
43.27844940092349 
43.2784372055294 
43.27844966725259 
43.27844964730811 
43.278449386796474 
43.27844345100698 
43.27844948123718 
43.278436871751786 
43.27844966725259 
43.278449394432734 
43.27842205346742 
43.27844966725259 
43.27844965613126 
43.27844966725259 
43.27844935835001 
43.278449569000244 
43.27843717939252 
43.27844943677837 
43.278449093721605 
43.278449226614654 
43.278449656813876 
43.27844965427283 
43.27844936088659 
43.27844932904634 
43.278449164637316 
43.27844955144847 
43.2784404885389 
43.278449164637316 
43.27844939714498 
43.27844954816652 
43.27843724649538 
43.278413076400106 
43.27843418543905 
43.27844954632148 
43.278449124615285 
43.278449417960054 
43.27844960874519 
43.27844942058724 
43.278449223753654 
43.27844928200657 
43.27844965518562 
43.27844941308986 
43.278449647078084 
43.278449093721605 
43.27844966725259 
43.278449379690706 
43.27586329754722 
43.27844965518562 
43.278449394432734 
43.278449417960054 
43.278443400110206 
43.278443158504274 
43.27844944955933 
43.27843996582315 
43.27844340003434 
43.27844928661429 
43.278400201280824 
43.278436527925706 
43.27844964267402 
43.27844946101603 
43.27844966725259 
43.278449569000244 
43.278449457403575 
43.27844955144847 
43.278449656813876 
43.278449656813876 
43.278449168037326 
43.27844964730811 
43.27844966717672 
43.278449647078084 
43.27844337573005 
