36.98795301859874 
36.987949169778744 
36.98795214926233 
36.98795214926233 
36.98795301859874 
36.987952202314425 
36.98795301859874 
36.98795214926233 
36.98795301859874 
36.98791734357834 
36.98795301859874 
36.98795301859874 
36.98795214926233 
36.98795301859874 
36.987952202314425 
36.98795301859874 
36.98795301859874 
36.98795301859874 
36.98795301859874 
36.987952202314425 
36.98795301859874 
36.98795214926233 
36.98795301859874 
36.98795301859874 
36.98795301859874 
36.98795301859874 
36.98795301859874 
36.98795214926233 
36.98795214926233 
36.98795214926233 
36.987952202314425 
36.98795214926233 
36.98795301859874 
36.98795301859874 
36.98795301859874 
36.98795301859874 
36.98795301859874 
36.98795301859874 
36.987952202314425 
36.98795301859874 
36.98795301859874 
36.987952202314425 
36.98795301859874 
36.98795301859874 
36.98795301859874 
36.98795156471536 
36.98795301859874 
36.98795301859874 
36.98795214926233 
36.98795301859874 
36.98795301859874 
36.98795301859874 
36.98795214926233 
36.98795301859874 
36.98795301859874 
36.98795214926233 
36.98795301859874 
36.98795301859874 
36.98795301859874 
36.98795301859874 
36.98795301859874 
36.987952202314425 
36.987952202314425 
36.98795301859874 
36.98795301859874 
36.98795214926233 
36.98795301859874 
36.98795301859874 
36.98795214926233 
36.98795301859874 
36.98795301859874 
36.98795301859874 
36.98795301859874 
36.98795301859874 
36.98795301859874 
36.987952202314425 
36.98795301859874 
36.98795301859874 
36.987952202314425 
36.98795301859874 
36.98795214926233 
36.987952202314425 
36.98795301859874 
36.987952202314425 
36.98795301859874 
36.98795301859874 
36.98795301859874 
36.98795301859874 
36.98795214926233 
36.98795297177066 
36.98795301859874 
36.98795301859874 
36.98795214926233 
36.98795214926233 
36.98795301859874 
36.98795156471536 
36.987945502789294 
36.98795214926233 
36.987952202314425 
36.98795301859874 
