37.95098872027975 
37.96010212801647 
37.695209048597626 
37.96010584666779 
37.960105747355385 
37.95278266925758 
37.96010652820878 
37.96010348787506 
37.95270435541662 
37.96010515370386 
37.959740595098864 
37.96010322944979 
37.949324505637186 
37.96010259368406 
37.95614230633752 
37.96005349480673 
37.95997794618677 
37.960105592505506 
37.95641093430615 
37.960076441379265 
37.96010433253875 
37.95976118107356 
37.95645455749396 
37.96010433253875 
37.96010710946055 
37.956510161955606 
37.96010353256193 
37.960026069462856 
37.96000718395606 
37.96010488577175 
37.695243506985406 
37.96007400963079 
37.95284422864969 
37.96007753866128 
37.959978127977045 
37.95648574006289 
37.960023896586996 
37.959708596327744 
37.96010039336236 
37.370630548680325 
37.96010534828199 
37.3731770241968 
37.36789264967625 
37.95998360850935 
37.96010419401059 
37.96009689880146 
37.96004777659821 
37.95649844144209 
37.96010671169867 
37.96010717887017 
37.95639837946902 
37.96007340902184 
37.95645597280024 
37.960107250146685 
37.96010684428598 
37.960107129246396 
37.96010731867141 
37.959989939325666 
37.96010717096554 
37.68849469057513 
37.96010621141391 
37.370630548680325 
37.9600777584737 
37.960051110508516 
37.956395748668115 
37.96007325828007 
37.96004998300576 
37.9599371159564 
37.96007743370836 
37.95634077490163 
37.956265112695775 
37.9564014696908 
37.95641223390848 
37.96010525410622 
37.93263431135562 
37.96010525410622 
37.96004888027455 
37.959888601663984 
37.960106839640325 
37.960102514842596 
37.96010439193956 
37.960106913339494 
37.94005729424732 
37.95641946478155 
37.96007830463226 
37.96010684926077 
37.96010408807761 
37.960107074097465 
36.95819803679396 
37.959910484831035 
37.96008037375226 
37.956416784181656 
37.9599180888126 
37.96010683046232 
37.96010704886202 
37.94891291732121 
37.959740595098864 
37.95998203669164 
37.95291614951844 
37.96007643615077 
