35.26776475651752 
35.001909648284524 
35.267770084390975 
35.26727299406807 
35.26776188951088 
35.26776106791383 
35.26776847248892 
35.26776919304797 
35.26774417708193 
35.262397976009765 
35.2621831336318 
35.267612537848436 
35.26777066959827 
35.267501435609866 
35.26767202118591 
35.257125448865665 
34.65580013553032 
35.26742369435865 
35.267537389250606 
35.267689253508735 
34.99828057939528 
35.267671968276495 
35.262241777070656 
35.26768184877119 
35.26205616829241 
35.26769582461122 
35.257000959196375 
35.267766838543814 
35.267766503670465 
35.26203298235351 
35.25177826987197 
35.267763779517125 
35.26762012173107 
35.26713593708099 
35.26219881038843 
35.262245499592915 
35.26753086531816 
35.26246562673237 
35.26732034350145 
35.26194625909873 
35.24632831005446 
35.261943767157256 
35.267702772354575 
35.26761958637446 
35.261943767157256 
35.26754407301207 
35.267766838543814 
35.26719703646064 
35.26769300207549 
35.26774433998733 
34.99514314871443 
35.26776106791383 
35.24412987901936 
35.26755983299371 
35.2619726408141 
35.26193728801925 
35.26775658312542 
35.26776529251778 
35.26766132183003 
35.26749745252279 
35.267693558296266 
35.26776973863728 
35.256797452895746 
35.23051832629925 
35.26776877021959 
35.267762806178 
35.26762331000946 
35.267431163769714 
35.26769253332643 
35.267558034909214 
35.25110328155922 
35.26776488151103 
35.267760319868806 
35.26732031482502 
35.267495217429456 
35.26777005314271 
35.26770014911953 
35.26753382438146 
35.26746688450635 
35.262267814709915 
35.26738868175496 
35.267688907875176 
35.26774417708193 
35.26755993557689 
35.267680325254666 
35.26776106791383 
35.26775682136076 
35.25711498636832 
35.262073358863006 
35.26775965597809 
35.267689751555736 
35.26765278515431 
35.26774439024353 
35.267766235339266 
35.267767875736986 
35.26755355430312 
35.267412294645055 
35.267580497410435 
35.267713418530036 
35.26762405823017 
