37.95645541950773 
37.96010332749439 
37.960030484488556 
37.960079710096615 
37.960079536234716 
37.95266355294067 
37.96010686578764 
37.96010379803387 
37.9527323051727 
37.96010507002263 
37.68868361651882 
37.96007621351077 
37.69286610258144 
37.96010335500147 
37.950844935199534 
37.960106280969256 
37.95457995998474 
37.960106752824316 
37.96005177839149 
37.96010272765843 
37.9600775762967 
37.95622699561048 
37.95993798817378 
37.9600775762967 
37.960107141926166 
37.94557268295103 
37.9601034131883 
37.96007942781787 
37.960100026521246 
37.960066363045584 
37.95648486834147 
37.960020321403036 
37.95097480217487 
37.95644967995019 
37.960043660724814 
37.96007702954972 
37.959904126214525 
37.68845288921501 
37.96009782024959 
37.69527215076813 
37.96010634967209 
37.95999044351435 
37.956457289541994 
37.96002444047267 
37.96010427786453 
37.96007231448853 
37.96010068001829 
37.959876172184146 
37.960107184433085 
37.96010720106248 
37.952693067919725 
37.960099641777184 
37.95997896826233 
37.96010723273493 
37.96010702648626 
37.960107136444186 
37.960107327320635 
37.96004227322604 
37.96010714353946 
37.686490326100056 
37.960106533372425 
37.69527215076813 
37.96005157804875 
37.960023881041245 
37.36501302409716 
37.95984968230717 
37.96007709909029 
37.959978529923994 
37.960102733032514 
37.95992798176093 
37.95635936459756 
37.95098949043449 
37.95268250016173 
37.96010544809082 
37.67777463056259 
37.96003966040909 
37.9599693097924 
37.952650594903716 
37.96010715703938 
37.9601024337943 
37.960102869391754 
37.960107190945635 
37.95266638834757 
37.95616606170947 
37.96007928056239 
37.960106643173916 
37.96010412051631 
37.96010714207724 
36.958253447890364 
37.95993800510192 
37.96008077934523 
37.9509800901063 
37.95642143660337 
37.9601070277974 
37.96010704232789 
37.68412005483095 
37.68868361651882 
37.95995624938131 
37.96007371228053 
37.96005074591574 
