35.267766791706194 
35.267638598126744 
35.267770070615235 
35.26715446454731 
35.26776126907576 
35.267643402593315 
35.26776416541388 
35.267712418406504 
35.267749914542854 
35.25969676372837 
35.25690719839307 
35.26769157877291 
35.26777069680099 
35.2675020964103 
35.26739688276693 
34.995744409067115 
34.99504887302978 
35.26233502057701 
35.26205614462316 
35.26757690195343 
35.25418643839501 
35.26764253499397 
35.267638001286215 
35.26768358734007 
35.26219480920356 
35.26769109495644 
35.267637159144925 
35.26776590632484 
35.267767100143956 
35.25423034654579 
35.262316953879306 
35.26767737556 
35.267617517738444 
35.26179375678307 
35.25960888837684 
35.26226929620128 
35.26758174248196 
35.00211196598779 
35.267375192827096 
35.262196384632475 
35.24624224790379 
35.26157765910927 
35.26775750010979 
35.267726869977615 
35.26157765910927 
35.26765599732173 
35.26776590632484 
35.26728104202507 
35.262328101056355 
35.26768611661086 
35.26706643806017 
35.26775766256031 
35.257009535908715 
35.26764734736479 
35.267202070781515 
35.261960129502825 
35.26767270123043 
35.26776521052569 
35.26774248301803 
35.26222442182602 
35.26757978955805 
35.26776838352194 
35.26179235342342 
35.2304882813505 
35.26771268538752 
35.26776340983736 
35.26751318441088 
35.249240992314014 
35.25990202282256 
35.26758301489818 
34.99191785551651 
35.26775947312559 
35.26775492796246 
35.2673751350578 
35.25701814675756 
35.2677699773587 
35.26775652638279 
35.26249779850203 
35.26754429757437 
35.26760793076519 
35.26752894507876 
35.26774951587775 
35.26763624703681 
35.26763733294451 
35.26756986581059 
35.267643402593315 
35.262525739672675 
35.25719476779663 
35.26732909773973 
35.26775652638279 
35.26763453697644 
35.267591866914714 
35.26760485675224 
35.2677646518215 
35.267598258517744 
35.2676651836828 
35.26752966139731 
35.26232989121302 
35.2677682805002 
35.26765804675455 
