35.26776049068914 
35.25728436616091 
35.26184703994489 
35.267704065938965 
35.267759146934544 
35.26757217515261 
35.26777070736819 
35.26776758219116 
35.26764657550869 
35.267647336308386 
35.267430193380555 
35.267607812071226 
35.26768939357575 
35.26768759314156 
35.26768929745406 
35.26776995566626 
35.26759371047486 
35.267572190709124 
35.267663349805396 
35.266764480226456 
35.267528204691864 
35.26764763807506 
35.261996991871264 
35.26764636376265 
35.267402694761294 
35.26771461483394 
35.2543684897049 
35.26252603568708 
35.26734415307872 
35.26771068001188 
35.26238098631949 
35.26767717407247 
35.267326450625944 
35.26195666553847 
35.26776877635765 
35.267561742588384 
35.26764763807506 
35.26776049068914 
35.25728436616091 
35.26173240645759 
35.24099868726001 
35.26743299438417 
35.26771260304367 
35.267688948821075 
35.267615823456055 
35.267758336321734 
35.26772649125542 
35.26755761690221 
35.267337412713324 
35.25400451519407 
35.267768784657974 
35.26228639153106 
35.266868385572955 
35.26722658269623 
35.26722425333318 
35.26776883547132 
35.267402378815284 
35.26770444470193 
35.267612273604335 
35.262502820405366 
35.26776988549717 
35.262268213877434 
35.251420450317646 
35.26776956467927 
35.24624615381986 
35.26743299438417 
35.26771260304367 
35.267688948821075 
35.26776479481074 
35.26753915453793 
35.26754552924805 
35.267566775113565 
35.267690905119814 
35.26230948902957 
35.267382222279686 
35.26252603568708 
35.262051825467466 
35.2677593361693 
35.267627267322474 
35.26735571676844 
35.2677472112837 
35.26758071914179 
34.99245453123184 
35.256766643545255 
35.26775641914025 
35.267770540734105 
35.267756284066955 
34.68019201170033 
35.267475694225446 
34.9979932035236 
35.267625931605416 
35.267704438982115 
35.26776257450024 
35.26776126663448 
35.26770832070387 
35.26776117288912 
35.267769309357135 
35.267183695242196 
35.26770206599214 
35.267762966674894 
