35.26240029613073 
35.26775794466896 
35.26759734321101 
35.26771068001188 
35.267710446826044 
35.25674860520421 
35.26776892970444 
35.26775949345804 
35.256895994598715 
35.26776352147369 
34.992417733799954 
35.26770014911953 
34.998434560324995 
35.267758336321734 
35.25408057652628 
35.26776727797343 
35.25960402744212 
35.26776869757428 
35.267650333254664 
35.26775582234846 
35.26770444470193 
35.26191468961311 
35.26740261902774 
35.26770444470193 
35.26776988549717 
35.246475432684306 
35.26775859377322 
35.267710100534906 
35.26774787835385 
35.26768244454726 
35.262465401308155 
35.26757959775351 
35.25435242792722 
35.262395491394436 
35.26762549509745 
35.26770296142235 
35.26733671088156 
34.99192290070686 
35.26774064871575 
35.002101708164425 
35.26776717861352 
35.2675130408386 
35.26240589928499 
35.26759194766099 
35.267760680446855 
35.26768810238474 
35.26774970009166 
35.26727653236975 
35.26777007382376 
35.26777014761988 
35.25681405173727 
35.2677465750435 
35.267490551299936 
35.2677702878883 
35.26776937370208 
35.26777012983348 
35.26777070736819 
35.26762108955097 
35.267769892995354 
34.989200241625994 
35.26776799392953 
35.002101708164425 
35.26764998311249 
35.26759040877225 
34.667875929612336 
35.267220429549596 
35.2677031355279 
35.267488875146654 
35.26775624964471 
35.26738476296287 
35.26219413609481 
35.2543847518051 
35.256781022404056 
35.26776479481074 
34.97642810825856 
35.2676263396173 
35.267473563606266 
35.2567212388688 
35.26776995242286 
35.267755326172676 
35.26775645136533 
35.267770102735376 
35.25675701761441 
35.261791126528834 
35.26770958230129 
35.26776794196527 
35.26776065505748 
35.26776988647367 
34.26502375892949 
35.267402694761294 
35.26771461483394 
35.2543684897049 
35.26233385011996 
35.267769379247255 
35.2677694438712 
34.98559366445219 
34.992417733799954 
35.26744619557889 
35.267692149642656 
35.26764763807506 
