43.07072847005219 
43.07072847005219 
43.070728438133855 
43.0707284381362 
43.07072847005219 
43.07072847005219 
43.07072847005219 
43.07072847005219 
43.0707284381362 
43.07072847005219 
43.0707284381362 
43.07072847005219 
43.07072847005219 
43.07072847005219 
43.07072847005219 
43.07072847005219 
43.070726023712695 
43.07072847005219 
43.070728438133855 
43.07072847005219 
43.070728438133855 
43.07072847005219 
43.07072847005219 
43.07072847005219 
43.07072847005219 
43.07072847005219 
43.07072847005219 
43.07072847005219 
43.07072847005219 
43.07072847005219 
43.07072847005219 
43.0707284381362 
43.0707284381362 
43.070728438133855 
43.07072847005219 
43.07072847005219 
43.07072847005219 
43.07072847005219 
43.07072847005219 
43.07072194878837 
43.07072847005219 
43.07072847005219 
43.07072847005219 
43.07072785947085 
43.07072847005219 
43.070728438133855 
43.07072847005219 
43.07072847005219 
43.07072847005219 
43.07072847005219 
43.07072847005219 
43.07072844515518 
43.070727704326934 
43.070728438133855 
43.07072847005219 
43.07072764029533 
43.070728469754215 
43.07072847005219 
43.068914810713544 
43.07071497342032 
43.07072111745014 
43.07070854702912 
43.07066951612546 
43.07070872529397 
43.07069589245696 
43.06894650149781 
43.07072847005219 
43.07072847005219 
43.07072793791946 
43.07072847005219 
43.07072847005219 
43.07072847005219 
43.07072847005219 
43.07072847005219 
43.07072847005219 
43.07072847005219 
43.070727808308014 
43.07072847005219 
43.07072847005219 
43.070727808308014 
43.070728438133855 
43.070727808308014 
43.07072825854573 
43.07067701581377 
43.07072847005219 
43.070728391407 
43.07072847005219 
43.07072847005219 
43.07072847005219 
43.07072202105019 
43.07072847005219 
43.07072847005219 
43.07072847005219 
43.07072847005219 
43.070728438133855 
43.07072847005219 
43.07072847005219 
43.07072847005219 
43.07072847005219 
43.07072847005219 
