37.906407236807354 
37.90634813032349 
37.90640827284005 
37.90611658243719 
37.90640531352229 
37.906349703620414 
37.90640647433605 
37.906380841744955 
37.90640170017422 
37.90087730227424 
37.89898425291694 
37.90637404933454 
37.906408418396545 
37.9062820564248 
37.906230330560014 
37.637180511400366 
37.63684985154658 
37.90269864137659 
37.90256444727227 
37.906319271856304 
37.89712596441597 
37.9063494106922 
37.90634793069928 
37.90637133904718 
37.90263131993367 
37.90637381481783 
37.906347582387355 
37.90640693964582 
37.90640727784053 
37.897148790471526 
37.90268854342162 
37.906365163726264 
37.90634100742323 
37.90243986601165 
37.90083578453378 
37.90266435862296 
37.90632097539876 
37.64156299727243 
37.90621894363642 
37.90263174641123 
37.89165235327401 
37.90233477217441 
37.90640419397607 
37.906394121123604 
37.90233477217441 
37.90635381851511 
37.90640693964582 
37.906179436628605 
37.902692138614405 
37.906372292589296 
37.90607489358742 
37.90640429284904 
37.89903496564326 
37.90635095540844 
37.90614076539076 
37.90252001781134 
37.906363681587735 
37.906406655936074 
37.906399058900924 
37.90264525858277 
37.90632012541718 
37.906407758998796 
37.90243935524196 
37.88077264583877 
37.90638096475152 
37.90640611581776 
37.90628988292735 
37.89364665570503 
37.900974559666444 
37.90632130140991 
37.63467958387505 
37.90640480493305 
37.906403383256716 
37.906218930227624 
37.899037695928605 
37.90640825120623 
37.906403906737616 
37.90277333886842 
37.90630419074888 
37.906337926822246 
37.906295099052464 
37.906401668762186 
37.906347309637326 
37.906347653233695 
37.90631687500561 
37.906349703620414 
37.90278701157533 
37.89912142146682 
37.9061995391756 
37.90640378481386 
37.906346821043826 
37.90632430327408 
37.90633269359105 
37.906406526267375 
37.906326428321755 
37.90636102029604 
37.906295234964766 
37.90269276781545 
37.906407674031534 
37.90635860014399 
