35.26775489354018 
34.992634539318495 
35.245734160553106 
35.26226966813176 
35.26774905802831 
35.26751858179025 
35.26777002304533 
35.26765515051729 
35.267756532451145 
35.26775349258424 
34.99553391601324 
35.26746769880607 
35.26774519409825 
35.267749556403416 
35.267523978451806 
35.26776972719818 
35.26739572164201 
35.26765226710937 
35.25691331078834 
35.261613521532226 
35.267468808351495 
35.26758727989106 
35.26214081901048 
35.2676412463769 
35.267399544891255 
35.26771396902317 
34.99862171389931 
35.2676956564339 
35.26743190309014 
35.267707123592565 
35.2624129976233 
35.26241877967327 
35.26199002450895 
35.26188698358599 
35.26776744394526 
35.26761391135192 
35.26758727989106 
35.26775489354018 
34.992634539318495 
35.250855006542444 
34.9892310585109 
35.262262512409144 
35.26756907964706 
35.26740990823254 
35.267705512422324 
35.26775349258424 
35.26755753800268 
35.26240890594905 
35.26705325128998 
35.25699050349115 
35.26776454175466 
35.257123017374994 
35.25421364155692 
35.26725620521927 
35.2516192512476 
35.26776934785948 
35.2597390895634 
35.26775483815763 
35.26753044325707 
34.992147030518296 
35.26776838352194 
35.256764406208745 
35.26156635874466 
35.26776818138449 
34.9892310585109 
35.262262512409144 
35.26756907964706 
35.26757635214047 
35.26768028130907 
35.267618947183024 
35.2677138635213 
35.26737438377766 
35.26774519409825 
35.259658495005915 
35.262511350190856 
35.2676956564339 
35.26744996954418 
35.26776015278014 
35.26745541986812 
35.267320711620236 
35.267744152145646 
33.68009603932615 
35.261650687620985 
35.26210197198871 
35.26767270123043 
35.26777056221729 
35.262477233021514 
35.267705076880105 
35.267587962870536 
34.994984565873445 
35.26765275331057 
35.267709143621396 
35.267763523008206 
35.26759052418896 
35.26776570505893 
35.26776365616267 
35.26777033859696 
35.26699908397287 
35.2677586673258 
35.26776099334999 
