59.763837488091816 
59.95897086142894 
59.53576734548652 
59.52883044823665 
59.76406680398883 
59.547767056248105 
59.9454558355727 
59.75746433232829 
59.27901780783208 
59.7428471934879 
59.275398703342105 
59.76674357448539 
59.530542033792564 
59.96004225139249 
59.54881206783321 
58.94545580351981 
59.52464406806141 
59.54287756740351 
59.55169599014664 
59.770072741717776 
59.52346841751515 
59.524419763798505 
59.76367656240236 
59.768047656425026 
59.755301384935855 
59.96362163930846 
59.96830110862167 
59.76410197940265 
59.742403087088476 
58.534901417446555 
58.95262191705525 
59.958689626845704 
59.55401606464067 
59.955595270402114 
59.766927091838696 
59.27699876066527 
59.95103638380581 
59.55169599014664 
59.954571063211716 
59.52566115109913 
59.76155975241284 
59.76398193058557 
59.53223518759705 
59.967389989004005 
59.758313718473396 
59.26630924034149 
59.53062579485243 
59.536721900866944 
59.26058080473961 
59.54023076974648 
59.540187081348925 
59.94904827239148 
59.773662389413765 
59.95305849386316 
59.96437074268292 
59.76589317717317 
59.960589303604706 
59.53981393569876 
59.75579689493425 
59.95282198647925 
59.95783107665484 
59.969630903612355 
59.744392008282844 
59.75557532693811 
59.26227208239032 
59.519380782762894 
59.28511815289408 
59.956759191615305 
59.96163231848203 
59.52459060522176 
59.94411343286218 
59.53596631602571 
59.53135311424793 
59.762462260843705 
59.962305001171494 
59.7520764412485 
59.966083505913616 
59.74993819273541 
59.76336540765455 
59.7547947929746 
59.767331382272914 
59.96619033411992 
59.52887129667417 
59.53917071931754 
59.966141670641626 
59.544483685915395 
59.55509021192115 
59.53835092281823 
59.758201364064476 
59.54051962925291 
59.96339858193552 
59.742345239646056 
59.95099665214025 
59.53583362883944 
59.96740980153813 
59.94550130760531 
59.51916141825404 
59.75600501036658 
59.948200434424464 
59.966073960851205 
