44.2987971624367 
46.541227203519014 
46.79276211028988 
47.085419735572 
46.743865030425056 
46.81778562584169 
47.040486063521314 
46.9939722102278 
46.4133902579406 
0.0 
46.773309491054604 
47.4671330693127 
47.30376970178094 
45.523468677109946 
46.85732415361753 
46.78671329895301 
46.80700478317989 
47.02419238599674 
47.08266121511611 
46.79276281468173 
47.27653902958601 
46.501506892908544 
46.52821980985435 
47.07035885322728 
47.072380326755116 
47.256319994225244 
46.74300771522897 
46.28781756822745 
46.84392488820215 
47.46751885304755 
46.53275339693852 
47.51384350126492 
46.71526523894399 
46.49072481589744 
46.809297105651446 
47.041733318847584 
46.06220542729688 
46.681966597297205 
47.48675083524918 
46.75899492848448 
45.95798950311533 
45.4445611089127 
47.00681211668589 
46.77261347680733 
47.02844454493358 
47.047243500483454 
46.47625140027805 
46.39514907466773 
46.839849687828135 
46.445500136215486 
46.10957001973804 
46.825160616228615 
45.44070640232453 
46.85098700765581 
46.01587099064154 
0.0 
47.061720857234576 
46.14469475682055 
46.834070569358616 
46.78280600345858 
46.769718115147526 
46.82282943450862 
46.836476257168314 
47.06652792079229 
45.90557176736151 
46.749274757711454 
47.05464571757729 
47.09008199947667 
45.920884405414505 
46.42646583076699 
47.31478949415642 
0.0 
47.065145680542095 
46.53118092960977 
45.53732693078021 
46.77756715448104 
46.11899575849876 
45.53802913659499 
46.84490763467987 
47.03494955939243 
45.83258838233154 
46.08017690891088 
45.36425088897471 
45.435452377839574 
47.04592990328217 
47.1114566978297 
46.80828806598716 
47.29983505580572 
47.520770131103866 
46.365679795919746 
47.022413834804944 
45.50516834442895 
47.33065014246354 
47.31642914360518 
47.031003496780336 
47.09732212452642 
46.04961679252562 
47.07908836615304 
46.46830205746916 
47.07465990517244 
