46.791261997675164 
45.9538423809264 
46.40655720747873 
46.05660392536511 
46.39840504864729 
46.42335824366907 
46.05155170962248 
46.734684555413665 
46.450728594238655 
47.06670873679608 
45.18460663151962 
45.99281135391018 
45.45782904087944 
46.74151590345418 
46.770643085079676 
46.3496334699959 
44.17456417199958 
46.52708807351625 
46.730507961418134 
46.44621357859314 
45.98654157891933 
44.387395563299805 
44.587549488976 
46.47334687055987 
46.708626758620845 
44.48542242250515 
46.36713593046966 
46.42554841892468 
46.05312941671475 
46.506355710330254 
0.0 
47.252312234317955 
47.02472574053379 
46.98819101860797 
46.01481459630536 
45.462323379613 
47.031395916152924 
46.48935566428975 
45.88529013717386 
45.53286061635492 
45.982363707917976 
47.29759268063942 
44.445478214442474 
46.76217430031808 
46.75288827102095 
44.368614137952704 
46.79194277075698 
46.47377631878927 
46.40702271605219 
45.98800661015109 
45.524201632963404 
0.0 
46.0680161703298 
45.37434230176031 
46.73571298049794 
46.0135001312383 
46.483149612297886 
0.0 
44.33766805703148 
46.40935006041159 
46.34565368322158 
45.44154053420274 
46.55368131757515 
46.651129178641035 
45.98207606888595 
46.37947116441387 
46.41992601550571 
46.36011536283497 
46.0619585012046 
45.438457688418275 
46.037440214895035 
45.462323379613 
45.93493510844883 
46.06882085586572 
44.368821645064656 
46.359428127545 
46.772119634538456 
45.93493510844883 
46.03928899682373 
46.070757334124686 
46.79534647278583 
45.94941767541156 
45.47087788061512 
46.03795635841045 
46.01430526228324 
45.48936491620205 
46.86822934737288 
46.49109131918951 
47.033304161752376 
46.53420539822261 
45.38844406493201 
47.03435938418503 
45.94553855760114 
46.74295534165884 
46.39243170047128 
45.954267384922794 
46.35511119438692 
47.283804657848236 
44.44903444260764 
46.39255379035255 
