59.658676804121896 
56.63740031270213 
58.95942695903994 
59.23506285559751 
57.662413379227445 
59.45322878025672 
59.23304963014676 
59.44791099661504 
58.64466960612426 
59.45984327997334 
57.58122024654226 
57.64789411358843 
58.23577451058025 
59.23407006732922 
58.96721163420744 
58.22750785744767 
57.616941135482165 
58.97404550533137 
59.43483888602621 
59.218185759949094 
57.62955956906524 
58.62987725061858 
58.65856455580478 
59.461105043788585 
58.961730560683904 
58.21699956555955 
58.21519733475472 
58.643350599783105 
58.93741388738173 
57.667895330834185 
56.62584865545974 
59.65729132664132 
59.24583785725187 
58.938217883816996 
58.6533930806852 
58.23607877939267 
58.64057091606868 
59.23437809314146 
58.6208376646019 
58.960458524369145 
57.62926647720087 
58.25894155451516 
58.24114333744886 
58.97922004208198 
58.96676025497718 
0.0 
58.66773518479628 
58.658278817936775 
58.61926555683898 
57.61821207442935 
57.67212926034062 
0.0 
56.63116920628703 
58.62887160752597 
59.21881549337146 
58.19513899890939 
59.443442603188934 
57.63495367601723 
57.61800546057301 
58.96291222687614 
58.96603447123147 
0.0 
59.25110654996213 
59.22389436969358 
58.62188812769981 
59.23521592416747 
57.66363414630598 
58.202429344388484 
58.97315463898727 
58.229793971332306 
58.230730757029114 
58.23607877939267 
57.62345473248242 
58.2270512037848 
56.6362840258988 
58.94649754634235 
58.63978579480171 
57.62345473248242 
58.22653450345089 
57.6282780639395 
58.23267297904773 
58.18409498270966 
58.239429374663224 
58.9342517999154 
58.22506847175374 
58.977974492981126 
58.91860205520771 
58.22942108252468 
59.23967246911799 
58.98356638314807 
58.237989669803035 
58.64373587276899 
59.22027040273083 
59.44874820472951 
58.236498991240374 
58.94771603233764 
57.63449121094153 
59.65621353292154 
57.64301311059965 
58.6389249590364 
