45.450703448853275 
47.22450945581479 
46.7907691527678 
46.83066894856452 
46.98491433479932 
46.836689384543206 
47.04902390576367 
47.00219349993997 
46.708723830046644 
44.345762263878584 
46.749587398457955 
47.452214128372646 
47.32220185831352 
46.06999628640644 
46.83126047070636 
47.279298650090496 
47.0855927332052 
46.07366820048444 
46.13592563736163 
47.26929307109258 
47.053482242150125 
46.82464677885046 
47.258378741542074 
47.05750366274007 
47.04828257548531 
46.81555152829815 
47.01514334032469 
46.67726877270037 
46.814003131979554 
46.77623345685893 
46.836093551569896 
47.311916708684784 
46.789269147192485 
46.481871324227 
47.004881876417635 
47.01845921108459 
46.405617691496595 
45.79954241981228 
46.49745431000882 
46.710212431952534 
46.71176419065254 
45.38657141691059 
46.74590524233197 
47.007845928885054 
46.96937803832291 
47.069837723311856 
46.114771489970394 
46.74107042842531 
46.810930599025234 
46.75834277125625 
46.50550649754309 
46.155616638024995 
45.920768659207205 
46.8305187281992 
45.43666935014113 
0.0 
46.48659097552794 
46.45701497396238 
46.483284610380515 
46.51827471638389 
47.0305304477732 
45.519570613808376 
46.814075863064524 
46.736746311477724 
45.863325668399966 
45.473741539011925 
47.023990355625905 
47.303445547415556 
45.91677629314793 
46.420174471565744 
47.11358245647255 
44.374663416805056 
46.49055982898709 
46.84126201437863 
46.10174006826618 
46.77306580792961 
46.788080312230896 
46.026132178617885 
46.829004262689374 
47.033319998085034 
45.26852765863968 
44.44997893352217 
46.004332606222015 
46.03076003279042 
47.00474265874284 
47.113639598137595 
44.26900261033921 
47.47047894547512 
47.306812472943705 
46.005850143956046 
46.44420461491696 
46.69179295022167 
46.796626485235564 
47.30622691449209 
46.97703269478174 
46.495186570141065 
45.47808863318784 
47.05412300915123 
46.481622186147035 
47.03937902588483 
