47.22631699776777 
47.43343880490987 
46.97606235031024 
46.97376108611927 
47.40331139514111 
47.26339328616138 
47.368331981272306 
47.226957908404096 
46.72507888985285 
46.948630551073045 
46.73471522745135 
47.45028642018651 
46.69733757817176 
47.43806184208384 
47.252850051294864 
46.71089515213233 
46.719988304034075 
47.00613025275717 
47.01751120203492 
47.24908497104919 
47.38187851511464 
46.951337741745114 
47.23914784465954 
47.24658659544519 
47.00084963945504 
47.43394138946882 
47.470803762265824 
47.21907619376596 
47.13517045166419 
46.40193487546544 
46.38517708509704 
47.45187179765328 
47.043367003010005 
47.24118710073805 
47.23886756776427 
47.39756226568491 
47.41421038718029 
47.022945165242106 
47.41972829625921 
46.965449161442656 
47.20573000132995 
47.02790966655029 
46.92409447810833 
47.44543165125478 
47.20841363576926 
46.96967449676409 
46.970514639504515 
46.96487982212061 
46.95218886308959 
47.00408465040952 
47.005875923650194 
47.20123568446215 
47.4498123000003 
47.2084238893436 
47.46386529287414 
47.24212236078812 
47.434053731255666 
46.72365138871719 
46.99672136937696 
47.406653263178846 
47.435623377705106 
47.471402521839316 
47.174282508547904 
46.94880496599523 
46.94253601425535 
47.190996244033286 
46.96653949944231 
47.43286009654661 
47.44722296882527 
47.16399467088824 
47.37240745175262 
47.17781389745413 
46.959471668410956 
47.22895977269335 
47.4552185082478 
47.3943583262709 
47.443348516625775 
47.14970811671285 
47.37551031667525 
46.72707994160975 
47.235128448636516 
47.441401601398496 
46.97397824456056 
47.385379419597804 
47.45321958646913 
47.2516214886067 
47.05038867856334 
46.99431632097787 
47.39577993819913 
47.20464397475586 
47.43304387406776 
47.357993372984865 
47.19720756357167 
47.18614422941736 
47.464943487817365 
47.18613522016582 
46.97301403417465 
47.186780033637504 
46.99745980724337 
47.449209929218576 
