47.192114613592096 
47.00391328574517 
47.164363017002756 
47.3751096076985 
46.95623203909121 
47.04945972183773 
47.455252652071124 
46.69716988859474 
46.98248040096765 
47.43414019509264 
46.71362707361439 
46.98067447639287 
47.383454952436054 
47.230147569805816 
47.42698858031769 
47.154120211008845 
46.90076031268346 
47.03087241265192 
47.20741121242738 
47.214935633401666 
47.011664711249296 
47.23813169318682 
47.2495148667912 
47.0074156202017 
47.15495520659479 
47.235192937637834 
47.37855624894308 
46.45029965738371 
47.21759625162323 
47.37053331310927 
47.40595600901211 
47.18868589385882 
46.94593088687649 
46.696368501228356 
47.190321758256964 
47.18868589385882 
46.94593088687649 
47.17931065394206 
47.23330507218126 
47.02076654386485 
47.18573895798227 
47.00674612908792 
46.9665177706788 
47.435217663824055 
47.218634063534914 
47.40063054510335 
47.222507151126166 
47.1456542290484 
47.031867505267506 
47.242881617998265 
46.40605001138168 
47.2201382468844 
45.97771056327884 
47.017928413303345 
46.98980682383626 
46.9766631706378 
47.22655591167428 
46.935036196600194 
46.744041667226725 
47.42735983927624 
47.43272540081479 
47.42895601774721 
47.193735442281834 
46.98371151410797 
46.96970773237276 
47.363804115913 
47.04400011980235 
46.67061224640088 
47.402165119963854 
47.038615083187956 
47.21280538472962 
47.215808803083874 
47.46317842160406 
47.216673026823855 
47.42267176970648 
46.72758450027477 
47.449873632297994 
47.18507783561148 
47.40345679171072 
46.95623203909121 
46.99100195322826 
47.44280495599049 
47.233997241013846 
46.72537762571276 
46.71756577016688 
47.36846329895479 
47.18268105122837 
47.408379464162444 
46.42773177064317 
46.96893171742117 
47.269412375776795 
47.450777851863826 
47.444734349173814 
47.4138406367264 
47.2355065246222 
47.26228857193825 
46.758281584130316 
47.45700008066362 
47.243064368887154 
47.02094237977767 
