59.7610625736762 
59.95613351708868 
59.75366161923044 
59.75237305630139 
59.27482525036139 
59.555113608234194 
59.96869965194484 
59.26805184508052 
59.74769901410957 
59.95918022099586 
59.5313652595118 
58.954704566314334 
59.764629435963094 
59.76326702472595 
59.77073854239022 
59.524326352152144 
59.51231952170059 
59.54855518883793 
59.764757590897624 
59.76159260718639 
59.54941721113134 
59.962339147096195 
59.96281573066351 
59.54435894393485 
59.75122566021728 
59.77041772850766 
59.74886206256011 
59.542894988669765 
59.761990644402 
59.751992536498264 
59.96106044844799 
59.7601174563251 
59.736148987800966 
59.52961594853361 
59.76302679338056 
59.7601174563251 
59.736148987800966 
59.5373736137431 
59.761725759530776 
59.547059441916865 
59.75723730370393 
59.54087110648984 
59.54052036796654 
59.77651457679086 
59.95145852658605 
59.95731499561752 
59.766731586090465 
59.522384860874084 
59.5532891669823 
59.767461643497185 
59.27073781982346 
59.76688481066794 
58.94129302696183 
59.54387465406462 
59.53774267875238 
59.27469987218152 
59.55023331564897 
59.540017555442475 
59.28491429624997 
59.76781263931179 
59.96656423663318 
59.76707293534516 
59.7566966597916 
59.54211302786092 
59.750058207404024 
59.95198711097346 
59.553301124305996 
58.94156058236855 
59.954307592218385 
59.96868819847728 
59.76936830211354 
59.94991377031816 
59.967313497591476 
59.76483794948921 
59.767625627418624 
59.541436961499954 
59.96751467830495 
59.75969192911672 
59.953107644486195 
59.27482525036139 
59.54099443971969 
59.96379196795233 
59.53959844296072 
59.26703313141655 
59.95165634320229 
59.934578281038036 
59.751990574684406 
59.96039100253173 
59.26431983918429 
59.53482312995883 
59.7774816118693 
59.968209859892504 
59.54897701045492 
59.960404059160645 
59.95995851452006 
59.76899135754886 
59.281218210846774 
59.968191080954135 
59.76886065205574 
59.77571876737829 
