46.78098784163158 
46.041775456233886 
46.46384337426228 
46.98026261183403 
45.920768659207205 
46.75860028779812 
46.83011297000359 
47.07955287097776 
47.088333235348834 
46.46941798094512 
46.37298460604121 
47.2951480454182 
47.29806870468831 
47.2293599287904 
46.47732587122005 
46.816026173095885 
46.057398302885595 
46.45726233034576 
47.468271607201395 
47.276551111989455 
45.43690997700851 
0.0 
45.86033887475547 
46.50893683304243 
47.00272963452956 
45.51395452001842 
47.06551883650519 
47.13943287301281 
45.30241409468619 
46.4746497217415 
46.36706022534959 
47.04760402494975 
46.78823835315321 
45.2695863004906 
46.73322171614282 
46.793573866394155 
46.06491205686684 
47.23838965443752 
46.05275665537323 
46.971483591128376 
46.79891944248703 
47.34576694996537 
46.78111482814351 
46.39825859300143 
46.97180973456822 
47.30995354922153 
47.06822623773313 
47.044680223377505 
45.96852793432205 
44.24620608924464 
46.05028268080147 
47.461856587549654 
46.762601529743776 
46.0197308074318 
44.24580568877699 
46.1416494820808 
45.474837714555136 
46.401215876143404 
46.50906065891411 
47.473710922698956 
46.495910498455125 
46.98667084551669 
45.46679060476735 
47.02190454820278 
47.03432401061688 
47.09103322210993 
46.40096876700782 
47.53391914434919 
47.29634767175805 
45.4584359955386 
46.78890875147775 
46.81669686011119 
47.33022714665823 
47.29598814734822 
45.388748834761074 
46.026022087584174 
46.85029175769028 
47.503314413783194 
47.30247197532846 
47.346514183534744 
47.03862413533306 
47.12108063231895 
46.750299093065976 
46.701342892596394 
46.805138299422744 
46.7771018667585 
46.07130052095611 
47.06170705736137 
47.096064255919515 
45.413379175736324 
47.02950895646722 
46.640293079508375 
46.75431019319538 
46.34752201810293 
44.30173160793894 
44.44163579981297 
46.963567082058816 
47.2770469944636 
47.0637177529783 
45.466782380617346 
