47.46469148773508 
46.97725231218955 
47.214728071765194 
47.25168123561521 
47.47654357729936 
47.20742560876252 
47.67092315106812 
47.271456037401684 
46.96970552501974 
47.4006825914492 
46.936758546609795 
47.466232176506544 
47.625018135964 
47.189278884398234 
47.47373698058088 
47.47087719551489 
47.42471432532473 
47.62790753511116 
47.664485724948946 
47.45858239349555 
46.96185170007615 
47.167349938332244 
46.985233354383574 
47.66544984827113 
47.713981470031726 
47.45747260469751 
47.47535493360961 
47.26598596028259 
47.47415555282776 
47.663954889226304 
47.61444987042082 
47.19041066317615 
47.480611018259786 
47.66507887925434 
47.478804777677986 
47.22139242514613 
47.41677783012753 
47.22413920185065 
47.47004772981627 
46.9212037422799 
47.452379402172625 
47.24192955313552 
47.63292982511331 
47.502502118672126 
47.64760515107201 
47.68887940606546 
47.674841443362766 
47.214193267944644 
47.69581545333121 
47.625882432156665 
47.66799607607795 
47.469899708251816 
47.493168818049504 
47.21169493654785 
47.42563152935023 
46.98054060290353 
47.25856748715302 
47.64409354780745 
47.632129749744976 
46.57117586431145 
47.43814546180532 
47.6060933942023 
47.25452581507192 
47.65402911122231 
47.470028054156884 
47.44549875648698 
47.678781880551384 
47.675612670846846 
47.4229297972194 
47.261999637234446 
47.4542275744192 
47.5046188987745 
46.99376707979769 
47.19017565554835 
47.680931679211064 
47.26970251132054 
47.5050911860569 
47.234743077521316 
47.44977601709371 
47.47686481964631 
47.46768744265605 
47.64381335616323 
47.470881108375366 
47.26126077962846 
47.714094276889405 
47.65852874960145 
47.17769133963007 
47.161851494762466 
47.21665218026638 
47.707590673104065 
47.44196284779949 
47.69745145408717 
47.678781880551384 
47.67984267894697 
47.23952049649193 
47.43671752920033 
47.21881468192805 
47.227571214920374 
47.455948589737254 
46.98054060290353 
