59.755781843835535 
59.543358471132315 
59.747709450464264 
59.9454558355727 
59.53024023136118 
59.55509021192115 
59.96853816683809 
59.26693656363023 
59.53734210350957 
59.96222454067672 
59.27202839320698 
59.5376416234255 
59.9483965788058 
59.76675531051819 
59.96025258662343 
59.74528753195735 
59.51408307860282 
59.55169599014664 
59.760139069659864 
59.762290687072564 
59.545827972657996 
59.76841287700013 
59.770448452542745 
59.54421631842846 
59.745889782968604 
59.76816172127293 
59.94709183986369 
58.966714929332895 
59.76258575795161 
59.94460405532623 
59.95348070474599 
59.75489539379105 
59.52755473905818 
59.26826927872494 
59.75559744302506 
59.75489539379105 
59.52755473905818 
59.752604669444366 
59.767471210838536 
59.5477845401883 
59.754202174656946 
59.54416922631612 
59.533487179361366 
59.96276984225427 
59.76267690273344 
59.95348815250956 
59.762981513756216 
59.744036302098905 
59.55056631664865 
59.76887205452329 
58.95587586074392 
59.76380874428024 
58.535114181576525 
59.54637474085198 
59.53851570788991 
59.536249089427876 
59.76587522978207 
59.524236789169976 
59.28176690387587 
59.96029170324106 
59.96073953616638 
59.96041679992243 
59.75588483445006 
59.53863759823973 
59.53321467630695 
59.94405187010763 
59.55401606464067 
59.261087291415386 
59.954052665188044 
59.55234837854587 
59.76114591157965 
59.76241391979614 
59.96922107990165 
59.762474269247804 
59.95942797030678 
59.275284511157835 
59.96672871989925 
59.75305362547089 
59.95418019149227 
59.53024023136118 
59.53923844685257 
59.96431893182138 
59.76708400162482 
59.275800659412084 
59.27438657872527 
59.94533934054009 
59.75394593730771 
59.954590901538936 
58.96115623845038 
59.533116990071214 
59.77732964314619 
59.96813614333051 
59.96492947509712 
59.9564241610503 
59.767175203467126 
59.77567256665298 
59.28516232329887 
59.96868297478585 
59.76939479174209 
59.547767056248105 
