58.634009481881186 
58.25253321583728 
58.97790779208751 
58.95320048188478 
57.637104584298626 
59.22612701756142 
58.964848588387845 
59.242937521781386 
59.46329686546986 
58.240202086161894 
58.626068728022005 
59.240996222808555 
59.654832367599454 
59.227142422111065 
58.67117813024479 
58.96740017487086 
57.66014993478094 
58.63738470013304 
59.641504702052806 
59.45457974953665 
58.6449907872962 
58.195101830898835 
57.60448110795199 
58.64667841600021 
59.22159969284561 
58.253769904804365 
58.98271248597744 
59.6572586448489 
56.64152868984023 
58.951441497276164 
58.62859851599442 
59.23729504062329 
58.95722268644338 
59.214136033507394 
58.24265906917698 
59.22988069447029 
58.64639245204354 
59.227589771301 
58.24041360874087 
58.631643227358545 
57.66350714571059 
59.6564069711426 
58.96899130357741 
57.6552130128488 
58.94749458075305 
59.662104755065634 
58.97149902229017 
58.966263791771645 
58.21674842458689 
57.59339151044301 
59.22283488973651 
58.6556244185457 
58.964245672775256 
58.22665108395895 
57.5983341115716 
58.65961364006356 
58.623805143575794 
59.20936467052926 
58.97827642966164 
59.64084857521302 
58.23040162899433 
59.226326769787235 
58.22387248791392 
58.96186551585832 
58.96452024327523 
59.47128095601464 
58.62113985701639 
59.66778534614313 
59.23208254212476 
57.647114975818646 
59.22024795236571 
58.98011713715081 
59.665673027784244 
59.468873780912936 
58.65856824981077 
58.2310196312195 
59.24369816337829 
58.98804312412299 
59.247411838995156 
59.66538041959721 
59.246771721843984 
59.2465706479508 
58.95872390019239 
58.63376184440862 
59.24363130743936 
58.22707014108958 
58.97918331828008 
59.46464233772735 
58.6733533849554 
58.20643037202061 
59.44447620820399 
56.615603937964096 
59.220248672987985 
0.0 
56.59957524814072 
0.0 
57.62080744638372 
58.64106417049299 
59.23296443632969 
58.21765322147454 
