58.962637949862334 
58.22944587348552 
58.63837664227748 
58.19172397755614 
57.64223173351424 
58.230036486511835 
59.24160604551379 
58.95248620154756 
58.65239397026508 
58.637318334417586 
58.212799709942686 
58.22580600086132 
59.46530108824631 
58.955420032070606 
58.22678913932176 
58.23244129261557 
57.63949825540078 
58.62386994690906 
59.22760023573526 
59.440606308570494 
56.603832766382034 
56.65361758131906 
57.60998101239866 
58.97716301802871 
57.64184038359828 
58.23436176027778 
58.64141266970962 
58.978912795971794 
57.61286515790852 
58.62722857316458 
0.0 
59.23160497511672 
57.64480641526312 
57.636106782607726 
58.626905488809555 
58.64549309825833 
58.97147941795589 
58.648105532552464 
57.627754482050705 
58.62304405283466 
58.96717444065782 
59.45640922136763 
59.218751374167326 
58.626289934657244 
57.60913138116165 
59.47203593341823 
58.958088378650025 
58.64403000306567 
58.62222571298257 
0.0 
57.611357402101994 
59.641164818845304 
59.21987853674839 
56.63136620642388 
57.620177448519016 
58.96605939915668 
56.673980887918574 
58.93757882896062 
58.24479211642413 
58.22414915066395 
58.225244721916695 
59.221899528531765 
57.61837866359337 
58.641337526782834 
58.19477176502261 
59.46125772750059 
58.24417282102368 
59.46188858363171 
58.96605631533743 
58.19616051030137 
58.96261216480257 
58.640421552364245 
59.46096337519412 
59.45489677087439 
56.6427583410115 
58.22746509668489 
59.239761023360636 
59.235495501389515 
58.97021476225061 
59.243474721733776 
57.6561812532094 
59.46681497656244 
58.628705690731024 
58.63812877163951 
58.63217290751411 
58.22686513373293 
58.23208685951918 
59.45248458194456 
58.66922314861252 
57.6559433053599 
58.63995480281542 
56.60966684110287 
56.646701741047224 
58.94013976675568 
57.6344798642641 
0.0 
58.208793142908235 
59.21345279495608 
59.21472392867489 
57.6306445249174 
