46.42846279546248 
46.13116062430783 
46.825883454077626 
46.74058666138556 
45.44070640232453 
47.038599661856836 
46.787781399478426 
47.09411863848989 
47.312471992388616 
46.09145531658576 
46.401709857227196 
47.08729345411145 
47.50077879136907 
47.04262622854067 
46.55304561350237 
46.79123172957727 
45.51419883162088 
46.44580671688851 
47.45535366397393 
47.28044244180934 
46.46772894267183 
45.93126130337257 
45.32359674156784 
46.476870375663175 
47.022101067213576 
46.131268454318665 
46.845696048202754 
47.51205651331882 
44.450350903826205 
46.736793613749384 
46.40987285012235 
47.07967972638326 
46.75200095960507 
47.000962353219876 
46.092218715769135 
47.053164492109154 
46.47478779067127 
47.04039265060188 
46.09297630977673 
46.423987640354134 
45.53002016522157 
47.507623482266574 
46.79248967032352 
45.50172816004365 
46.71815681371388 
47.524909553413934 
46.80471264192174 
46.78657864157051 
46.0097317140289 
45.2830001919516 
47.02934936423013 
46.50329229704793 
46.78049707112101 
46.03810121326526 
45.299059699712515 
46.51802267975579 
46.397381533500756 
46.98198428050623 
46.82947020606852 
47.45302991113908 
46.052042230212805 
47.03941067367787 
46.03399186183654 
46.769623247825386 
46.776375494833566 
47.3366204838898 
46.38835258848596 
47.54204206165715 
47.05745765688859 
45.47210899599337 
47.02123577637011 
46.83433372579676 
47.538787145083205 
47.327238394620714 
46.515560127901885 
46.05705575569372 
47.0966875567713 
46.86441312478899 
47.11645834496646 
47.53580361337894 
47.11014781944862 
47.108421305709236 
46.76034023813647 
46.42578284793646 
47.09624659451693 
46.042390206467886 
46.83263977730204 
47.315497096469706 
46.567556650609184 
45.976404194700976 
47.24359342261707 
44.36934861195734 
47.020786303262426 
0.0 
44.31483074082289 
0.0 
45.38238573235182 
46.45570913251782 
47.06581182782546 
46.00631881582733 
