59.46473293223839 
58.63573182733447 
59.22183044601529 
58.23661222967819 
58.64445717143607 
58.974537118982376 
59.446358877313735 
59.45417724515963 
58.9787701132955 
59.23772987122801 
58.19608429144308 
58.642379957293976 
57.67114840262191 
58.23765694419272 
59.66395017989308 
58.94681013984807 
56.559244791096866 
59.24335295150105 
59.22161001675191 
59.45580880205502 
58.216538019100504 
56.59262367204986 
58.23417136800183 
59.24402982395094 
58.964166998409894 
58.21803971910422 
58.96147072603025 
58.238128988602014 
58.24282057387276 
58.650372109888835 
58.18354123914358 
59.66064141833414 
59.236417281199174 
58.235926707840996 
58.2402441937204 
58.97278552405032 
58.648317547346636 
58.65205718739612 
58.62762123064114 
58.96919373321665 
57.631867989540986 
59.470223037953765 
58.63577244036571 
58.96673851037333 
58.975395625840044 
57.61887214102845 
58.66249767184481 
58.96519340639782 
58.18201847716785 
58.207894006661974 
57.67474306618039 
0.0 
57.64557765870755 
57.629759221340926 
58.9692638844291 
58.19833216829045 
58.971592301778124 
56.638023735435354 
56.62058072008175 
59.64375017969864 
58.9694473940679 
56.60012982104163 
59.256549630655364 
58.94574977771593 
58.61505227575595 
59.45906503999672 
57.65838548952137 
58.625056002934336 
58.965724191642444 
58.22885060276203 
58.23788983205674 
58.97278552405032 
58.22165417382634 
58.63287293599316 
56.64177769164565 
58.19854484371485 
58.651745107845635 
58.22165417382634 
58.20050725451093 
58.221525921297086 
58.96859429191065 
58.1914817627818 
57.65515820307878 
58.6263481927528 
58.97996881048205 
58.647367509269955 
59.17609802159041 
58.658343669759596 
59.45745160113386 
59.25074095431809 
58.229204022950874 
59.45811041157449 
58.946818562342244 
58.97455475702013 
58.248602540439556 
58.95441188196483 
57.642601632903975 
59.65440454446258 
0.0 
58.9489324496401 
