58.62603296526263 
58.64777973324401 
56.62631067856976 
58.244640251393115 
57.61170980590692 
58.63767881021489 
59.227102017820684 
58.164748186081496 
58.632680206432134 
57.61482048903279 
58.94794196742921 
58.655142397654274 
59.45816525689396 
58.19824829351006 
59.460843286203975 
59.43484245518558 
58.955815375064645 
58.951175020926236 
58.64609950125981 
58.963699042547425 
59.45736423106631 
58.968958144104995 
59.231058331997886 
58.639290673366865 
58.22813301702485 
58.23784321169324 
58.210952641071785 
58.6115595258936 
59.22887509302541 
59.451033587220174 
58.66140182816902 
58.63929706008959 
58.18309484422814 
58.65231945264427 
59.43417164817006 
58.95964638994026 
56.68006763759651 
58.64303554991268 
57.64905284574562 
58.61307906026461 
58.18279115785908 
57.64284005328548 
58.960330616397975 
59.22259076815419 
58.22320622031026 
59.22516908364898 
56.65319251962701 
58.94217836676252 
58.967208863413155 
58.62519076253064 
58.9741515670968 
58.65720218900656 
57.64223173351424 
58.954837915708296 
58.225824856748545 
56.657333784351025 
58.960754662619294 
58.956166679016555 
58.96645723468036 
58.62901053059559 
58.65122821278268 
58.243226583010596 
58.65301991585937 
58.95834452895146 
57.52217392742498 
0.0 
56.642565415758355 
59.22883133093359 
57.609308258496355 
58.62292929527972 
59.23805847484707 
0.0 
58.661882886215786 
58.646671151975035 
57.64818309907579 
58.94186686932231 
58.63527301144135 
57.656177832529465 
58.970733146197695 
59.20785619055584 
58.1813312330917 
57.648113951921324 
58.21265488955346 
58.62601566197487 
59.22532427467264 
58.229393725412955 
58.616073155331804 
59.45725867200621 
58.65753145647713 
58.60656267457816 
59.202851714928734 
57.6152608611175 
58.98641654649022 
59.462292947956996 
58.620030703607426 
58.64870749605981 
58.226414603869316 
59.243091135689674 
58.21594719092932 
59.22958606596118 
