59.76531042269412 
59.96165075804077 
59.53485779489893 
59.53411363373456 
59.95272723770943 
59.77571876737829 
59.943014742101845 
59.766368416338885 
59.27504742435463 
59.52709059953067 
59.27654031171075 
59.96668742368995 
59.26758863315878 
59.96336864805695 
59.77220114839247 
59.27157796442746 
59.273837185925636 
59.54288869043633 
59.54688619367383 
59.77083952120341 
59.94776023153108 
59.52799887991546 
59.768983475915874 
59.771194372891586 
59.541846783191716 
59.96168494592558 
59.97161223227225 
59.76261008641629 
59.739526203438665 
58.953675076913065 
58.94756294857807 
59.96773634224576 
59.553301124305996 
59.769174753613456 
59.768447861801036 
59.951784937002074 
59.956385624375415 
59.54855518883793 
59.95732513764634 
59.53273117589705 
59.758898105383835 
59.54896310941413 
59.5202519600612 
59.964923213368415 
59.760681618816086 
59.533701190956826 
59.53257805304066 
59.53085991707408 
59.528063898063536 
59.5420280678465 
59.54281196781039 
59.75748172039745 
59.96621626576023 
59.759617875178805 
59.9701245572807 
59.76973475601644 
59.960799046412745 
59.27489902555983 
59.54087978108777 
59.954410797791056 
59.96183077360401 
59.971670115473906 
59.75107708471864 
59.52770879867406 
59.5259571238764 
59.75510375322033 
59.532220994982175 
59.960697612495295 
59.96553753199929 
59.747093526863225 
59.944264815430515 
59.751891179566314 
59.53041516201134 
59.76553977988958 
59.96802139872712 
59.95109379432643 
59.96430758719416 
59.74335090501335 
59.94448912620365 
59.276682936095916 
59.768119685770834 
59.96233397769431 
59.533515335083386 
59.94804268291404 
59.96694757531813 
59.772122950000906 
59.55510757649248 
59.53941073173748 
59.950732566369275 
59.75981329073273 
59.96160981240965 
59.94078399321926 
59.757191623397865 
59.75309565773005 
59.97020732072019 
59.7541482848451 
59.534622698415845 
59.75319538700666 
59.541495159234316 
59.966163951302015 
