46.76946531963459 
46.051963671957395 
46.44454260450414 
45.92175896008815 
45.45465563471365 
46.046778920084876 
47.09156527661939 
46.738282547441166 
46.48844718452739 
46.442266134248335 
45.99098010047773 
46.039367450576044 
47.31509784504476 
46.74745585147779 
46.03720404756018 
46.05814068592986 
45.446384120498216 
46.39833246245274 
47.03915382479088 
47.229464634621564 
44.3127242996173 
44.49849537296803 
45.34234418172923 
46.82501933106219 
45.45154175508591 
46.065964260338895 
46.4566826891232 
46.834940501235494 
45.35696856184213 
46.40148477074782 
0.0 
47.05594006950194 
45.46432430669949 
45.432204309416505 
46.39969176409114 
46.47137952174287 
46.803148436337935 
46.471101170016965 
45.39807513098213 
46.38802462483048 
46.787617913342146 
47.28727596519029 
47.009490497230885 
46.40365380409396 
45.335293720569794 
47.33792759014093 
46.75236414763528 
46.45617965581418 
46.38845206945229 
0.0 
45.33953160140981 
47.45029635442464 
47.01507932377757 
44.42039523051002 
45.37647805546041 
46.78332275913116 
44.560345724716456 
46.68797659134821 
46.09960285016242 
46.03496723335477 
46.03330674372657 
47.02329188100788 
45.376090379870114 
46.4464115270865 
45.926240817848175 
47.300044066248695 
46.09310103538772 
47.30165759418247 
46.78296904953582 
45.931129494379576 
46.770363076457926 
46.44778987739998 
47.302794503716754 
47.27683606210281 
44.464523368457144 
46.04336175183085 
47.07897844219516 
47.0723166597805 
46.804234897664735 
47.09320287418268 
45.50953166023865 
47.32070063439945 
46.409551938189615 
46.44112760097302 
46.41844326518049 
46.03875049165634 
46.056331510646174 
47.2728375536556 
46.55125220520567 
45.50459545275348 
46.44147021010581 
44.34335511599294 
44.46591173630193 
46.6933074929922 
45.432064371842195 
0.0 
45.97255936901279 
46.990765032090756 
46.999265937099075 
45.41190418591618 
