56.59464904150898 
58.66633772102086 
58.967455362913455 
59.23966790677929 
58.95420566344699 
58.97427559284792 
59.22638746882419 
59.213494161111015 
58.62905793649549 
0.0 
58.96431823544247 
59.645379361939 
59.45994415550278 
57.66302421958297 
58.98522036446431 
58.966235689053995 
58.97185291017341 
59.22117070309901 
59.23811578616334 
58.96827997357109 
59.453701611649045 
58.65523761414474 
58.66246249332848 
59.23577215821849 
59.235971922499374 
59.44666392720715 
58.95341645073804 
58.591745709421865 
58.983290850051 
59.64447036715977 
58.66291141136217 
59.65834026665885 
58.94573703058013 
58.65150888389997 
58.97277457234158 
59.22649708813076 
58.23273587159353 
58.935363919883756 
59.65125575931758 
58.959381324487005 
58.200949076892456 
57.63538904800314 
59.21649775083626 
58.96134455033506 
59.222825914939726 
59.2281883350509 
58.648428967796214 
58.62361408496294 
58.982828714277815 
58.640009888672544 
58.24793687470526 
58.97707213380536 
57.637104584298626 
58.98525769365847 
58.21861172541316 
0.0 
59.23257422383313 
58.25610450719838 
58.981545333237555 
58.965126351169815 
58.96180583908902 
58.97690537253568 
58.981726034643685 
59.234818107203324 
58.183934081467896 
58.95478084416074 
59.23066836893669 
59.24065928880667 
58.192940584665386 
58.63377091207876 
59.46354642239217 
0.0 
59.234117742614394 
58.66268050689674 
57.6661260978204 
58.963182511220275 
58.251240844688176 
57.66424608327137 
58.983293577937665 
59.225826704410885 
58.17029562212669 
58.2367481501289 
57.61344831963437 
57.636410822635 
59.227996048706 
59.24751203702182 
58.972565868374545 
59.45950882837524 
59.66080341352155 
58.61637893172656 
59.22095311472465 
57.657398572106985 
59.46867088781246 
59.46422175500685 
59.223725596667386 
59.24319492713258 
58.2301923266821 
59.23724943982188 
58.644973685005844 
59.23618204526086 
