47.31697043911533 
46.43690533142068 
47.02406993825033 
46.07814771385139 
46.46363127852393 
46.81428525760075 
47.25343403226185 
47.28081809310306 
46.8280357842571 
47.07903891461975 
45.92946407958009 
46.4586264386696 
45.55225332126153 
46.07766467068427 
47.530318016230964 
46.718132861370854 
44.14726530409531 
47.09916266031255 
47.021715979644235 
47.28739341643317 
46.00883247936105 
44.27098447661004 
46.06713043161288 
47.10063889473143 
46.78077626159291 
46.010365479103626 
46.76733895673444 
46.081430125948316 
46.09523540460229 
46.485938712427426 
45.88699125428583 
47.51880197092198 
47.07748909649315 
46.07051594854966 
46.09097776518368 
46.8112011491573 
46.47462835269294 
46.49504984185901 
46.4095450910918 
46.80248465982215 
45.42363726918347 
47.3365762547771 
46.43859815331532 
46.792347716062864 
46.814596494040515 
45.3846281867947 
46.527841695510155 
46.782256322718474 
45.88181394647753 
45.97876460166219 
45.5712057415178 
0.0 
45.47548974461092 
45.42214226431959 
46.79465947228373 
45.9420225296996 
46.8057342047279 
44.45218165067702 
44.378954610946415 
47.46493823637748 
46.79839773813071 
44.31842421812 
47.142807753676976 
46.71513741768153 
46.36136024796455 
47.300195361542016 
45.512951088880136 
46.40069740452517 
46.788038045712916 
46.049133544733955 
46.07942348603887 
46.8112011491573 
46.024210167311736 
46.42595266258604 
44.450111690486295 
45.94389107709239 
46.49107336117607 
46.024210167311736 
45.952857875420094 
46.0216686097646 
46.79767044338868 
45.919524191650694 
45.499698422113795 
46.402937037015626 
46.832518215802516 
46.47512775852946 
46.86444774285764 
46.512966717111055 
47.28836378299823 
47.12645685657785 
46.04984877577222 
47.29568605085456 
46.72696432412569 
46.81331077688164 
46.115352236264634 
46.74515170266538 
45.46304602578324 
47.50081997474055 
0.0 
46.72556263257301 
