46.40118970175469 
46.47750166332632 
44.40573921557804 
46.09744361280727 
45.3453035284561 
46.44738527019326 
47.039773728623764 
45.827461393099135 
46.42271476710119 
45.35639183111887 
46.713411780623375 
46.49604810440465 
47.294175095625526 
45.93928823502061 
47.306741652393036 
47.21182981595021 
46.75144666720628 
46.7335994909018 
46.470357921451175 
46.77313624433329 
47.28616248927998 
46.791619736820174 
47.05094747296796 
46.445598700107844 
46.037560133517786 
46.07864717370394 
45.984389261975174 
46.35131342661613 
47.04607734875274 
47.2685200324757 
46.52461774021524 
46.445701319892656 
45.879794682265214 
46.48826314266287 
47.20961320385648 
46.76005724222164 
44.58637258452299 
46.45500041714036 
45.47165271805163 
46.346748738533144 
45.89224619909486 
45.46547656885438 
46.76122408945616 
47.02424181305471 
46.02499667966064 
47.03270904880937 
44.498553630167606 
46.699804413043 
46.788796634774236 
46.39265556749736 
46.81513438343524 
46.50870077069527 
45.45465563471365 
46.74080963744783 
46.040587173297716 
44.5036099473441 
46.765939268441755 
46.75512866847311 
46.78008980704053 
46.41098539159723 
46.48408031170917 
46.09620375776023 
46.49428241209463 
46.754954863189944 
45.02297940170172 
0.0 
44.462396753919826 
47.04610835696306 
45.33299890580277 
46.38747464492774 
47.08042223551126 
0.0 
46.521106156949216 
46.47656734377437 
45.48285258105268 
46.703303777077956 
46.43107566331411 
45.50863266502798 
46.80245483650598 
46.97145006187071 
45.87248437003084 
45.481692703214854 
45.98990063873705 
46.39926494628343 
47.034257200221 
46.05255650982431 
46.3604467768869 
47.29022420517772 
46.50470579641407 
46.326692123811966 
46.95631151072789 
45.36428145108968 
46.85231664612141 
47.305391813741494 
46.38319450138773 
46.478068216721134 
46.03266010247622 
47.09449534395657 
46.00002158947767 
47.047913709679804 
