47.45538164214858 
46.98792036314721 
47.421625438404305 
47.2563855585564 
47.695634417429844 
46.94455424330618 
47.68372372803408 
47.4982582627451 
47.2423952178985 
46.94214371006072 
46.94257857778385 
47.67886278449285 
47.63488218512044 
46.91786276881977 
47.48069668708722 
47.48758634407076 
47.21990246004726 
47.649649288971474 
47.49934833308156 
47.65934410553492 
47.223123149953125 
46.61384815733653 
47.20337710127216 
47.697249862572626 
47.711244014450386 
47.46685332131797 
47.49287482734096 
47.617213074662864 
47.273351677600495 
47.66027758611339 
47.605319227678784 
47.42550902966494 
47.471951870622284 
47.46869609295832 
47.6733033606644 
47.236584296041684 
46.96507706351069 
47.23182090052866 
47.650107707570434 
47.19959949710806 
47.45623614577086 
47.25188849404886 
47.44791118619578 
47.6951384603121 
47.454925862713885 
47.7088367167452 
47.6878485409816 
47.62693942828954 
47.68616869212978 
47.61583582911119 
47.67926255608224 
47.280062039219 
47.671239307866465 
46.992594504235754 
47.457852326550956 
47.45198345703703 
47.464125216421856 
47.64596599808858 
47.64266641571261 
46.94099589308656 
47.45660221341072 
47.435814688087845 
47.25563074893904 
47.66505231596104 
47.46531637997603 
47.438681135710084 
47.68093801855499 
47.6624366683926 
47.61252165111589 
47.65970866566529 
47.46767172760382 
47.68137749019818 
47.4649070356497 
46.94559960497494 
47.71036843136922 
47.28043901252739 
47.500870489121446 
47.240597874618615 
47.64241259895737 
47.65914359794076 
47.48241945313463 
47.64502276519869 
47.47369800583642 
47.43782307164527 
47.714319551864826 
47.65791669759823 
46.62800742877174 
47.41240774252829 
47.42014719396865 
47.71640250069014 
47.23758645299382 
47.70514875716372 
47.68093801855499 
47.69248824959247 
47.2268943715896 
47.65089663437049 
47.24195432850971 
47.22914258661064 
47.459107777715346 
47.00064319809634 
