51.39095177162383 
50.8812967584522 
51.162310222026036 
51.38253548975598 
50.89212657832799 
51.39094356555955 
51.389413665646245 
51.38924650060918 
51.38557298515993 
51.39088205498933 
51.15529545997583 
51.15266627269817 
51.15529254676698 
51.16333714488458 
51.3878549667795 
51.146363589835374 
50.884408622030946 
51.384749619303115 
51.38777942111341 
51.38924194643685 
51.15884893024919 
51.15787095204389 
50.90042697582509 
51.39092428355985 
51.162371837901794 
50.89510354636685 
51.15881937263609 
51.16324795552987 
51.389264302458116 
50.896175382968245 
50.88444658998266 
51.39099380014475 
51.389396328483194 
51.38615970510169 
51.15098871649009 
50.90256260109276 
51.15000387218114 
51.1677900339559 
51.164969312317496 
51.38469412022678 
51.375653748790285 
50.58289673068136 
50.90147141840906 
51.38562207078284 
51.38242746109683 
50.8927916934645 
50.57875342605345 
50.88768389142818 
51.1596967908898 
50.89413543706165 
49.58285182409424 
51.13919970271326 
50.884535770243374 
51.3824336662083 
51.38392271132832 
50.891868473480734 
51.39081213755515 
50.89512932297077 
50.87801025954493 
51.387802875432314 
51.158033553838145 
50.16238714376014 
51.386371190582665 
51.38403873505529 
51.38397914421601 
51.387906774895264 
50.894014800909694 
51.15969205722391 
50.901491491723284 
51.159770350933286 
50.89827663074806 
50.90256260109276 
51.382576002931394 
51.38250809307318 
50.56689568473469 
51.166806033638764 
50.89615590359066 
51.382576002931394 
51.15979854727527 
50.566749355896675 
51.160736957927966 
51.15969152873862 
51.36495734469664 
51.1570088797794 
51.15264700706838 
51.38636227722029 
51.15696427743836 
51.15783669946943 
51.38719017255835 
51.38492902539626 
51.36942169538403 
51.16149024356593 
51.38624696026192 
51.39091263838011 
51.1508783169537 
51.3786149209603 
50.574764573396465 
51.39095102071031 
51.158884634907324 
50.89391023725041 
