41.01665681346339 
40.797276776700905 
40.185196460205056 
40.78601786191113 
39.79563728252144 
40.54035340712717 
41.029599668337205 
40.213001123269905 
40.78466412641494 
40.41922190289858 
40.8093651498464 
40.54581298937773 
41.020096591490116 
40.96911200908764 
41.034260353324285 
41.03983365694835 
41.011453195499925 
41.035376864383274 
41.0260169584163 
41.01844783904129 
41.03514250430655 
40.80434623355549 
41.035098126793066 
41.030869245449985 
41.014771215738335 
40.79324559248057 
41.01467701009553 
40.789907381087886 
41.022628846654044 
41.020267552951644 
40.54018795933564 
40.5488766206614 
41.011917137704735 
41.01586011119691 
41.03167992046194 
41.024675097646494 
40.50510647786104 
40.794817399601364 
40.21712486455572 
40.53460813082976 
41.02084947375129 
40.78491027847257 
41.02962539602579 
41.02129581599461 
40.79404953658936 
41.01461410576614 
40.51020222259513 
41.03242301862221 
41.0285053392155 
40.98349553853144 
40.80475024672073 
40.527682412655636 
40.484781488205314 
41.0343103531137 
40.79191011382821 
39.7920847908698 
40.80811554022244 
41.012008683355205 
40.55197124421552 
40.77296746433118 
41.0141582149235 
40.523494392239414 
40.79823916011829 
41.024266483746096 
40.192035610348235 
39.71263543436797 
40.20943918280871 
41.03524489509093 
40.1783385683094 
40.78146790140009 
41.03587586553978 
40.16649040976784 
40.22249281196016 
40.79182978474346 
40.508773754070525 
41.01854020397037 
40.78286700407187 
41.00116686823782 
41.03039222086936 
41.040332633137226 
40.79744344368638 
40.76775836349213 
40.494901515946616 
40.79679394235024 
41.025308304093464 
41.014710812897846 
40.79284934740873 
41.035315506151164 
40.54967394793445 
41.00562083852853 
41.03325952402758 
41.017182646041405 
41.020308036682486 
41.035258923314686 
40.54096381944217 
40.79700021047609 
40.78509095231393 
40.79137842851198 
40.99736001119839 
41.029055377209176 
