51.63509733428023 
51.640175671066245 
51.41620054010172 
51.63490210837782 
51.63869470993402 
51.638754870016896 
51.6401021020966 
51.64018922286082 
51.41626898142159 
51.64017247470423 
51.41705567799841 
51.63875237338671 
51.63503242077194 
51.64022200781056 
51.638801639297185 
51.63649030559838 
51.638637614668035 
51.636515843348654 
51.41626805953037 
51.64023348333086 
51.638690658782345 
51.636444652668445 
51.62765197437725 
51.63797264411677 
51.638656034238814 
51.64021592645588 
51.64025877255696 
51.64019131833597 
51.63789690216745 
51.39893907271235 
51.41626898142159 
51.64020798448835 
51.416274110401105 
51.64017247470423 
51.63792815294152 
51.63573868395267 
51.64022305549757 
51.41626805953037 
51.64018428730202 
51.63649806597713 
51.635776183711755 
51.63791661876091 
51.63720444336377 
51.640250401454104 
51.64019272162709 
51.63794638565032 
51.63503737639924 
51.63871357241451 
51.41429625911571 
51.64026919520739 
51.6372630571041 
51.64009545619837 
51.640269286894295 
51.640161993914404 
51.64024362414172 
51.64020248495048 
51.64017769546732 
51.63212789530536 
51.63715003976205 
51.6402627574174 
51.64018021446633 
51.640269253457475 
51.63722243534875 
51.63509627164506 
51.63578092248095 
51.63853337357319 
51.63283643177536 
51.64012671923812 
51.6402181328136 
51.633495171615955 
51.64017769546732 
51.41450437415516 
51.63795202714171 
51.63877255040067 
51.64022786195883 
51.64012498988286 
51.64026658726135 
51.63864948758702 
51.63872219266924 
51.63863935558485 
51.63509627164506 
51.64027051383956 
51.63495331288716 
51.6372263010006 
51.640238579240254 
51.40931987993916 
51.41627820209954 
51.63877180849201 
51.63866314024831 
51.63872460007744 
51.64021388814517 
51.64003276008947 
51.64019106256141 
51.415338194570836 
51.64025059900544 
51.64017896639565 
51.63866916647565 
51.6349494503228 
51.64015435092487 
51.640236965741316 
