51.39091477873145 
51.145503586238036 
51.38023172789054 
50.879089098536696 
51.16244931427946 
51.16693314689362 
51.390898605507125 
51.38928281357084 
51.15976134032908 
51.39090044229849 
51.15628861196073 
51.160593720763394 
50.15359513245256 
51.162469757132236 
51.39092914131851 
51.15784576952592 
50.89067044699019 
51.38401118193933 
51.384810307379645 
51.388545742730074 
50.89828451375371 
51.1446988231713 
50.89935629654915 
51.38793017797606 
51.381012647038254 
50.89937704154135 
51.38331119117522 
51.373424158734345 
51.38256538142858 
51.16417696548587 
51.38083345342726 
51.39098004768719 
51.386339431870915 
51.37785962684297 
51.15362487958993 
51.38863573334673 
51.15891206504105 
51.166034536421826 
51.16585750689105 
51.16149041409306 
51.153552902542636 
51.39099878213588 
51.164053032263695 
51.38406725496406 
51.38778613075424 
51.38090102792867 
51.15975725770998 
51.38096337419653 
51.37940514726616 
51.153589003360935 
49.58287083289885 
50.56025811138549 
51.15452865614513 
51.15271794105462 
51.38245561151364 
51.3817624489264 
51.164197602422654 
51.153593474756136 
50.562773827711695 
51.39076728787767 
50.89620708347233 
50.16419927090369 
51.38785986419672 
51.38323819787921 
51.386277451415936 
51.38867168055748 
51.160619845047854 
51.16406881266203 
50.90145745990887 
51.38323187934156 
51.158036336679665 
51.38863573334673 
51.38257407420545 
51.16054214485652 
50.13402058886649 
51.38636894969835 
51.16322715042874 
51.38257407420545 
51.383986925482965 
50.569455826608106 
51.167752373908186 
51.375551552430636 
50.57347761582241 
50.89414052660702 
51.38253382079324 
50.89943051328852 
51.38543330202816 
51.158812069873385 
51.38945802935004 
51.367395507184696 
50.885399073626076 
51.38927882843366 
51.38624016937292 
51.165117736165314 
51.15532359097775 
51.15082500817973 
51.160606256512025 
51.39093834457127 
49.57198972645964 
51.38538946479538 
