40.98876604838853 
40.99049334135069 
41.012633570844066 
41.01344895777177 
40.77417827485446 
41.03581736933859 
41.02489306027435 
41.00714545801004 
41.04079817347578 
40.99145947629107 
40.77911665889578 
41.03630213297317 
41.04056813355418 
41.00001695822396 
40.742536025270475 
41.02517558338202 
40.79800763590971 
40.80338128013253 
41.04063064037148 
41.0407768901251 
41.02322821432105 
40.77280149749518 
40.969265523772265 
40.79768037298282 
40.81128348540367 
40.509595768007294 
41.00222018683481 
41.04017824109735 
40.76752718047098 
40.997472604722965 
40.792660804518285 
41.02477438840277 
40.80999623688368 
41.02670887941656 
41.01755865816873 
41.025014437178875 
40.7981746602838 
41.035408924596304 
40.53265880328746 
41.029699738353685 
40.534582722749825 
41.04040024353648 
41.02800688115592 
40.79030553407476 
41.033448015620486 
41.04141508276485 
40.81310772005413 
40.752553675119366 
40.79189976017334 
40.19825061675882 
41.03024418616507 
40.53899765280749 
40.80350295679846 
41.00963126836587 
40.53003047245527 
40.80144056834775 
41.02396714246062 
41.03435781846885 
41.00743212174086 
41.04069711195618 
40.68714040472829 
41.015157844076434 
40.766910592307106 
41.011002361750265 
41.020172505850056 
41.03585757127383 
40.771942179933234 
41.041665319358096 
41.04117796006988 
40.982353374507355 
40.808483208824036 
40.96048719595378 
41.04153711292438 
41.03111315278708 
40.973022558449344 
40.99571307914247 
41.030711516494186 
41.029141628919 
40.80332296792455 
41.04136507418886 
41.0312225755809 
41.0411786604711 
41.014560360892865 
41.02993686969464 
41.02851034769116 
40.77580418983812 
40.810093620057714 
41.029392292947755 
40.994204673175396 
40.98051162771748 
41.036359628046995 
40.96861663002671 
41.03032594963337 
40.14777498401193 
40.12516324713239 
40.15481860593361 
39.220341019731244 
40.48706016138476 
41.01909313776621 
41.00906944205832 
