40.998925997022695 
40.7771122726007 
40.999080002434006 
40.79875038801043 
40.484781488205314 
40.53183135130945 
40.807210408163265 
41.024562654863104 
41.02985846577571 
40.757965957238994 
40.76418670583833 
40.54290291376348 
41.03486791923435 
40.98621318290443 
40.74094537171798 
40.80017971711845 
40.198523083183986 
41.02268744327823 
40.81017494884475 
41.040293031822564 
38.2134232770139 
40.76955806140416 
40.95814897657105 
41.02058953913007 
40.213422077850865 
40.754237268975686 
40.99612023226268 
40.80936959379467 
40.78182520729978 
40.79249846890028 
39.775172274258324 
41.019744931183496 
40.53924061050966 
40.19365021179078 
40.815323430242294 
41.00940453456639 
40.80974944164589 
41.02527330531721 
40.226485494574675 
40.80906799692749 
41.02693112297394 
41.04047167625255 
41.03472386007678 
40.807087651547086 
40.54548181635265 
41.04152103771139 
41.03564250446003 
41.01147324598958 
41.007012331885804 
39.753798999185136 
40.21358335345884 
41.040846489760796 
41.02905233970175 
40.771041180759184 
40.78857935373589 
41.020158842772304 
40.49501658178835 
40.80219030614339 
40.783247783671534 
40.79556715724673 
40.427560360981886 
41.01701843550203 
40.4691934367873 
41.00661462024261 
40.53794609331343 
41.03559105315967 
40.77392487958441 
41.04106952498414 
40.79846874583981 
40.7963861338015 
40.80309723645257 
40.996210400834414 
41.04120791891721 
41.04030870436954 
40.475981371342854 
40.777690775685926 
41.0278678868246 
41.0358730441674 
41.00466041302824 
40.816178991608865 
40.53928339514703 
41.04107312152812 
40.99851258150088 
40.54898974855401 
40.79465164593664 
40.76992493437087 
40.794988025970824 
41.02666289636098 
40.534352064840135 
40.494415171372374 
40.80796581058483 
40.77797946197339 
40.53207058241538 
41.01623831352789 
40.1781088749978 
0.0 
40.799519374740775 
40.96855085536659 
41.03629437837984 
40.782546328996986 
