40.92148386072658 
40.936101695821726 
40.71115014624894 
40.91683434184939 
40.93584531931093 
40.926836932095945 
40.93481165623422 
40.93674208713799 
40.70611372378536 
40.93147381342695 
40.69932269765863 
40.93689955808819 
40.91512003413829 
40.93667920836402 
40.9371794071206 
40.92846888499422 
40.920423106206236 
40.92360453378354 
40.70322532356406 
40.93666690756185 
40.93651708076027 
40.92324161724385 
40.897908628199076 
40.92880806596284 
40.92082294863583 
40.936507543624835 
40.93724742880254 
40.93653326102137 
40.92768047674076 
40.65348733389151 
40.70611372378536 
40.93711865530346 
40.70340343194097 
40.93147381342695 
40.930580687311604 
40.93602537889976 
40.93679205660273 
40.70322532356406 
40.93643166886927 
40.925460693946725 
40.92090966933785 
40.92548938842442 
40.92431485942086 
40.93690449708608 
40.93648424866763 
40.92846888499422 
40.916154180687265 
40.71123858907506 
40.911622767321695 
40.93736273994697 
40.92141232883994 
40.924442110582696 
40.937364969153734 
40.9362824651681 
40.93730452751096 
40.9366665051313 
40.935658838591195 
40.90279450868125 
40.92010125427859 
40.93716661611288 
40.93632252623987 
40.9373679125279 
40.93107020360688 
40.70304382836436 
40.92115962130492 
40.927289415694986 
40.91014072767992 
40.935802857420036 
40.93692916733746 
40.92267509354009 
40.935658838591195 
40.920768906877946 
40.93067709054956 
40.93191545893752 
40.93710790144484 
40.935963504272515 
40.937268846561345 
40.92930707646848 
40.93593605272181 
40.92021276471715 
40.92145329435404 
40.93740769222255 
40.92473100373702 
40.93612043311852 
40.93697418601205 
40.897706332228275 
40.71230103537319 
40.926890681399236 
40.935832848576354 
40.93619634886509 
40.936462570498406 
40.934878317832705 
40.931204718391484 
40.93616391419457 
40.937129922996924 
40.93103450668997 
40.926586265204435 
40.91919155429983 
40.93156403016586 
40.93707991587895 
