51.378666378904725 
51.156850229240824 
51.378678343530346 
51.16249740923879 
50.885259842142304 
50.898383830784574 
51.165112997431855 
51.386255114749076 
51.387788099708345 
51.15080829112077 
51.152601406543944 
50.901582021008004 
51.38930617210696 
51.37488084523002 
51.145583726061126 
51.16324262575891 
50.57338496388467 
51.38555850058622 
51.16599760072399 
51.39084245663461 
48.57750162324888 
51.154321520087976 
51.36706505943495 
51.38484016209246 
50.57749701205605 
51.149859600256455 
51.377879928600855 
51.16591984662685 
51.15789224565801 
51.16070219574552 
50.15544256954128 
51.38476315397345 
50.900525146277005 
50.57202344724526 
51.1676934846952 
51.38172362311454 
51.16595650573509 
51.38631889968941 
50.58145672699231 
51.16589547714 
51.38699767423724 
51.39085894888604 
51.38928691511686 
51.16509840964522 
50.90256331546706 
51.390956976038886 
51.38936409692613 
51.38243641735502 
51.3809784516014 
50.14980903445571 
50.57752489848137 
51.390898008598455 
51.387713972646274 
51.15445139365958 
51.159734869755795 
51.38480141938205 
50.88765215221753 
51.16403424058654 
51.15801822986191 
51.16159831554004 
50.86828057654681 
51.38398675857747 
50.88015609110615 
51.38093877444368 
50.9004089023333 
51.38936645969123 
51.15594838665298 
51.39091952428923 
51.16247611656873 
51.162295267672135 
51.164126152553905 
51.37789019002703 
51.390925297244216 
51.39085433002359 
50.882243108253306 
51.15690440865626 
51.38708690321935 
51.38938199843179 
51.380236075952595 
51.16776578444442 
50.90052795905085 
51.39091195421935 
51.37863012967806 
50.90362657835446 
51.161514300819796 
51.15436284921629 
51.16154851278828 
51.38697491664453 
50.8993356959271 
50.88760836159984 
51.165183064219825 
51.15693232109717 
50.89839429003603 
51.3839249229394 
50.567861601328474 
0.0 
51.16318408771644 
51.36958379843726 
51.38942240043867 
51.157954050443635 
