41.13960820890432 
41.13508033402261 
41.13443638956427 
41.14433441944184 
41.14580515358049 
41.14527886554615 
40.646931754330375 
41.146119946336576 
40.90203854925744 
41.14513990728433 
41.130494039301 
41.14064657676948 
41.14602044873582 
41.14636739446139 
41.135758989273974 
41.12670010818554 
41.14580515358049 
41.1407699201528 
41.145308719678766 
41.12774948666039 
41.14630134512846 
41.1454840479193 
41.14579631815608 
41.14518587904182 
41.14537449273563 
41.13494090321093 
41.1350369882244 
41.14515755721643 
41.144605045059684 
41.145102150135564 
41.12792598312107 
41.128072932299204 
41.14542570492506 
41.09409360063102 
40.917459854035386 
41.140462576044165 
41.14577558258843 
40.90893453001082 
41.13541382501353 
41.14568584322099 
41.14586349080797 
41.1229877174412 
41.144780230886916 
41.14521027784157 
41.139101762224925 
41.12998322505317 
41.0928251275575 
41.145762881165076 
41.14011062625366 
41.1353420368809 
41.14523596265217 
41.13026101675221 
41.13326679946556 
41.1459129058696 
41.13537724769062 
41.145906088957155 
41.145732245447356 
41.14621760216115 
41.144129702893586 
40.91371229815284 
41.12948129613269 
41.144564352744894 
41.14626645282252 
41.132802742538935 
41.14539469986206 
41.14110375748756 
41.14620209691432 
41.14574933319699 
41.14605912261785 
41.14621947532267 
41.13064428306843 
41.14621947532267 
41.14529357070919 
41.14470604212266 
41.14580515358049 
41.13698271494809 
41.14531058611513 
41.145659932843564 
41.144588405445916 
41.14474624721351 
41.145376210629095 
41.1453372263165 
41.134828556155924 
40.8906608229979 
41.146219991219944 
41.14617420919158 
41.14461991882068 
41.146097720535934 
41.135943960555025 
41.14544844284078 
41.14619079119103 
41.14592356504317 
41.10238837751749 
41.14607426835274 
41.12730349197605 
41.13735174059142 
41.14547609424964 
41.14623166398039 
41.1410920087321 
41.12292249094002 
