50.1623131092101 
51.15630309018218 
51.164146390002905 
51.38787122441246 
51.164123183842776 
51.16067079931865 
51.386252843639426 
51.387643202504655 
51.377892319589115 
50.14818140457278 
51.383357497408475 
51.39076481322581 
51.38699717518559 
50.56142261905955 
51.38549842832242 
51.16774725146465 
51.162420083503775 
51.38934527953947 
51.3893874335427 
51.38488552698214 
51.39087101449835 
51.38634574573049 
51.38181608171004 
51.389364997376084 
51.38937089496146 
51.38934947543186 
51.38624086739807 
51.16408020891712 
51.15899290622554 
51.39086785221733 
51.16145499832398 
51.390879014440365 
51.38774982792203 
51.16424488959831 
51.38401416830866 
51.3869738203432 
51.37634423349364 
51.163945814595316 
51.39087561453713 
50.902607352619164 
51.38616854643781 
50.89506664094348 
51.38930178547324 
51.380127539822624 
51.38471911074444 
51.387744852427375 
51.38405197384331 
51.16419873974459 
51.16605756262926 
51.37719082344099 
51.16343513955902 
51.3847661684471 
51.155966466595544 
51.388750581868194 
51.15722606987555 
48.56691198854851 
51.386241166621595 
51.15800727799282 
51.1641953655506 
51.164998474966595 
51.38249780731112 
51.38479190813362 
51.389429066821435 
51.38932618158583 
51.37327069233314 
50.90246456601842 
51.38778424765786 
51.38711348593144 
51.38078203921126 
51.381688041644345 
51.389357002736865 
50.15007820261973 
51.383261758330164 
50.90047138631625 
50.56941637534016 
51.38630344134069 
50.5722372781846 
50.89299720038962 
51.386361159827814 
51.389361396462064 
50.89609094501947 
51.16151094959861 
51.36796185481124 
50.900473395571524 
51.38939523126469 
51.38783547703719 
51.16236587063561 
51.39087148646712 
51.390903652956645 
51.382431335546876 
51.386360626872346 
51.381002631988736 
51.38936365047233 
51.388592356003116 
51.38707581537138 
51.384678306643885 
51.3734953525073 
51.38098879009901 
50.89722275146373 
51.38473008097388 
