51.638654232798466 
51.63723426516726 
51.63717356588307 
51.6401021020966 
51.41710096954086 
51.41627820209954 
51.640266114898246 
51.63573815019737 
51.412769613866764 
51.64021171502838 
51.15194233930766 
51.64019461660576 
51.64015228419269 
51.63870064278451 
51.640219038042936 
51.63717935591824 
51.63707538927081 
51.41626805953037 
51.638761399884096 
51.64019146379429 
51.63504447761955 
51.640206282116516 
51.63879725129955 
51.638769580744054 
51.638761399884096 
51.640250426887135 
51.64024930255658 
51.151020252321345 
51.62768415309881 
51.640131913065645 
51.64017246684934 
51.64017323179276 
51.416201432494276 
51.6372491927491 
51.637227636236446 
51.64017323179276 
51.416201432494276 
51.63872779404551 
51.64023109912605 
51.413648891020756 
51.63725949830954 
51.63803376115637 
51.63794638565032 
51.64024594600181 
51.63865425941114 
51.64018159414742 
51.63865969691975 
51.63794991437425 
51.416274110401105 
51.63804720993567 
51.14890311459926 
51.638771272418566 
51.14889398546114 
51.4162292510985 
51.63433378213527 
51.4144729787148 
51.64021462262064 
51.63719493701666 
51.63721487462662 
51.64026885527927 
51.64024207151163 
51.64018479201673 
51.635799921603414 
51.63719934722931 
51.635712191799215 
51.64012635803321 
51.416274110401105 
51.63419972770639 
51.640182936130735 
51.637322361273704 
51.63868136395715 
51.63868669160121 
51.64026951647647 
51.638761399884096 
51.6401775931403 
51.41624676643865 
51.64026658726135 
51.640183869187155 
51.64013915502554 
51.41710096954086 
51.63576439199045 
51.64026886174189 
51.637974565460446 
51.4162152702278 
51.63729266971825 
51.64016345957157 
51.63649298495095 
51.64018733206393 
51.411053870665185 
51.40844234428165 
51.6380449521297 
51.64025013433334 
51.64022891726255 
51.64019978779539 
51.6402695953933 
51.63878246230369 
51.41626898142159 
51.6402539584734 
51.62766802278547 
51.638754870016896 
