41.041409526041036 
40.473655885022566 
40.796685184221744 
41.01255946586178 
40.511797929689244 
41.04138762386848 
41.03619203252191 
41.034307236679346 
41.022870667969535 
41.040689677505775 
40.77358384751515 
40.76489832503857 
40.77355488529127 
40.801263424230406 
41.03048143469078 
40.74279929402868 
40.483648976360634 
41.01954121624419 
41.02975851555194 
41.03421084961172 
40.785606163718114 
40.78164026713131 
40.53816155578992 
41.04124561863942 
40.79729709815262 
40.52017166885373 
40.78526862271509 
40.800230603867135 
41.03453456440669 
40.52393835675113 
40.483940182310555 
41.04195686002745 
41.03597877392577 
41.023476097409365 
40.75996451829598 
40.54557527794865 
40.755811580977124 
40.81639325036277 
40.805667904876486 
41.01899055831429 
40.988977781721026 
40.23229412162874 
40.54152852029317 
41.02339525202866 
41.011353219186674 
40.511028676860136 
40.21705664061979 
40.49529044922227 
40.78818749315215 
40.51760400063503 
39.23172004010224 
40.7179531278013 
40.4849305626747 
41.01151364089559 
41.016302605299366 
40.50887117642915 
41.03996468227319 
40.520509684442615 
40.46177400200048 
41.02998459634294 
40.78331196437967 
39.797578106641986 
41.025919432522535 
41.01751499625932 
41.016886158137524 
41.03117474587457 
40.516256761652095 
40.78818562425447 
40.54184815115287 
40.78899350139766 
40.53085202473341 
40.54557527794865 
41.01312508924791 
41.01233202444623 
40.1778026210279 
40.812424874327576 
40.5236232498962 
41.01312508924791 
40.789365067556204 
40.17616774587434 
40.792957729385975 
40.788148723629554 
40.95237360683194 
40.778881625680796 
40.76470663128265 
41.02573667126583 
40.77832854653113 
40.78120170280818 
41.02904360873294 
41.02151873277696 
40.966637247845334 
40.79443113090528 
41.0244803518338 
41.04103263986542 
40.75873083202216 
40.99838391965548 
40.20364114488636 
41.0415191525527 
40.786075176251714 
40.51511399703124 
