51.383957644525964 
51.16236444930433 
50.56941570771566 
51.158891864657505 
50.16222000228955 
50.90135268784703 
51.38776559689608 
50.57839536932366 
51.158769478764995 
50.866049800453816 
51.16592579126463 
50.90259448432802 
51.38479586069379 
51.37016185296906 
51.38924339242909 
51.39080285321518 
51.382434066131104 
51.389339455429116 
51.38638932931196 
51.384116464009594 
51.38932915970209 
51.16422793029785 
51.38931834242055 
51.38787548395524 
51.383259859505806 
51.16076281665332 
51.383253474605475 
51.160475827653315 
51.385556961224886 
51.38481399341314 
50.90134855266529 
50.90360637416377 
51.382479431970076 
51.38335710729987 
51.38848234658914 
51.386265911704996 
50.8907876819822 
51.16214450646398 
50.57876120448138 
50.89936197535037 
51.38538882000395 
51.15878056716169 
51.387775834151235 
51.385433760821776 
51.16145526348164 
51.38324973425883 
50.89198327253602 
51.38854312966113 
51.387135212246285 
51.374107025782806 
51.164263905125814 
50.89726121574402 
50.885259842142304 
51.38871623437711 
51.160652054406334 
50.160665330354654 
51.16580840095494 
51.38248198271093 
50.90462760261011 
51.15524288131561 
51.38320267723383 
50.89614605061203 
51.1624539533507 
51.38622967076213 
50.57188311806787 
50.13748145826115 
50.57621378945278 
51.389328246789596 
50.56786778618141 
51.15785716445465 
51.389385918621166 
50.564030562908485 
50.5801747531873 
51.16063383363381 
50.891857677263886 
51.38465885620078 
51.15798330360458 
51.37939277491605 
51.3878373348224 
51.3908435442681 
51.16238289147887 
51.15353729034943 
50.88764575535249 
51.16232221673347 
51.386325636995394 
51.38326775818419 
51.16135959058849 
51.38934165017259 
50.90367942762534 
51.38085365396599 
51.38862386141528 
51.38400472930852 
51.38481512662592 
51.3893323834016 
50.9014076606732 
51.162338948365374 
51.158808068420285 
51.16060393386744 
51.377992873563215 
51.387716091117824 
