41.14528851618266 
41.09198378157045 
41.134447680158736 
40.90869713735674 
41.145893717422275 
41.124670479607175 
41.1456838704349 
41.146156224830435 
41.1376843579148 
40.90480722211364 
40.90766275527004 
41.14532108505297 
41.144874117903086 
40.90164192958695 
41.10774932372829 
41.132723485888995 
41.135303186970134 
41.144415158556995 
41.14622239919958 
41.14537404672511 
41.13788591221674 
40.62254653743828 
41.13278413797049 
41.14609900358083 
41.146285253246035 
41.13534779657072 
41.13069426542043 
41.144503072308595 
41.136103125246464 
41.14601514776752 
41.14520140372961 
41.1376843579148 
41.14580735442742 
41.13493018025816 
41.14470896331434 
40.914017147974086 
41.124863533959285 
41.137881741668906 
41.14530738820357 
41.12128065218563 
41.146330264172526 
41.13078101059587 
41.13378871319515 
41.14633233821998 
41.14530371665031 
41.146274745510546 
41.145668599286466 
41.144222638972806 
41.14622119780181 
41.14627538229942 
41.14571114906642 
40.897246784268496 
41.146199545781414 
40.62622329964368 
41.1394822622569 
41.137792171724776 
41.145613929906574 
41.14425579151226 
41.14409407425352 
40.90832063030295 
41.13392288164194 
41.14011896563048 
41.14637004682877 
41.145230838333326 
41.14554262494537 
41.13960348670847 
41.14555797294961 
41.145026127446705 
41.144575875994406 
41.14499227479021 
41.13783435318338 
41.146217437712984 
41.137555776773844 
41.129593109384516 
41.14609941029255 
40.89444320073168 
41.14613434965736 
41.13611872131054 
41.14487639435985 
41.145223545523464 
41.14624116901492 
41.14470896331434 
41.13521827809927 
41.13474821908592 
41.14627339919711 
41.14559838862542 
40.89308185381251 
41.13855433985561 
41.13467135924611 
41.14623742975708 
40.91164592443892 
41.146150412654215 
41.14555797294961 
41.14592359207097 
41.13562279982843 
41.14529432981057 
41.13289012249892 
41.12036574552587 
41.14544461330323 
41.13289012249892 
