40.93042824819932 
40.92579609970836 
40.925121826848084 
40.935264250631306 
40.711822406997626 
40.70932051456314 
40.93722483922425 
40.920425715347676 
40.696310541228875 
40.936583802172606 
40.440717879245156 
40.93626453953552 
40.93581300345424 
40.93089406865275 
40.93665659402272 
40.92520590363769 
40.92396658237432 
40.70916265293328 
40.93164561111598 
40.936285539905185 
40.91828712482879 
40.93651093725261 
40.93220514558536 
40.93182948312775 
40.93164561111598 
40.93703546713138 
40.93699303035896 
40.438568186997024 
40.892588012334265 
40.935656511607476 
40.93611072575135 
40.93606744890416 
40.70830079543463 
40.925955623412555 
40.92575178440903 
40.93606744890416 
40.70830079543463 
40.93132570271045 
40.93677618991536 
40.699569049595155 
40.926147812104425 
40.92927824347059 
40.92811942062194 
40.93700190822515 
40.9304292500947 
40.936182692777095 
40.930498671657766 
40.92818811152951 
40.7092343350645 
40.9294505098952 
40.43066879107005 
40.93174696947557 
40.43052466255395 
40.70871763998882 
40.91606264537413 
40.70215577371544 
40.93655218530654 
40.925393337952514 
40.925530672532716 
40.937336437967126 
40.936993971873115 
40.936236346642126 
40.9211423745284 
40.9253476897069 
40.9200427646513 
40.93550397361781 
40.7092343350645 
40.91442214364899 
40.936089033095456 
40.92691001913353 
40.9307073619074 
40.93070277264207 
40.93736237355668 
40.93164561111598 
40.936168919632166 
40.70892222207962 
40.9372435021048 
40.936272128379485 
40.935652612120904 
40.711822406997626 
40.920818942489255 
40.93733643636105 
40.92851552993879 
40.708427132492446 
40.92652519269435 
40.9359682423301 
40.92326895644491 
40.93626626954579 
40.6902980203809 
40.6808193681818 
40.92936105310966 
40.93695271746865 
40.936833576655125 
40.936398162715214 
40.937366112870826 
40.93190653567072 
40.709206513921345 
40.93703097252552 
40.89238103313843 
40.93160499601427 
