41.04104715460897 
40.74013705155506 
41.00465020334155 
40.46558625899855 
40.79825238124193 
40.813788407314085 
41.040946969204064 
41.03472311522775 
40.788916543673345 
41.04094313358386 
40.77780778808663 
40.79133801178934 
39.76835255501163 
40.79849040984799 
41.04115043474132 
40.781294595911774 
40.50390193231063 
41.01721771380117 
41.020283168511135 
41.03238523496466 
40.53087509240288 
40.73804317460071 
40.53452735616142 
41.03147222278975 
41.00742507764608 
40.53478280726336 
41.015319630927486 
40.9818682879108 
41.012950968551806 
40.80379250209954 
41.00538312030833 
41.04181177321867 
41.02553808483996 
40.99588117874046 
40.76873019629462 
41.03348893972305 
40.78626979472988 
40.81061747748656 
40.80867794627756 
40.79442304739547 
40.767914073250694 
41.04207087283758 
40.80240155293048 
41.0179274326769 
41.02979710741318 
41.00623309190524 
40.78891206724718 
41.00689235660076 
41.001348816321915 
40.76832347094178 
39.231927970978866 
40.155422172024046 
40.771884542660146 
40.76547819956197 
41.011758046119105 
41.009918215472204 
40.8039886512129 
40.76840984683331 
40.16278261982949 
41.039457951921214 
40.52415519640716 
39.80402723148555 
41.03072970361417 
41.01455094692246 
41.02482492804325 
41.03381965147302 
40.79156751214368 
40.80256829471321 
40.54149853711988 
41.01446317842779 
40.78348615061362 
41.03348893972305 
41.01312991776654 
40.7907867053884 
39.70165627105909 
41.025914492712836 
40.800037266532904 
41.01312991776654 
41.017033501792774 
40.18566114176331 
40.816107459886936 
40.987918882401225 
40.19958476120231 
40.51769177081279 
41.01257377771096 
40.53536073993471 
41.021290291974246 
40.78523089905278 
41.03662432478244 
40.9618507015566 
40.48622752997606 
41.034651947952156 
41.02444810940897 
40.80731716374483 
40.773867804131605 
40.758104465465834 
40.791468725577815 
41.04141235115904 
39.193260542062156 
41.02081406947912 
