41.03576948495911 
40.15388618953955 
40.80014997077829 
40.50878490387472 
40.7943427121385 
41.03057005468174 
41.020815961814314 
40.80889198070802 
41.01277943419512 
41.03562156190541 
40.779746170026286 
40.519725715305384 
40.989744460788266 
40.79487011791352 
40.81549169583959 
40.53829726601954 
40.99119333894333 
40.79399556984658 
41.02475823062072 
41.02405386572054 
40.52046653278825 
39.80414309499661 
39.203205803095344 
41.02602881211289 
40.78842355196171 
40.75818541386666 
41.01218740282151 
40.7799977734602 
41.0122218667566 
40.53772746695677 
40.4901476138538 
41.03617911292375 
41.022952676084444 
41.00784130751923 
40.71660047606447 
40.21363816595176 
40.981358209236895 
40.545773151533595 
40.79980342432119 
40.18690343527894 
40.784737510908386 
41.0415619818016 
40.785416928328154 
41.02463462433484 
40.79952191387278 
40.201609190104215 
40.53810102862473 
40.78177019307894 
41.011985123305955 
40.75689338600928 
39.23187223006436 
40.144560927615 
40.513908584771535 
40.78491015794884 
41.01174446853172 
40.785378291337885 
40.79713007715766 
39.212771254202835 
40.41922190289858 
40.811698284604326 
41.024465780003574 
40.78177984028706 
41.01548600230016 
41.02739181229392 
40.52722643769101 
40.79853672913791 
40.78538738044838 
41.01720579071285 
40.78777159778455 
40.781477312014204 
41.017614699487716 
40.21363816595176 
41.02026905414851 
41.01670943905234 
40.172269136665136 
40.53460087001844 
41.00963198634759 
41.02026905414851 
40.79960805366591 
40.77356521773849 
41.02597198048894 
40.206984763210976 
40.750767998416755 
40.52461582957378 
40.77290297570847 
40.997807399666996 
40.79547835631168 
40.986489557011744 
41.03616768398966 
40.76902225027358 
40.73264838861652 
41.03419373146431 
40.53350080311245 
41.025595924719866 
40.53571556049932 
40.48852982692548 
41.02920192549911 
41.03642479865174 
40.77957952211998 
40.79019125273184 
