51.638690846939426 
51.64018023988815 
51.63792673286512 
51.640061481037115 
51.4162570427717 
51.41713430371246 
51.640266748737965 
51.63650250933913 
51.63719989175098 
51.6401729883418 
51.415255518953224 
51.41533644161041 
51.63870204082062 
51.63864917991686 
51.64024318674036 
51.414427602773884 
51.638562624165445 
51.41455513170537 
51.63876976593617 
51.64018884594686 
51.635027635106134 
51.64020171122003 
51.6402641610003 
51.63803031961231 
51.63876976593617 
51.64026584890212 
51.64024472426291 
51.414566736017356 
51.62915980925793 
51.63795997088545 
51.64021403526914 
51.64018375580074 
51.637241990791686 
51.63868905266904 
51.638717361908235 
51.64018375580074 
51.637241990791686 
51.63651178336355 
51.64021898553145 
51.635056678569946 
51.63873825392114 
51.636564437575196 
51.63797509957192 
51.640267018255464 
51.64012917535707 
51.6402076441606 
51.63868398327669 
51.636481193941464 
51.414570233336164 
51.63585606863027 
51.411080461545104 
51.63877178766167 
51.4136263049029 
51.41622666047946 
51.63211968767928 
51.15190594037433 
51.41711436554575 
51.63719820050082 
51.63579466074718 
51.64026904998751 
51.64026316083871 
51.6380046293798 
51.633588124240184 
51.63577914540504 
51.63718021438655 
51.64012974792875 
51.414570233336164 
51.146785119500706 
51.6401686187327 
51.6402550094638 
51.638697573392804 
51.640146288701594 
51.640269663004204 
51.63876974754621 
51.64019323659895 
51.63730937593239 
51.64026712012852 
51.64019948648969 
51.6401339531592 
51.4162570427717 
51.63431379849646 
51.64026876354357 
51.414473027544716 
51.4136276285129 
51.64021769493595 
51.64009144199976 
51.63797045273817 
51.64020290740545 
51.41102319977108 
51.411869862664226 
51.63877400388789 
51.640253040024525 
51.4153873252039 
51.64019245768643 
51.64026953294297 
51.63876752673927 
51.41540316654411 
51.64024433985156 
51.62912863533769 
51.637314932252195 
