40.919015656368934 
40.93616443993227 
40.708354758766596 
40.916608027972174 
40.93080445901648 
40.93160499601427 
40.935264250631306 
40.936267361086905 
40.709206513921345 
40.93611000953287 
40.71128717795073 
40.93150569513169 
40.91824267647226 
40.93663009024296 
40.932235028440985 
40.92316091988622 
40.93020052296253 
40.923598124293264 
40.70916265293328 
40.936869921510606 
40.930789951299865 
40.922649177160444 
40.89217613420024 
40.928512458743924 
40.93042766318583 
40.936605990195844 
40.93715195678285 
40.93635080465961 
40.927598718190026 
40.647121541283425 
40.709206513921345 
40.936581300369255 
40.7092343350645 
40.93611000953287 
40.927900969963346 
40.920373914477494 
40.93667086472729 
40.70916265293328 
40.93629046244142 
40.92324931041642 
40.920925540197935 
40.92773094082521 
40.92555326318596 
40.93703554805157 
40.93633488085612 
40.92811942062194 
40.91829551384311 
40.93112038011732 
40.700026690098 
40.937350252495 
40.92629120553123 
40.93514484207712 
40.937353958004444 
40.93598193999582 
40.93705703775932 
40.936508298481996 
40.936173106000396 
40.90832925994998 
40.924836820500275 
40.937237246093005 
40.936200236721874 
40.93735202411381 
40.92568971505129 
40.918972803294984 
40.92096866600263 
40.92894938807975 
40.91058038509192 
40.935591758696376 
40.936694911236984 
40.91223936534808 
40.936173106000396 
40.70256508006164 
40.928198500093885 
40.931800802447256 
40.936792634398614 
40.93552404882835 
40.9372435021048 
40.93038313369851 
40.93117392581829 
40.930197744084374 
40.918972803294984 
40.937402485950635 
40.917196013234516 
40.9257707462566 
40.93685372666737 
40.68408833415552 
40.70932051456314 
40.931842983008316 
40.93049135723078 
40.93119784699487 
40.9365233088256 
40.93446151181338 
40.93634147024994 
40.70531160248867 
40.937042179804315 
40.93607585751404 
40.93058658383153 
40.91718667598132 
40.935896125511924 
40.936935936105456 
