34.44550837564742 
34.16414198875693 
34.433611459665 
34.433457582363594 
34.43958100801586 
34.44551257211202 
34.44522159639323 
34.445500719898526 
34.44530239299133 
34.4455103330371 
34.43956211110565 
34.1753159405447 
34.44476097498121 
34.43325223957569 
34.44558503572802 
34.43947085900671 
34.445109310600394 
34.427607976578194 
34.44541412297674 
34.44537027418321 
34.44530128291242 
33.84865264350461 
33.83987416779786 
34.445582036837116 
34.44544564718457 
34.44497498661124 
34.44497474281846 
34.439186444647284 
34.44543982697755 
34.1794047367992 
34.43901246628001 
34.445510285862944 
34.44559559099253 
34.445063637841486 
34.43794777090477 
34.1795494874489 
34.44557705030546 
34.4367127372052 
34.43937761553133 
34.421854390230415 
34.43905884252246 
34.44558799576547 
34.439578985598914 
34.44532463546478 
34.43937921817175 
34.43325633402583 
34.17938767865623 
34.439117978024136 
34.44527481690787 
34.43886405535798 
33.44243714629262 
34.43900234980943 
34.17243691587207 
34.43642293885484 
34.44515284041771 
34.43957800268666 
34.44524123191488 
33.442423691526166 
34.43857861203539 
34.43959607487717 
34.44522171919394 
34.44529008265624 
34.44522487555713 
34.44540617268506 
34.445407067208386 
34.445374025967176 
34.430470842527626 
34.44526111523105 
34.43927016569752 
34.43936043046199 
34.4452329223246 
34.1795494874489 
34.44536803482576 
34.445295219864526 
34.4269952615151 
34.43971051896382 
34.44525481560839 
34.44536803482576 
34.43950113066976 
34.445365691547956 
34.44559528336118 
34.433535354406615 
34.4331265394765 
34.43921395730456 
34.44491236845142 
34.44505073452474 
34.43913437514866 
34.444741173925095 
34.445585393431394 
34.43926814538403 
34.43884910958388 
34.44549813917514 
34.17937735318631 
34.445439771167486 
34.43951076739723 
34.17946122646078 
34.44549701389197 
34.445515124505185 
34.43647988642307 
34.43906441313622 
