43.07065086984913 
43.07066936984523 
43.07068883454479 
43.07070566165286 
43.070685046524716 
43.07072172788488 
43.070708023321636 
43.070676429746385 
43.070727932408424 
43.07067584011659 
43.0707118437462 
43.070727978925404 
43.0707277283366 
43.07072143554299 
43.06886912117979 
43.07070877230554 
43.068946668166 
43.070714562592016 
43.07072785631171 
43.07072742750754 
43.070705386306145 
43.068940156218844 
43.07067862085885 
43.07071482793648 
43.070728073647544 
42.80463479673569 
43.070669621860205 
43.070728073647544 
43.0689078759353 
43.0706894290175 
43.07070863554757 
43.0707150651967 
43.068966511239175 
43.070708815031935 
43.070698595873075 
43.07072776294824 
43.07071498680081 
43.070721071742994 
43.06543073465408 
43.07072783459555 
42.806789129698686 
43.070727736497965 
43.07071227429772 
43.06716745350006 
43.07071817917581 
43.0707280683667 
43.07072844656757 
43.066162043944644 
43.06893084790889 
43.06366203136168 
43.070715261660624 
42.80680174495699 
43.068068329962074 
43.070692177350914 
42.80469007184806 
43.06895965949459 
43.0707021605042 
43.07072064045964 
43.07068932386112 
43.07072789135672 
43.070560403069024 
43.070692033009514 
43.06895959800615 
43.070692647844375 
43.07072845265674 
43.0707214748436 
43.07069144391895 
43.070728406793336 
43.07072808913633 
43.07067333456162 
43.07072742601551 
43.070593188541146 
43.07072837077121 
43.07070569698716 
43.07066917273864 
43.070662816581105 
43.07071508520316 
43.070708796610056 
43.06893358925995 
43.07072830259274 
43.070715174055714 
43.07072785712301 
43.07072153089976 
43.07071459576127 
43.0706960017861 
43.06806161358713 
43.07072158742568 
43.07070223212795 
43.07070523579669 
43.070694800155145 
43.07072178969196 
43.07064396859961 
43.07071500896319 
42.806739194883576 
43.06881826004275 
42.806754989644155 
41.48223078234605 
42.80671657758258 
43.07069930417745 
43.07070203373463 
