43.06806528600634 
43.07072758213941 
42.80681286655116 
43.07068639993695 
43.07072749848991 
43.067156935756465 
43.06896610178991 
43.0707274810971 
43.07068219403266 
43.068901321293595 
43.07072837408682 
43.070728071732596 
43.07069848545984 
43.068888399237544 
43.07071456877244 
43.07072762844307 
43.070695178916026 
43.070708850382395 
43.06719326790722 
43.07072838832782 
43.07072838308494 
43.07072187060352 
43.070727706843435 
43.07072821783792 
43.07070172714936 
43.06806522850025 
43.07070176956956 
43.07068895496038 
43.068914966658916 
43.07072821891001 
43.07071118356485 
43.07072814800967 
43.07070826599819 
43.06896018242489 
43.070720888672625 
43.070701800798204 
43.070675504483134 
43.068942450321394 
43.06893725209208 
43.06628459289343 
43.07071750900999 
43.07070854293886 
43.07072111023715 
43.07069908280088 
43.07072134672331 
43.07072110525583 
42.80680546587348 
43.07070848897863 
43.07070569924726 
43.07072817393598 
43.070721981921224 
43.067128198891844 
43.06887537932204 
43.07072840692046 
43.06627822421782 
42.804667124415126 
43.06894006392904 
43.07070173836355 
43.070721585511976 
43.06894667053003 
43.06894310960563 
43.06895962454906 
43.07072842849232 
43.07071533277274 
43.068913955943884 
42.806773630379254 
43.070728071732596 
43.070715361444435 
42.80465449078343 
43.07068904755207 
43.07071525168028 
42.80569739769093 
43.06893719736646 
43.068956778931344 
42.48222083191606 
43.07072149188354 
43.07070875854253 
43.07069240421472 
43.070699123146575 
43.070721291692706 
42.805740590246096 
43.065436955912986 
43.06891424096629 
43.06894686932578 
43.07072142457913 
43.07072132071785 
42.80679725663414 
43.07072825185375 
43.07072804940019 
43.068933338228554 
43.07071507440541 
43.070728353210065 
43.07068912250951 
43.07070840749285 
43.07070824842525 
43.06895350250038 
42.804650733655976 
43.06894038716058 
43.070666951390066 
43.07072839918887 
