43.07072815410805 
42.805612822964896 
43.068950102023074 
43.07068927940437 
43.068947370174044 
43.07072830004313 
43.07072156015291 
43.070727517797025 
43.070708975811264 
43.07072810230774 
43.068039730785976 
43.065394845082835 
43.06891801387598 
43.06804943331989 
43.070721514155146 
43.06888218224211 
42.80673166982861 
43.07070168010648 
43.07071546403914 
43.07072167031076 
43.07069888899077 
43.06891185479873 
42.80574033125141 
43.070728047528824 
43.068966604766274 
43.068937230162554 
43.07068895315268 
43.067164211366986 
43.07072780962857 
42.80679778730498 
43.06888900730196 
43.0707283104049 
43.07072837224997 
43.070714582640484 
43.068828023337225 
42.806813461891295 
43.068947261433614 
43.06808517635621 
43.06895667082112 
43.070714554324525 
43.07066985882442 
42.484885397451556 
43.06720299933252 
43.07069917758067 
43.070692196633836 
43.06805492149733 
42.484850481196666 
42.80674310477994 
43.06628736795813 
43.06715099706598 
41.484884663447744 
43.07066644605038 
43.06717381028099 
43.070688477203525 
43.070692253778866 
43.06894716469094 
43.07072753272783 
43.063629903369396 
43.068901321293595 
43.07072105210112 
43.06891176664282 
42.47824942510607 
43.07070870976452 
43.07072171397817 
43.070705304876576 
43.07072187465674 
43.06540746883414 
43.0707052613572 
43.065397835806046 
43.0707054499683 
43.06892791273946 
42.806813461891295 
43.0706892862691 
43.07069279418707 
43.06358778243352 
43.070727728877095 
43.06716079567447 
43.0706892862691 
43.07069279418707 
43.067183358310835 
43.06808508280935 
43.068959912841 
43.07064375394144 
43.068905459321364 
43.070659734983636 
43.070715184199415 
43.06891772604569 
43.0689333174867 
43.0707283104049 
43.070721958558 
43.07068870014032 
43.070701969788715 
43.07070809195755 
43.070728218653734 
43.067137766165786 
43.070721693674614 
43.06717331680573 
43.07072809007397 
43.06891463131842 
42.80676657681334 
