34.53205799375158 
34.53201487839635 
34.53188735818697 
34.53214428070071 
34.53216250215533 
34.53214535798533 
34.262577783547094 
34.532161118559785 
34.531966875485764 
34.532148191406705 
34.53202453623594 
34.53216542590102 
34.5321628108016 
34.53216542590102 
34.53201774767497 
34.531859069364124 
34.53216250215533 
34.53215984372972 
34.532150246841596 
34.53190203580902 
34.53216516603469 
34.532152225503424 
34.532159447337655 
34.53214483818733 
34.53216307769492 
34.53200906101154 
34.53193991958504 
34.53215524909415 
34.53215524909415 
34.53214321561032 
34.53191077608668 
34.53187962119566 
34.532152225503424 
34.53204456744439 
34.52635535623166 
34.53216277398472 
34.532156141414276 
34.52615953096053 
34.531952459705806 
34.532158781728576 
34.53216250215533 
34.531804689394136 
34.53214535798533 
34.532150519370155 
34.532064391570536 
34.532014455074915 
34.53087362699951 
34.532160405043 
34.53207504813155 
34.53190142113464 
34.532163696613125 
34.53216542590102 
34.53200325045639 
34.53216521458179 
34.53202453623594 
34.532160405043 
34.53216542590102 
34.53216450908079 
34.532134915357936 
34.52615074264995 
34.53187262721206 
34.53214428070071 
34.532163696613125 
34.531941538383215 
34.532160405043 
34.532162267955776 
34.53216517277089 
34.532163348653135 
34.53216230854727 
34.53216542590102 
34.53201394864548 
34.53216542590102 
34.53216542590102 
34.53215144101919 
34.53216250215533 
34.532000216267406 
34.53214548359396 
34.53216426106073 
34.53214098461476 
34.53214494922005 
34.53216282915197 
34.53214535798533 
34.53200325045639 
34.52632220291768 
34.53216542590102 
34.53216456732572 
34.53214428070071 
34.53216332606361 
34.53209588307278 
34.532163696613125 
34.53216390439026 
34.532160405043 
34.532157678147826 
34.53216307769492 
34.531873566114875 
34.532008595117965 
34.53216331810791 
34.532164085687114 
34.532162077135084 
34.53177298590881 
