34.44557853828761 
34.43843144294809 
34.445332974376626 
34.41734839312736 
34.445406670238675 
34.44559408218621 
34.44557833233436 
34.44550416110253 
34.44516606762967 
34.44558668402394 
34.43343486136244 
34.433394222942795 
33.44186789330987 
34.43939354531041 
34.445589394634496 
34.439277690273606 
34.179183758876114 
34.445198886964064 
34.44545145515783 
34.44544508304258 
34.44543788182594 
34.43866037272748 
34.17587353417947 
34.44558750487226 
34.445516748831515 
34.433682341415135 
34.44494554000702 
34.444773454748194 
34.44537826297054 
34.439649139123205 
34.44518079939625 
34.44558911518144 
34.445595696372756 
34.44502602155142 
34.433063852886086 
34.44559699639034 
34.43653788889436 
34.43376739664694 
34.43970345778244 
34.43955582110034 
34.438991830193046 
34.445595098683675 
34.44550058891999 
34.445189163626196 
34.4455112763966 
34.44510684501709 
34.439284306202524 
34.44506667401898 
34.444983665348296 
34.43917780120232 
33.82255308139572 
34.433398285275416 
34.43629277626354 
34.43888566693135 
34.44507817968026 
34.44533481118677 
34.44525572157403 
34.432865769835786 
34.16865432439263 
34.44556990142111 
34.439286370898756 
33.44249447799649 
34.44544083877356 
34.44540396317 
34.44536170773258 
34.44549031169263 
34.439502168931554 
34.44543415395053 
34.41863465392441 
34.445440327787985 
34.439192991130646 
34.44559699639034 
34.44519015327013 
34.44529984429229 
34.16082570643363 
34.44543364832778 
34.43960519481804 
34.44519015327013 
34.44529984429229 
34.176012658219605 
34.44559135499736 
34.44508395557707 
34.427545635968805 
34.43309124159244 
34.44513634211547 
34.17933295208936 
34.44529317855188 
34.4392608516454 
34.44558911518144 
34.44545220214311 
34.43324451496671 
34.44550243156 
34.44529959142657 
34.439651397591376 
34.43921603424077 
34.43968859760007 
34.439463839937495 
34.445582644027624 
33.826285487546784 
34.44529317855188 
