43.07068282181037 
43.06891728413911 
43.070659734983636 
43.07071530762486 
43.06887537932204 
43.070705663123526 
43.07069529996233 
43.07068904852878 
43.070720957266545 
43.0689235281082 
43.068937294762776 
43.07072798890285 
43.07072122003195 
43.07072795024599 
43.068898172688904 
43.07072155008921 
43.06717329504616 
43.06895696437988 
43.070728122046816 
43.07072757770282 
43.06892115727234 
43.068914044352965 
43.067166653172244 
43.070715164705355 
43.070728071732596 
43.068898301273315 
43.07067885494315 
43.070702500447084 
43.067166243960806 
43.0689600021207 
43.070708575176695 
43.07071499502097 
43.068966707707446 
43.070708674003015 
43.070721200964776 
43.068946662852994 
43.07070527956548 
43.07072751801972 
43.06716756650463 
43.07072779865148 
43.068946160578626 
43.07072145274488 
43.068953807659554 
43.06890525233368 
43.07072779159829 
43.07072796417107 
43.070728421498785 
43.07070514130169 
43.06892427816328 
43.06538140791089 
42.80361183718175 
43.070727996013204 
43.068950017284905 
43.0706599115436 
42.805740590246096 
43.06895338000457 
43.06891167281773 
43.06894632799801 
43.068930734846894 
43.07072814541009 
42.805524105333646 
43.06807777899758 
42.80362285877731 
43.07071498071267 
43.07072845466225 
43.0707151432779 
43.07070405633927 
43.070728371703844 
43.070721735207655 
43.06895317913309 
43.07072101324745 
43.07070857380629 
43.070728415961995 
43.07070873521705 
43.06892034101365 
43.06890145961074 
43.07071501545861 
43.070727781703766 
43.07069822274105 
43.07072838308494 
43.070721513695695 
43.06894997305254 
43.070692196633836 
43.07072104697408 
43.0707054532785 
43.0689304415924 
43.070718311668664 
43.07070810729726 
43.070711741924754 
43.07067592071245 
43.07072182738136 
43.07072094756 
43.07068916581496 
43.07068231276807 
43.07066965477811 
43.07066628881789 
43.07072148928301 
43.070609174832505 
43.070715362147354 
43.070701891378526 
