34.532065336852924 
34.532153249240494 
34.53199389412933 
34.53214070099272 
34.532164126336625 
34.53215055734878 
34.53215205041871 
34.53216199676507 
34.532072277286915 
34.53208797553353 
34.532157499927926 
34.53216542584295 
34.532162877292656 
34.53216542584295 
34.53215490438411 
34.531923951279715 
34.532164126336625 
34.53216117535308 
34.532148260918134 
34.53180059920249 
34.532165220098506 
34.532159192754705 
34.53208974939666 
34.53214164181166 
34.53216400926602 
34.53214070099272 
34.53204646366784 
34.53215299941829 
34.53215299941829 
34.53214876660357 
34.532088576945675 
34.53215782500936 
34.532159192754705 
34.53208256449705 
34.53214822921117 
34.532089803231 
34.53215505705304 
34.531950939828974 
34.53205604277847 
34.532162877292656 
34.532164126336625 
34.53214639694199 
34.53215055734878 
34.53215451449465 
34.53213573103576 
34.5320826607257 
34.52548736957468 
34.53215724406707 
34.53214647063466 
34.53200638586736 
34.53216390026724 
34.53216542584295 
34.53187681077009 
34.53216521022649 
34.532157499927926 
34.53215724406707 
34.53216542584295 
34.532164577604235 
34.53200171460374 
34.52625629073867 
34.53201200121358 
34.53214070099272 
34.53216390026724 
34.53215205041871 
34.53215724406707 
34.532163199701614 
34.53216520575504 
34.53216538728401 
34.53216073384031 
34.53216542584295 
34.53215118109227 
34.53216542584295 
34.53216542584295 
34.53215353849298 
34.532164126336625 
34.5319991553103 
34.53215063156387 
34.53216429294156 
34.53208570856288 
34.53214657493097 
34.53216289750129 
34.53215055734878 
34.53187681077009 
34.526356324094635 
34.53216542584295 
34.53216467388548 
34.53214070099272 
34.532164830269906 
34.53209227943451 
34.53216390026724 
34.532163835750644 
34.53215724406707 
34.53215594455338 
34.53216400926602 
34.53194296563293 
34.532045049297125 
34.532163178563856 
34.532164105082735 
34.53216309540651 
34.53194967979765 
