34.44508187602989 
34.43915271241705 
34.44481228469526 
34.445446330346165 
34.438688427574895 
34.44533973867143 
34.445207780290765 
34.44514432609183 
34.4454905566933 
34.439216547126 
34.4393916152125 
34.44558086272097 
34.4454975795553 
34.445579178715754 
34.4389470316869 
34.44551161006871 
34.43349095535194 
34.439616144503674 
34.44558602947846 
34.44556686365097 
34.43921191399627 
34.439116469551166 
34.433411443906 
34.44544193240294 
34.445585855159045 
34.43895166232226 
34.44501800391798 
34.44530845150686 
34.43339768841931 
34.43964580998755 
34.44536446545142 
34.44543629422704 
34.43972577881854 
34.44536942619913 
34.44549821286611 
34.43948764285859 
34.44532707902855 
34.4455636495791 
34.4334454161041 
34.44557664351648 
34.43946862267251 
34.44550875402779 
34.43958396275065 
34.43904143728974 
34.445573882133445 
34.44558082572345 
34.44559739743903 
34.445320337925374 
34.439242730848434 
34.42728362533558 
34.1687260428001 
34.44558266912425 
34.439526859861004 
34.4448187416606 
34.17593344052652 
34.4395680126589 
34.43911272462425 
34.43947401441549 
34.439315391341474 
34.44558686876418 
34.173540770994514 
34.43667997366898 
34.168834414604085 
34.44543556764588 
34.44559939743953 
34.445440361644025 
34.44528147459198 
34.445595355320656 
34.445517147312565 
34.43955963924371 
34.445490436197126 
34.44536526712293 
34.445596742343454 
34.44537088911012 
34.43918269339866 
34.438984036584785 
34.44543582511294 
34.4455746392297 
34.44523281408072 
34.44559670448307 
34.44550826390926 
34.43952449351559 
34.445178709441414 
34.4454915397172 
34.44533223491542 
34.43930475466566 
34.44547520895221 
34.44534857975674 
34.445400085471526 
34.44499257048871 
34.44551938680856 
34.445488443507216 
34.44514954455957 
34.44506206771928 
34.44492837264548 
34.4448884369068 
34.44550922453649 
34.44427730341177 
34.44544893188274 
34.445285470593895 
