43.2784496367911 
43.27844965518562 
43.27844966725259 
43.2784182559699 
43.278449079211754 
43.27843440610679 
43.27844902839361 
43.27844956736982 
43.27672905029402 
43.27844340625008 
43.27502147093491 
43.27844954970391 
43.27844966725259 
43.2784494286776 
43.27844966129786 
43.27844017114949 
43.27843730502194 
43.2784375368639 
43.27586659871095 
43.27844966250802 
43.2784494086275 
43.278434032392084 
43.27844955852084 
43.27844026874769 
43.27843116029525 
43.27844936609513 
43.278449645444816 
43.278449666948596 
43.278434190020725 
43.276619195142494 
43.27672905029402 
43.27844963375445 
43.27586659871095 
43.27844340625008 
43.27844293035831 
43.27844925336578 
43.278449581046125 
43.27586659871095 
43.27844930981599 
43.27844902839361 
43.27844929416726 
43.27843682243545 
43.27844311441227 
43.27844955498344 
43.27844964730811 
43.27844017114949 
43.278425270111185 
43.278449299127246 
43.27841221224301 
43.27844966129786 
43.27844966725259 
43.27843665170959 
43.27844966129786 
43.27844929416726 
43.27844966725259 
43.278449381266505 
43.27844891409222 
43.27844343447515 
43.27843068120995 
43.27844966725259 
43.27844924861256 
43.278449665545615 
43.27844022748429 
43.27844963162652 
43.27844950862969 
43.27843694071608 
43.27844947796077 
43.27844966550843 
43.27844965605526 
43.278430962429404 
43.27844891409222 
43.278449486921986 
43.278443104966364 
43.27844964730811 
43.27844957239593 
43.27844961224743 
43.27844966725259 
43.27844311441227 
43.27844933333506 
43.27843720766586 
43.27844963162652 
43.27844966725259 
43.278436639774895 
43.278449318755975 
43.278449581046125 
43.27839758891716 
43.27502485880765 
43.27844966725259 
43.278449099330146 
43.27844926849754 
43.27844936609513 
43.278449299127246 
43.27844333639629 
43.27844966725259 
43.27844966550843 
43.278443088495514 
43.27844345176993 
43.27843060936134 
43.27844340625008 
43.278449666948596 
