34.357871878906984 
34.35782722656921 
34.35769277518447 
34.35796292242843 
34.352038240778946 
34.35201071858787 
34.35798539661843 
34.357626102397234 
34.351709696379984 
34.35798279576667 
34.09183192649469 
34.3579671765356 
34.35796313040001 
34.35782201937593 
34.35798211891804 
34.35796407688657 
34.35780954531178 
34.35200702264876 
34.357979634821895 
34.357969279897844 
34.357708554998396 
34.35797733510279 
34.357985675285526 
34.3579074457567 
34.357979634821895 
34.357985675285526 
34.357979484905854 
34.352046826100285 
34.35695329859146 
34.35795372951715 
34.35796450986547 
34.35796324801468 
34.35203125557011 
34.35789581778944 
34.35774839144012 
34.35796324801468 
34.35203125557011 
34.35798279773234 
34.35797561139218 
34.35182600649965 
34.3577619130483 
34.35786967331052 
34.35782049908138 
34.357985675285526 
34.35789311108165 
34.35796959054338 
34.35796292242843 
34.3579709579464 
34.35200702264876 
34.357872832333804 
34.088375481643446 
34.35798452634856 
34.084517191949075 
34.34899815992569 
34.3577216327219 
34.345886160321754 
34.35798252627218 
34.35789267054576 
34.35781477299552 
34.3579845686761 
34.357985675285526 
34.35798206577919 
34.3577216327219 
34.35781477299552 
34.35767782803542 
34.35796292242843 
34.35200702264876 
34.35782658896542 
34.35796524988691 
34.357840044704815 
34.35790826063809 
34.35790243392461 
34.357985675285526 
34.357979634821895 
34.357962737258994 
34.34899067847863 
34.357985675285526 
34.357985675285526 
34.357970552227066 
34.352038240778946 
34.3577919082023 
34.3579850783757 
34.35787196186497 
34.34898372293711 
34.357979634821895 
34.357975770809446 
34.35773388184743 
34.35796639077986 
34.35783765944417 
34.35199652554844 
34.35787441200667 
34.35797949578263 
34.35797810244067 
34.357969720541405 
34.35798508263466 
34.357908121788526 
34.352004724640196 
34.35798226470589 
34.356950685518406 
34.3579030443015 
