34.35787977365525 
34.35797247965496 
34.357804693427646 
34.357959076259185 
34.34899300931433 
34.34608548168363 
34.357985432917886 
34.357741273463354 
34.357820277000286 
34.3579828689554 
34.35191389355642 
34.35789268502716 
34.357895540284474 
34.357893075238565 
34.35798484734335 
34.35203528824296 
34.35788659568422 
34.348887367550795 
34.357981069310625 
34.35796714632936 
34.3576021352479 
34.357975468683236 
34.35798567522 
34.357869528101034 
34.357981069310625 
34.35798567522 
34.35797880045503 
34.343095666480295 
34.35734811382341 
34.35785441660306 
34.35797204582665 
34.35796543852876 
34.35796711133991 
34.35789268502716 
34.35786030792467 
34.35796543852876 
34.35796711133991 
34.357906098672096 
34.357974449211554 
34.3577602818746 
34.3578706433173 
34.357799097882236 
34.35785881440598 
34.35798567522 
34.357965358721266 
34.35797388355156 
34.357959076259185 
34.357900925444 
34.348887367550795 
34.35769482645273 
34.3519034477599 
34.3579828335732 
34.351880653653744 
34.3519034477599 
34.35757484090196 
34.34595104587444 
34.35798411362213 
34.35789406449445 
34.357682339295636 
34.35798460287886 
34.35798567522 
34.357873779403825 
34.35757484090196 
34.357682339295636 
34.35782416456124 
34.357959076259185 
34.348887367550795 
34.3519686917398 
34.35796363506187 
34.35798267808807 
34.35790970063644 
34.35797245436305 
34.35798567522 
34.357981069310625 
34.357969063736746 
34.357835389969864 
34.35798567522 
34.35798567522 
34.3579728087773 
34.34899300931433 
34.35779549039925 
34.35798501436022 
34.35182916549217 
34.35782540943042 
34.357981069310625 
34.357971780392596 
34.35780562887794 
34.35796991534185 
34.3579762262592 
34.35203233208229 
34.35783834514148 
34.35798053582487 
34.34597113848826 
34.3579684032625 
34.357984984678524 
34.35797880045503 
34.35193386710795 
34.35798044822102 
34.35734166361361 
34.357799811120856 
