34.43655327212955 
34.44556642479427 
34.17960900327104 
34.44512863998115 
34.44556422970717 
34.43330393429657 
34.43970509832392 
34.44556313321065 
34.44505764343706 
34.43897921804919 
34.445596602432666 
34.445585855159045 
34.44524272789139 
34.43883576293429 
34.445420510707756 
34.44556708841312 
34.44520307951805 
34.445374892943335 
34.4337282756195 
34.445597325972955 
34.44559670448307 
34.44552354482384 
34.445571556825556 
34.44559062775435 
34.44527951300621 
34.43655127686091 
34.445281646666196 
34.4451419247786 
34.43915052631685 
34.445589790875644 
34.44537829423784 
34.4455871767673 
34.445352907863146 
34.43965272062263 
34.44548628560975 
34.445282458683494 
34.44497892973167 
34.4394142630307 
34.439388471575555 
34.430479894840836 
34.44544568942737 
34.44536450350292 
34.44549517808999 
34.44526528293378 
34.44550487439099 
34.44549362336061 
34.17953711868654 
34.44536197082496 
34.445342083286526 
34.445588321403754 
34.44552612359017 
34.432992980053676 
34.438688427574895 
34.44559663492847 
34.43041285303702 
34.172235767066894 
34.43941066037954 
34.44527987763132 
34.44551291219704 
34.439485656536064 
34.4394383611024 
34.43963095973733 
34.44559822728388 
34.445447379631915 
34.43911371045501 
34.179162103144954 
34.445585855159045 
34.44545077446539 
34.1720675142551 
34.445145189135076 
34.44544548764859 
34.175438432478174 
34.439386810671294 
34.439610579053884 
33.84864777053731 
34.445509532926174 
34.44537075935323 
34.445184977384756 
34.445266208567496 
34.44550124775918 
34.17593344052652 
34.427917625113004 
34.439123357760806 
34.43949377569029 
34.44550638353728 
34.44550179041947 
34.17943296147679 
34.44559272876667 
34.44558320873245 
34.43932733442346 
34.445438948755054 
34.445595096093875 
34.445147308622026 
34.44535906367003 
34.44535275318902 
34.43957288130297 
34.172029477990655 
34.43942195640962 
34.444912934097275 
34.44559861112858 
