33.44236673324809 
34.44490659785168 
34.44549826084232 
34.44544538435412 
34.445494778246214 
34.43938960714498 
34.44543704467361 
34.44557930820725 
34.44484946452242 
34.16865432439263 
34.44552546673562 
34.44558609305232 
34.445264878523936 
34.178739843583564 
34.445374993899335 
34.43970775128302 
34.4393042704241 
34.445513838165205 
34.445512483128745 
34.445520440789394 
34.44559393055938 
34.44559983980092 
34.44511544536446 
34.4455951432036 
34.44550694858028 
34.445502840528206 
34.445395778844635 
34.436625507794616 
34.43330349523849 
34.445585011001405 
34.43932401482561 
34.44557982789969 
34.445487233671635 
34.43965271028258 
34.44527708786454 
34.445377108855055 
34.444772429034046 
34.44545853685624 
34.445571100273014 
34.172145966366216 
34.44540796105278 
34.43936950699436 
34.44549648769475 
34.445011217140966 
34.44544087743973 
34.44549037200239 
34.445462297660825 
34.439712219306095 
34.439657839308175 
34.44558574940813 
34.43972824414261 
34.44521098726071 
34.44508015615889 
34.44559694403942 
34.43330349523849 
32.848767638479785 
34.44548787839529 
34.43941878088472 
34.43968396672903 
34.43381525247688 
34.44509876491598 
34.44536162120688 
34.44559910787589 
34.44552176732912 
34.44491175530316 
34.17563018735218 
34.44558609305232 
34.445382847354324 
34.44521818442903 
34.44541814001058 
34.445504806928604 
33.852874990760796 
34.44515586956093 
34.43663436782195 
33.85737054311829 
34.44551686007569 
33.85727405554076 
34.433414105914146 
34.445360313576536 
34.44550250901237 
34.172481403335404 
34.44536151389774 
34.44474205374472 
34.433606779028175 
34.445582392814686 
34.44549967311821 
34.44539380495682 
34.44559230958804 
34.445578529408195 
34.445158733147075 
34.44558369586572 
34.44538003786687 
34.445499552684474 
34.44546420022891 
34.445350478281085 
34.44529962177046 
34.44464241069973 
34.4449801608442 
34.43911890569025 
34.44560029622104 
