43.07067307676462 
43.06889176552232 
43.07066921875432 
43.06894416903866 
43.06891045050676 
43.06541765654327 
43.06894977119519 
43.07071489680336 
43.07072101465188 
43.06801305381233 
43.07070853727095 
43.0663201732214 
43.070721181147995 
43.070721277765216 
43.07063093405347 
43.06895030080084 
43.067176162391014 
43.070711767878066 
43.06719961449268 
43.07072749462146 
40.48488543887678 
43.06716332981233 
43.070675556350615 
43.070715143777804 
42.80681336675006 
43.070640351148526 
43.07066925119168 
43.068966653409646 
43.06892995288957 
43.06895369767044 
42.804674604354524 
43.070708652254694 
42.80681331776848 
42.80678618677776 
43.0680844442454 
43.070695238569385 
43.07072149070852 
43.07070827584084 
42.48487546878329 
43.06895972810522 
43.070707615012566 
43.070727958801214 
43.070721676621716 
43.068943773929405 
42.8068052596264 
43.070728134455024 
43.070721972165956 
43.07068573221095 
43.07068230975439 
42.80147169177721 
42.802563577946884 
43.07072805310763 
43.070714427875416 
43.070672912198894 
43.06894730765998 
43.07070839389836 
43.068914724262356 
43.068952745583594 
43.07069878188964 
43.0689472577219 
43.06692569965797 
43.07069518190688 
42.8068091824208 
43.07067645480546 
42.80681351571024 
43.070721660527546 
43.07069778088773 
43.07072827395268 
43.06895348065241 
43.06892728314236 
43.070721219002635 
43.0706892007066 
43.07072836668256 
43.0707278672724 
43.06891736706835 
43.068920439217 
43.07070859901254 
43.07072130879074 
43.07066632895586 
43.07072833491868 
42.80679772773331 
43.07072774866521 
43.0706920664757 
42.80680122581978 
43.07068939974965 
43.06893352916109 
43.068946955689206 
43.07070525489843 
43.06893404979279 
43.068930322686306 
43.06896029429154 
43.068933548763525 
42.80678616755657 
43.070698277193294 
43.06452049136548 
40.48473044322916 
43.06894068493207 
43.07058328339761 
43.0707217881273 
43.070711717891086 
