34.4455089377297 
34.44527972961032 
34.17927276363934 
34.42759735619163 
33.85768058670177 
34.439545746892136 
34.44543360787302 
34.179603772715026 
34.43930933640404 
34.43857861203539 
34.44559350533822 
34.17962877198268 
34.44510045725414 
34.444466919165144 
34.44548339165533 
34.445556798895105 
34.44508753125871 
34.44551345583958 
34.445446925075125 
34.445520025351335 
34.44559484605468 
34.44559734311494 
34.44549481413596 
34.44551953338669 
34.44527852786421 
34.439403527504986 
34.445185879940205 
34.433567877672886 
34.44533199062794 
34.44558583863354 
34.16889746145808 
34.17958268020758 
34.44534781427773 
34.44551956033437 
34.44544670781778 
34.445346577928355 
34.439085813959096 
34.43651248224894 
34.17216076423131 
34.430325735681386 
34.44537520099171 
34.4452291535824 
34.44543286766169 
34.445331699962175 
34.445292648456466 
34.44538544222158 
34.43939625965525 
34.445572498973426 
34.445412717277435 
34.44558413342225 
34.43965363475677 
34.433350350315074 
34.439066220531984 
34.44548657149605 
34.43953755329128 
34.17240474304488 
34.44548537608889 
34.44534817092982 
34.43970867194518 
34.43908725767413 
34.445168916022254 
34.17922624924087 
34.43958609853488 
34.44536770352564 
33.85734136088599 
33.847930560557145 
34.17962877198268 
34.445518699426664 
34.42169227248569 
34.44507588083766 
34.445515851662925 
34.426993271410026 
34.433759203112835 
34.44539959981801 
34.43922257848408 
34.44549779477001 
34.439285560825724 
34.44517289198156 
34.445434434296956 
34.445573515424435 
34.43951001658623 
34.44503441005773 
34.43902920163684 
34.43955292055047 
34.44536466280117 
34.44542405669414 
34.43956004767089 
34.44552258796772 
34.17958412266701 
34.44518144882115 
34.44544599567226 
34.44544900021109 
34.44525399968991 
34.445503823667075 
34.17942541270844 
34.445510180229824 
34.439154517348555 
34.43910961915383 
34.44494485907584 
34.44559920480819 
