34.44497203635803 
34.43887735621278 
34.44491236845142 
34.439477084176495 
34.439066220531984 
34.42770319268893 
34.439516959637935 
34.44543139722826 
34.44549252193878 
34.43595804718412 
34.4453647860214 
34.43087605161351 
34.44549585296487 
34.44549958795744 
34.44449951312655 
34.43953825238361 
34.43351359488379 
34.44539929726349 
34.43379495309676 
34.44556376223792 
31.85770504110677 
34.433373341728355 
34.444979280984704 
34.445441371774606 
34.17962877198268 
34.44459749088587 
34.44491332793323 
34.439725115045775 
34.43928734806424 
34.439579600027095 
34.172310318350256 
34.445368765264575 
34.17962527968149 
34.1793260655695 
34.436759631146906 
34.44520724812858 
34.44550842115667 
34.44535309602531 
33.8575881645035 
34.439637458261444 
34.44533073637977 
34.445582109167226 
34.44551598005013 
34.43946305906866 
34.17952875511001 
34.44558652401026 
34.445525922809274 
34.44510350933004 
34.44506170211385 
34.16137848232522 
34.165295951934624 
34.44558460193317 
34.4454144142426 
34.44496507392162 
34.43951001658623 
34.44535840692443 
34.43914205329691 
34.43954395656804 
34.44525372720301 
34.43950795716386 
34.43076434781523 
34.44520342430194 
34.17957425698387 
34.44501341337808 
34.17963368718523 
34.445514077180334 
34.445216133262235 
34.445591478876516 
34.43957124259257 
34.43927043702539 
34.445497444013185 
34.44514981225503 
34.44559475066364 
34.44557705030546 
34.4391557615552 
34.4391846710956 
34.44536535000977 
34.44550229854664 
34.44488834948902 
34.44559484611634 
34.17944955109811 
34.44557167565005 
34.44517388533745 
34.179478164126024 
34.445156042143566 
34.43933548580534 
34.43949822028801 
34.44532607825398 
34.439355720444745 
34.43929933225324 
34.439654361779056 
34.43933590408093 
34.1793247955718 
34.445234433790745 
34.42457667398722 
31.855984066780884 
34.43943311636204 
34.44398799435707 
34.44551955170124 
34.445398192254444 
