34.53215625738218 
34.53200325045639 
34.53214997681006 
34.526357286418 
34.532154685514094 
34.53216542590102 
34.532155663837834 
34.5320957387021 
34.532008595117965 
34.53185476006262 
34.53183159548786 
34.532144861880504 
34.532153374500005 
34.526141089435946 
34.531182398130724 
34.53200283630775 
34.531978139916966 
34.53215603862851 
34.532163348653135 
34.53207860912834 
34.53183095935042 
34.53100813648272 
34.53202453623594 
34.53216045765522 
34.532163696613125 
34.53208313408691 
34.53216127732549 
34.53208722922693 
34.53216517277089 
34.53216450908079 
34.53214294853912 
34.532008595117965 
34.53215985865394 
34.53215726688898 
34.53214265626478 
34.52634561558751 
34.532148167829725 
34.532016013912376 
34.53214997681006 
34.52611245293712 
34.53216456732572 
34.53216542590102 
34.53213184758985 
34.53216456732572 
34.53214535798533 
34.53216542590102 
34.532152246873636 
34.53216542590102 
34.53216542590102 
34.53216542590102 
34.53216048558731 
34.53100813648272 
34.53209475429807 
34.5312610704847 
34.53213860071282 
34.532010898740154 
34.532086555512265 
34.53214997681006 
34.532153374500005 
34.5320056160554 
34.531899387996944 
34.532144507992676 
34.53216542590102 
34.5321438303559 
34.532163348653135 
34.53215261864549 
34.53215698443156 
34.53216031753018 
34.53207647652683 
34.53202512176162 
34.531937148597024 
34.53216542590102 
34.52628464123957 
34.53195842681425 
34.532158781728576 
34.5312610704847 
34.53216390439026 
34.53216542590102 
34.53213280386172 
34.53204824995207 
34.53216282915197 
34.53214265626478 
34.53207698874174 
34.52604890055416 
34.53216542590102 
34.532161267453446 
34.53195842681425 
34.531998387352964 
34.53201736303342 
34.5321628108016 
34.53214535798533 
34.53216213822558 
34.53215698443156 
34.53216488764376 
34.53216542590102 
34.53214548359396 
34.52632333860848 
34.53194306158049 
34.53214548359396 
34.52632333860848 
