58.934314315769285 
58.53819139147573 
59.950401522383146 
59.259281003311365 
58.51395405363727 
59.26339091899826 
56.9279275475938 
59.95873190835452 
59.516908312440634 
58.95749957628587 
57.89539742986371 
57.970646543623126 
58.50161892095399 
0.0 
0.0 
0.0 
0.0 
57.937151792195905 
58.932918274922855 
57.93682385349171 
57.9479649142883 
57.9207734626957 
56.94559717089802 
0.0 
58.52278839645864 
57.93404701093427 
58.535433201315264 
59.26131229168052 
57.9473097175291 
58.514313422331725 
59.52066681296197 
59.957958233443016 
58.50486238557506 
59.26978723781607 
59.7641925343885 
58.541164971836416 
58.52588605462711 
59.261289808353865 
57.97084043718735 
0.0 
56.92466064050943 
57.94013848134634 
0.0 
0.0 
0.0 
59.50699838314912 
0.0 
59.270932036543826 
59.270022730505836 
58.498361325959024 
58.52079238273329 
56.934489175725815 
58.51035941755093 
56.95541263141239 
56.929242498796064 
58.5216560872579 
59.5305991772105 
57.91647528706433 
58.94891291492799 
57.931988058953785 
56.94559717089802 
59.22677548552514 
56.92943155647794 
57.947264303836704 
58.529611233868295 
59.76342670706454 
59.74760371093777 
58.92542308542552 
59.28517334097938 
56.91817987761635 
58.52439053750031 
0.0 
58.93821886786424 
56.86988718338022 
56.849468633267804 
57.94485446622088 
56.84787602408362 
56.9348028304644 
0.0 
58.50936342929976 
58.926257947295944 
57.951827075312664 
58.52068207874898 
56.935043956851075 
58.9323484753314 
0.0 
0.0 
56.96030940074825 
0.0 
57.93194389971145 
0.0 
58.538701663839596 
0.0 
57.96034223234924 
58.93940220344976 
57.9338628150416 
59.76790203014917 
59.2622555393222 
56.96987685008202 
56.93516459057692 
