57.63709201387701 
58.6522700462683 
57.65079699920755 
58.97865597279929 
56.637932922462106 
0.0 
56.68003194368578 
57.634055993279496 
56.66904726760079 
58.20791952687273 
0.0 
58.64901539512725 
58.243115003422425 
58.24492509819246 
57.657837338267704 
58.23753748915637 
58.65047734696952 
57.665557990389416 
59.45636996354225 
58.23096545975822 
59.24800391394954 
58.98345708057816 
57.60218223980867 
58.234573329785945 
57.61582522803084 
58.228946603135775 
58.2448323405729 
58.644735337593836 
56.68052321404007 
56.581560721876286 
57.60962966899643 
58.23249665350306 
58.23782810993009 
0.0 
57.64695940425982 
58.210698370378054 
0.0 
57.63880719312942 
56.647703428367336 
57.65062751210334 
57.620944069444256 
57.632250848310825 
0.0 
58.95786416526471 
56.63604723159981 
57.619932315139216 
58.658559854939895 
58.98180425671241 
59.67268349155765 
56.62660724846861 
56.599460218585016 
58.664527605748034 
56.62591305630231 
58.946864752077104 
0.0 
57.63896322858348 
59.6560957577616 
57.64816287607105 
57.63377957037412 
56.621225171596336 
58.21993874538527 
58.2079060714259 
58.65898660644545 
59.24365285886686 
59.46873691882179 
59.24921160694223 
58.211693395262905 
58.97108594248 
59.259279713940025 
58.22491445745656 
58.946597751244326 
57.65007850603817 
57.647358833592854 
56.646868382743754 
0.0 
59.24393097027418 
59.66147077523142 
59.22440159401289 
59.47027302357154 
58.25773262354103 
58.22832754315883 
0.0 
58.235563606994376 
58.64313073069304 
59.479192650002304 
58.654483655799964 
58.66515314334511 
58.97165838365614 
58.97234521888578 
58.98124462732167 
59.453043422365546 
58.660805764822484 
0.0 
58.214768334718535 
0.0 
58.64641385822642 
0.0 
58.64497789714772 
58.24471367014775 
59.46558829120258 
