0.0 
57.663045526081675 
57.66612990574833 
56.572918289774826 
58.201743588824755 
57.66358302257219 
56.64674921294424 
56.663530911802425 
57.6643585393833 
57.60183003488894 
56.68041665077918 
57.60976870151852 
58.22187824587154 
58.62340267998875 
58.18863117231498 
0.0 
57.6451708554052 
57.596387686673964 
0.0 
57.633684801323966 
58.20901567085308 
0.0 
57.66620386382126 
0.0 
56.67483512208013 
58.23753338170165 
58.23094312224116 
58.97996344451073 
58.65106172454544 
58.96899584423214 
58.65218508115221 
59.45633664886216 
58.20511986918394 
58.22414980632287 
58.19147098577318 
56.60545952891943 
0.0 
58.66505767065044 
0.0 
56.6201795565981 
57.61776539706887 
56.53905262201194 
58.19484534864502 
58.95908273095726 
56.6644156581239 
56.64743288474469 
58.95935011412607 
58.950163748942714 
56.59891455260341 
58.233160704547345 
59.23021771516985 
58.61656214522106 
58.63580250520155 
56.621839458026336 
58.62539632698545 
58.215902482334684 
57.657706317072986 
56.6142083337142 
56.604545764928815 
57.64385960691908 
58.612971463564804 
57.65841459870484 
0.0 
56.68041665077918 
58.64651932058036 
58.992639309257534 
57.59608648246921 
59.22613769842131 
57.65815367227274 
0.0 
0.0 
59.23305035124089 
56.57769468539588 
58.96929115533364 
56.65272300954993 
58.93742179137888 
57.61249246985219 
0.0 
56.64794704950283 
59.25065708290642 
56.621298753193194 
58.965875113491435 
58.22726355798932 
58.63357419626408 
58.20926474620876 
58.212424918570676 
56.57626752492287 
0.0 
56.63803246600581 
0.0 
57.66332183433902 
56.64241340474161 
56.59916198258726 
56.610553825984866 
56.643024065338516 
56.632007928938826 
58.6512527594666 
58.650485686969446 
0.0 
0.0 
