0.0 
56.653298212442905 
58.239797669639955 
0.0 
58.936727307596 
58.962060433026274 
0.0 
56.66358715952366 
58.64544506363255 
57.61301556041291 
56.680459241212525 
56.59918148124773 
58.246576487576995 
57.628571704025916 
58.95001405356719 
58.22716634352386 
0.0 
0.0 
58.62838429032062 
0.0 
56.63069849291201 
0.0 
57.655865800552206 
0.0 
57.6129082143585 
58.253351315554234 
58.241691759127924 
59.24311348987131 
59.22901017669328 
59.462185472445825 
58.64022825002576 
59.45577154213009 
58.207247997652075 
58.21852206550817 
58.21664693765798 
57.65095933526246 
0.0 
58.975995364861255 
57.652422413501135 
57.621102803454335 
58.20251755082848 
57.60454673693146 
56.63683574181695 
59.238861639856644 
57.63698496946995 
57.64547129813621 
58.957381009210906 
58.62735559835969 
57.62627379435019 
58.250918799187275 
59.213168269607344 
58.6319320000509 
56.62687637513635 
56.64807236412862 
58.65388845048432 
58.20158128093085 
57.65518223057393 
57.60418629993835 
0.0 
57.64411213093738 
58.93641016365553 
57.6689495709512 
0.0 
57.66168714186707 
58.25216556037663 
58.6704370948003 
57.623758031147574 
59.46154997443734 
57.631493238281465 
56.642375177161604 
56.589281165004735 
58.97979683438486 
56.59841196354155 
58.65156878299676 
56.663191335013664 
58.945008115397066 
57.62332305046423 
0.0 
57.63431242617021 
59.25081268005229 
57.663680894632876 
58.655106575273614 
58.638734850877356 
58.22830979970353 
58.63662262111997 
58.22202181319869 
0.0 
0.0 
56.642375177161604 
56.632390540780456 
57.65281783842271 
57.615676133922854 
57.66331574250769 
56.59882329904912 
57.62355727192947 
57.60466645647464 
58.663293550507795 
58.65330303918551 
57.634276804424665 
56.59882329904912 
