57.621509015983214 
58.21292671623352 
57.626924545171654 
58.21031838784777 
58.23803576050933 
59.452155686013406 
57.63676868486541 
57.62775544016801 
0.0 
57.64145453371395 
57.63140191577869 
58.25183194663461 
59.46424590147383 
57.660590129882685 
0.0 
57.65042314150861 
58.19093805977667 
0.0 
58.19717437269186 
56.61463275478721 
58.956907678733245 
57.67473624860122 
59.22755919255274 
59.676473321752574 
59.241778597719296 
59.48736532355833 
59.64206915378491 
57.653398172328515 
59.67635708710634 
59.2273501173647 
58.25409014908725 
56.64828651102495 
58.218866017143135 
56.63199428362478 
56.65234723955041 
0.0 
58.20043641518941 
56.63629812425689 
57.61473964989555 
57.634075788197485 
56.65285195606032 
56.62036854293242 
58.96867346147352 
57.63883061129061 
58.187078714462054 
0.0 
57.677091389983495 
57.65596992049578 
58.64367538268313 
0.0 
56.65253641623641 
57.63330555918092 
56.658850352501936 
58.239794207694565 
58.21434911099903 
58.223457830170055 
56.5993524685917 
56.56537917073562 
56.658850352501936 
58.64661141297108 
0.0 
57.62352606479446 
0.0 
58.2476791524662 
0.0 
57.61473964989555 
56.663346318522784 
58.22728736145117 
0.0 
57.6471983719493 
57.640345903181576 
56.647908308370084 
0.0 
57.618399024157604 
58.220588738843674 
57.632291421673095 
56.61619315609443 
58.943609218090074 
58.94289325364362 
58.642192841882874 
59.474754913435554 
58.632193684722736 
58.62690111822385 
58.241290642730064 
58.64227251456118 
57.644967159212634 
58.2507744924473 
58.22556191203347 
59.47487889914454 
59.4594135159503 
58.23593466196188 
59.224186574234075 
58.24150674267426 
58.63989885221657 
58.21165799577274 
59.2523722215169 
59.47125770785369 
58.60536618787645 
57.60408016187691 
0.0 
