0.0 
45.32795298566662 
46.91627496676917 
0.0 
47.521927378502546 
47.60688154527167 
0.0 
45.35586765936928 
47.30383555289378 
46.20015571952159 
45.41382439506328 
45.152655530227086 
46.93529957151335 
46.24434580540191 
47.56684624702732 
46.875404456200805 
0.0 
0.0 
47.24414372677531 
0.0 
45.24970824385036 
0.0 
46.33439895464367 
0.0 
46.1994977600215 
46.95448418989217 
46.92415251993592 
47.92539661792923 
47.8824818179999 
48.140087921756454 
47.28809284955074 
48.1181677982738 
46.810820468702 
46.849398531243395 
46.843745541956885 
46.322255936214155 
0.0 
47.65090602917042 
46.31999089869304 
46.22483772933462 
46.799565257773224 
46.16907640355627 
45.27548600421536 
47.91276051414578 
46.27522967178621 
46.30364166095091 
47.58851787202818 
47.24394070878934 
46.24103852604527 
46.95341093652506 
47.82846491628933 
47.261682848642174 
45.24671580868527 
45.31404837154349 
47.32642989624186 
46.792364943170895 
46.32784679709387 
46.16762009991831 
0.0 
46.29273101878836 
47.52587578889095 
46.37543081369373 
0.0 
46.355596861910364 
46.95419719409234 
47.38048380396489 
46.233773606250026 
48.13449473285202 
46.25583194402851 
45.29398241696175 
45.12944486877316 
47.6594276278609 
45.14282288743125 
47.31972069324342 
45.355030781782126 
47.546885592599814 
46.23096948938548 
0.0 
46.266270082917686 
47.953010946288025 
46.35687922328407 
47.32864130291967 
47.28356191029659 
46.87684925011489 
47.272132431291666 
46.860526661203544 
0.0 
0.0 
45.29398241696175 
45.26457744050313 
46.324203804468375 
46.208028326797105 
46.3569507611461 
45.1472650718611 
46.23373763887645 
46.171527772928314 
47.35538406584199 
47.32801800060511 
46.266753717383274 
45.1472650718611 
