0.0 
58.92534225786961 
58.95027100404554 
59.51244957958998 
57.94557115916349 
56.95602707562378 
58.93381984198833 
59.51377773195637 
59.26542840437135 
59.514151149045105 
59.74754469830349 
59.73371674246114 
58.540214964347335 
57.952653335965216 
57.95262144313063 
56.866289782042344 
57.9261082568048 
56.9349304280267 
0.0 
0.0 
58.50383060585664 
0.0 
56.960369904510856 
59.25631439312367 
56.97038471220904 
59.53813334817741 
59.77081328636579 
59.77152118826722 
59.28171136009786 
59.75949638031632 
58.516355846421234 
59.54417526947932 
59.76411283837403 
0.0 
0.0 
58.940584062488405 
0.0 
0.0 
57.94724964028606 
56.87607818189665 
56.9348028304644 
58.95243692401033 
0.0 
58.53239926519545 
57.958073003541706 
0.0 
0.0 
58.51230880333862 
58.50352196158788 
58.931474229465664 
57.92920899276637 
0.0 
57.90858164876004 
57.950636996730985 
0.0 
58.514523772076124 
0.0 
56.882774597791844 
57.944564885091516 
57.91074673027695 
58.53691256449928 
58.5265017393547 
0.0 
57.93422025363587 
56.91896325968124 
56.93488833621834 
0.0 
0.0 
56.93370788349574 
56.965540806547224 
0.0 
56.95503343221025 
57.942752287352995 
0.0 
58.94492666281392 
0.0 
56.95929350506082 
57.958073003541706 
56.964537128474724 
0.0 
57.946936595544564 
56.92336901930332 
0.0 
56.84787602408362 
56.882774597791844 
0.0 
59.25012175673278 
56.93481380132983 
57.89288180244085 
56.913457128861026 
0.0 
58.531741310578084 
58.532874849935745 
58.94845193809998 
59.52712564056543 
59.76364731567922 
58.53598325069054 
57.93887432099618 
0.0 
58.5088726704746 
