46.27552117245756 
47.32748743711954 
46.32081589203985 
47.65713086827881 
45.28607082473741 
0.0 
45.410816868008915 
46.26446881173135 
45.374643393773894 
46.81762511696376 
0.0 
47.31318372237155 
46.92726948007612 
46.93156116314994 
46.336730120104484 
46.90736132500451 
47.31841887650553 
46.359315351833736 
48.12438759973269 
46.88939062476279 
47.94385560436607 
47.6749710093415 
46.16626385334315 
46.90120637491478 
46.20996089985247 
46.882709233401165 
46.931369142521056 
47.299534965150265 
45.415216989905396 
45.08403110506868 
46.18577754494011 
46.894208002654075 
46.90945829802281 
0.0 
46.30377040363443 
46.82299635336999 
0.0 
46.27781052720311 
45.30932039288948 
46.320870385743824 
46.22577785895423 
46.26427661122966 
0.0 
47.594854500573184 
45.26848302521029 
46.21648782022883 
47.34482311054577 
47.67193588114595 
48.38958356799614 
45.24607772616322 
45.15620321665193 
47.35915269054636 
45.2358237171315 
47.557698191005244 
0.0 
46.278483952145656 
48.33829110243552 
46.31405577477938 
46.261745343912054 
45.2275399022477 
46.8535420967335 
46.81748622696388 
47.340116841062155 
47.92572260445592 
48.159381948119155 
47.94979883685504 
46.8319640380473 
47.63811598733869 
47.97777006763921 
46.86691135812637 
47.55626704722745 
46.31680437510131 
46.30792035048158 
45.30276280011357 
0.0 
47.928563358470676 
48.35121378931556 
47.86741529879596 
48.164188505338906 
46.97370857013398 
46.87672536154274 
0.0 
46.899572720202045 
47.29176626716005 
48.1912159622717 
47.33154812233612 
47.36416349359988 
47.63738398267073 
47.637035173782934 
47.66735634225073 
48.11235302541275 
47.34938699443925 
0.0 
46.838468144010584 
0.0 
47.306022670091814 
0.0 
47.30068204523452 
46.930270873820206 
48.149452960486144 
