0.0 
46.358943441725046 
0.0 
46.905185436667026 
46.2167809507765 
46.33906483994663 
46.33673989274314 
46.128224528256474 
46.29238272721007 
45.39364652653377 
45.225748500918776 
47.291885891639005 
46.321623745278316 
46.87888887548037 
47.27275311670831 
46.28963603808584 
47.6402978696348 
0.0 
47.958758082810256 
46.80694167924562 
47.90460139396122 
47.64446773738549 
45.18862697186642 
46.35202710836463 
46.79966313054312 
46.26365046781052 
46.33477592678671 
47.56948577208057 
46.307283542485614 
45.18889522225317 
46.23039708440757 
47.304544713352215 
46.36339530945655 
0.0 
45.297371281634256 
46.251717101507786 
0.0 
0.0 
46.85693911166322 
46.32474565538753 
0.0 
47.19144004824274 
45.26519233541006 
46.76429686502409 
45.22370651409428 
45.22529883572035 
47.609647629191926 
47.33932502122832 
48.36686532057469 
45.09150542852888 
44.85102417950244 
47.3019759707299 
0.0 
47.28268227012142 
46.752915229150716 
0.0 
48.32114749446328 
46.27775308732994 
46.297602919815155 
46.833120194405005 
45.22652600030208 
45.29918415621429 
47.322566967676536 
46.940344072183755 
48.158748106660084 
48.1481252404381 
47.28818450092133 
47.272065083645444 
47.96562672069469 
47.24031966830818 
45.266092078072944 
46.31323467523312 
46.28334176784945 
46.190189369744175 
46.865553101729944 
47.63932652871203 
48.32186795283909 
47.58842622998229 
48.34821988659892 
47.374876353118175 
46.845804641201454 
0.0 
46.339334201406054 
46.189143283468994 
48.183400870315545 
46.878147864448756 
46.958739286417575 
47.30599860955673 
47.32512797858991 
47.32417675874713 
47.267349838131146 
46.817690380656536 
0.0 
46.871515870986784 
46.311367565588625 
47.254019762689 
0.0 
0.0 
46.89825575820649 
48.13885027102267 
