0.0 
57.66358302257219 
0.0 
58.23737971232044 
57.61651486625576 
57.65812884639332 
57.65618525994352 
57.59115577503579 
57.64257806080121 
56.67830027994623 
56.62117192080175 
58.64332674704891 
57.652468111389005 
58.22876812142574 
58.637730743280535 
57.64228776676058 
58.97290803142151 
0.0 
59.253300545968614 
58.20574606170699 
59.236249538053606 
58.97403050731548 
56.61009942944641 
57.661365666635746 
58.20252185957579 
57.63386128144471 
57.654031356473595 
58.95094228621461 
57.647760043507816 
56.61406133588479 
57.62152557964198 
58.64541153308856 
57.66612990574833 
0.0 
56.642999447360836 
57.63078914842852 
0.0 
0.0 
58.221732680839914 
57.65295328083707 
0.0 
58.61033396679825 
56.63225003783749 
58.1928401965699 
56.62435112229026 
56.62445682940935 
58.96240361233395 
58.65722806240975 
59.66594073782486 
56.58204896666344 
56.51055950204898 
58.64612108107642 
0.0 
58.64145525500791 
58.18803638019809 
0.0 
59.651279614702666 
57.63728683425772 
57.64299863871162 
58.21322907831868 
56.62470921695186 
56.64696685683132 
58.654570622944526 
58.2484398673411 
59.469296586107575 
59.46512110365529 
58.64025152204146 
58.63572306243602 
59.25631759620315 
58.626109759926095 
56.63252411368819 
57.649771287624425 
57.63774860426801 
57.61195543311436 
58.22372749238741 
58.97266463998918 
59.653135726391405 
58.956548333775686 
59.661276790994684 
58.669098943215715 
58.21926853974243 
0.0 
57.659733572269474 
57.61006675407574 
59.47796276171697 
58.22871726502814 
58.253904607294025 
58.648293606848476 
58.654842367568136 
58.65283015450499 
58.63359158626206 
58.208009716519896 
0.0 
58.225486784325206 
57.64803106046901 
58.63040904611561 
0.0 
0.0 
58.23551055272088 
59.46303878495154 
