46.229154711849716 
46.831225626030005 
46.24746775483191 
46.81683296505709 
46.909381226123614 
48.107586351323334 
46.272633014792945 
46.239807598068694 
0.0 
46.28252843848317 
46.25628755135152 
46.950506115781806 
48.14488096732311 
46.34675688105775 
0.0 
46.318023029202514 
46.75481709793304 
0.0 
46.78304191967531 
45.194936541504376 
47.59048886917279 
46.39493899260838 
47.87357752996303 
48.39891842231251 
47.9232851330347 
48.218790928050375 
48.28884488056499 
46.32985738224657 
48.39778660523249 
47.877118895206635 
46.960332218110494 
45.31209391889675 
46.85297848854655 
45.26321829299567 
45.320286303599055 
0.0 
46.79227325461732 
45.27013905855482 
46.199491563736785 
46.263645042937476 
45.32507932670511 
45.22017457445867 
47.62837877276203 
46.27471679663155 
46.744644640894464 
0.0 
46.39943645372214 
46.334835359380534 
47.296655507707854 
0.0 
45.32199792804592 
46.25668299329151 
45.34439666428778 
46.916685799702236 
46.832098430051 
46.86316757767827 
45.15366810514556 
45.03527564574529 
45.34439666428778 
47.307500955653865 
0.0 
46.23014873992579 
0.0 
46.93610597387286 
0.0 
46.199491563736785 
45.35710100707319 
46.87460004369391 
0.0 
46.30427631771354 
46.28984748189649 
45.3083245564431 
0.0 
46.21870067124187 
46.85751986510743 
46.26519909337909 
45.21511890523486 
47.545131671865676 
47.546627283173805 
47.29013285006086 
48.1765580661117 
47.254143510470016 
47.237721182591095 
46.91964378820854 
47.29116990296651 
46.29938502723397 
46.950454695333214 
46.871065890154156 
48.17336157755151 
48.1285794023542 
46.90207248643341 
47.86395029161935 
46.92039830772445 
47.286287563779254 
46.828190012096755 
47.95115415668095 
48.163129487205325 
47.168975990611386 
46.16667705802027 
0.0 
