56.581970813247835 
58.23933774549973 
58.23782810993009 
56.610965116312144 
58.939938281083805 
58.97327879728384 
0.0 
56.63725094634082 
58.64296752666046 
57.621389725316426 
57.65064476424003 
58.19160850601145 
58.24492480201398 
58.21258348798869 
58.624763137006866 
56.61899075883357 
56.65357020404095 
56.59866706177455 
58.63164702648071 
0.0 
58.643738149936134 
0.0 
57.65852688725916 
57.625878222030785 
0.0 
58.24672482894423 
58.243577932776425 
59.250371463026944 
58.239658391861866 
59.46698877077232 
58.95410356651595 
59.22486247631006 
58.22904816192843 
58.224356756289446 
58.2053488062097 
58.2262264094573 
0.0 
59.239998361768635 
58.63562240951379 
56.62018225465038 
58.20024338262786 
56.653056592195576 
0.0 
59.648207183345264 
56.66986994902348 
58.238418097202135 
58.64200874849532 
58.953318518985526 
56.63623785042979 
58.24397787858645 
58.97009736206403 
57.637127865454865 
0.0 
0.0 
57.6057075518321 
58.915666992583475 
56.65735253632954 
57.632243403355616 
0.0 
58.22529605835788 
58.64927021891952 
57.65591267463017 
57.62650198337047 
58.2306373107431 
58.23787934752738 
59.46339321671656 
57.601723469536 
58.96068265231019 
56.65813796076273 
57.63365770962324 
0.0 
58.64116441246612 
0.0 
59.23328905186998 
57.64223315305393 
59.21779785448369 
56.63768313248672 
56.625303662515236 
56.64825108779805 
59.25274037429762 
58.241787734601175 
58.65121549531475 
58.64132442620152 
56.65330116095573 
0.0 
57.60555368872678 
56.58777916371422 
0.0 
57.63365770962324 
57.64485180275214 
58.228713645413855 
57.626792911673675 
57.62394570301527 
56.593277083984084 
58.222352872488294 
56.60400492843649 
58.65817718630854 
58.23306530444705 
0.0 
56.593277083984084 
