50.12686487719749 
51.38476747544788 
50.54410413599564 
51.38246867585873 
50.88876226757843 
51.3891813186922 
51.38410547876689 
50.57081803836623 
51.153563130740864 
51.38547373071185 
49.56688226059854 
51.15526573840903 
51.387121263499246 
49.56938799375202 
51.148187455259254 
49.574639849106894 
50.56687412256101 
50.56806306889556 
50.89182679473975 
0.0 
51.38318232312713 
50.57478233962059 
51.387035208274675 
51.39101021337338 
51.38788211973471 
51.38951578365744 
51.167779097389676 
51.384777317256855 
51.39101429345404 
51.38795106433783 
50.90047886829923 
49.55878147824745 
51.156226809826094 
50.896147610532836 
51.16232217547481 
50.54652688903386 
51.15968260637162 
50.5706848916453 
50.89705320707287 
50.89928960887697 
51.16050193790089 
50.90354286478238 
51.16419386917497 
50.57348260625739 
50.58002719345145 
50.55601020308438 
50.57340883807195 
50.56934603862378 
51.164185620603895 
49.56935288727784 
50.562974594994834 
50.5748414736616 
49.57736271410147 
50.90146607518827 
51.38177317655906 
50.56415882118545 
51.15795230119045 
50.88856116953432 
50.14971757249835 
51.155414832817726 
0.0 
50.157239803281115 
50.146282267611575 
50.580228882749076 
49.56950927719807 
51.14820822757017 
50.904549697178076 
50.888716082447694 
51.15804369658525 
50.895145215548816 
51.37948441281518 
50.15707743902082 
48.5669832073425 
50.16055663391278 
51.16582061563757 
49.52612709997066 
50.57074202475514 
50.89921268447343 
51.38233731550444 
51.38321586198038 
50.90270424857829 
51.15891577145131 
50.88540414107312 
51.16067267883505 
50.89619154721693 
50.157084451285314 
51.38252864894044 
50.88560613404654 
51.389373087512304 
51.390857031944215 
51.16321407197858 
51.38941660062108 
51.157984145802594 
51.15710650216954 
50.89188816987786 
51.39100651732132 
51.390805973897784 
51.15600737863195 
49.55344574323297 
49.55876995838969 
