40.46951557444173 
41.24830597786849 
0.0 
41.51306180927362 
40.46562484387636 
40.458678300638084 
41.479319345915414 
40.50719816602474 
41.21650091610115 
40.50308564136241 
40.86199022734386 
41.19267301950051 
41.49991499916334 
41.242315701426136 
41.225937834392525 
40.47955417348533 
41.46029743453817 
38.93224222157306 
41.737273182407236 
40.41761634139314 
41.74327659214699 
41.50691950832445 
40.90003571484807 
41.23598149878228 
41.48470567909626 
41.20308972907573 
41.502542902837924 
41.72883500908568 
39.88410741528901 
38.88480719674002 
41.21233619431906 
40.92546531370968 
41.180055976245285 
0.0 
41.48414375760469 
41.23710770988904 
39.9098964091282 
39.88104105621035 
41.47860854423378 
40.48002433754325 
40.46384699968299 
40.91082527450147 
38.90041476575015 
41.71555890722822 
40.92005186612299 
41.21705101731978 
41.48542221148317 
41.72406841612236 
41.7439088821435 
40.50184968364561 
39.87354692339215 
41.501520336245754 
38.86792330624716 
41.73657713104032 
41.49330512038291 
41.6915070004465 
41.74445529040232 
40.9048421121079 
41.714496650090084 
39.87526698547888 
40.88719856786995 
40.46521229645796 
41.49646944604116 
41.73154403149183 
41.72479424166862 
41.51089659174874 
41.49948086731498 
41.71670728711819 
41.73893358822578 
41.494214597177276 
40.911633468104604 
41.183093040557715 
40.92547981654558 
40.5127945213754 
41.48282594686285 
41.73804811122492 
41.744166299586325 
41.73318364937578 
41.743798044584736 
41.501596232814535 
40.92963308210365 
38.934857243380314 
41.48854240187545 
41.231503215358664 
41.74414465207877 
41.50328389469885 
41.71581656739023 
41.48349773231292 
41.72826471324008 
41.50173538990294 
41.73524772321278 
41.23662040249488 
0.0 
40.924045159800755 
40.47456440609115 
41.709925864370796 
40.51670220502498 
40.42277096519847 
41.7077837153391 
41.73904665210736 
