0.0 
49.57997269444197 
51.150052340222835 
49.56406114188898 
51.157793490279616 
51.376468597456295 
48.56657486896608 
49.57752014379505 
50.894057130901224 
50.56932239290085 
49.57475536094508 
51.15886966890783 
50.56946359319001 
51.157754125705054 
51.16398878135776 
49.574900324953575 
50.8811971220437 
50.580107386833795 
50.57344085282258 
50.89818491899946 
51.16245549477131 
49.5771426398651 
49.582648077042464 
50.146436843407706 
50.56684535313885 
50.899332443305234 
50.57879898561914 
51.387842643047485 
51.162430851316664 
51.16502449208615 
51.15533853901983 
51.38927537650723 
50.89199450066462 
51.161454328247444 
50.58280442152913 
50.57343585860479 
48.57761507742213 
51.15353554457645 
50.56935088011487 
48.5824688408142 
50.57874240138039 
50.56275518151761 
50.571972944230694 
51.384714497575445 
50.88550602163131 
50.88127599637993 
50.89300450666555 
51.16585461921888 
50.88350223927705 
50.164165369155604 
51.39087334440327 
51.16322712394154 
50.88974493998301 
51.152553644899136 
51.38700106216371 
51.38303237598231 
50.88132355381713 
50.15530507338817 
49.56921776115012 
51.15798353336188 
51.16228778637049 
50.5787688420176 
50.56807694963965 
50.561519640932225 
51.157904553850734 
51.163369690214004 
51.37780551718093 
51.387031674750965 
50.575959243070635 
48.577596941736715 
0.0 
51.387064814943905 
51.1508323578328 
51.15791047808105 
50.576098291774734 
51.16665859335963 
50.577391833311516 
0.0 
50.155110534846855 
51.38864390245247 
50.55491937618644 
50.90460765660545 
50.88764692410135 
51.159728087112 
51.15612270946225 
50.899225694020075 
50.88328904927041 
49.52934334878837 
50.16241911782354 
48.55075409388341 
50.57873891318494 
49.56939370520345 
50.89201183935548 
50.57193585001018 
50.160649102318075 
50.15012360526197 
50.581421480915004 
50.58144578963692 
0.0 
50.54407248696137 
