50.882222633546625 
51.16244244916817 
50.877965158199906 
51.157071308194745 
51.14653526317333 
51.38920243344668 
51.38255031023502 
51.374952425253966 
0.0 
51.3771157596952 
51.38241630849991 
50.16419925145291 
51.389377147621325 
50.16242087051147 
50.889790685777086 
50.894055054523434 
50.15885829313195 
50.15166507578157 
51.15962135390565 
48.57736696642395 
51.16410887757967 
50.16426250286684 
51.38850281194712 
51.39100434505178 
51.38942049000134 
51.39102530998426 
51.39090383841779 
51.376536809785144 
51.39101422176908 
51.38945161992189 
50.167814455448465 
49.550741099948596 
51.156228052024616 
50.56417743476172 
50.16243115157132 
50.132085248474034 
51.38159501499994 
50.16045321930295 
50.57864502335689 
50.5760244475367 
50.88442461306139 
50.14804529049047 
51.165067931935624 
50.1588815968151 
50.89818669392208 
48.566586035707 
49.58283259435376 
50.571975373315155 
51.386370957255984 
48.577184052978346 
50.5683314551433 
50.167817141711566 
50.56659901010649 
51.15631993971209 
50.898433376516316 
50.89086567327024 
50.153645681656975 
50.567926989150024 
51.150774109834984 
51.15798261423088 
49.55063828750793 
50.167777295023534 
48.53968039774993 
51.158087032277216 
50.14286655674808 
50.89718082399453 
50.57470182510045 
50.15714829579806 
0.0 
50.89099086099743 
50.89188674796155 
50.160641030539985 
0.0 
50.89510948299262 
50.90041806378498 
50.55611239264209 
50.15868164999639 
50.899238875602855 
51.386937978992094 
51.37947059707912 
51.383390305181315 
50.572176312269605 
51.38162510159937 
51.16151184799681 
51.1650530102748 
50.56685792172013 
50.15183824531091 
50.56679299801589 
51.38937499848801 
51.39088343258205 
51.161518039261296 
51.38786355439871 
50.89617789520895 
51.373369671525325 
51.15522288068776 
51.3909977398988 
51.38931460231581 
51.161332305219545 
50.57597529355801 
48.561616753040084 
