0.0 
40.214956954281625 
40.434817304726394 
40.70987904029577 
39.49116259314852 
39.39621156552991 
40.47839267107988 
40.71553912737734 
40.700476033619935 
40.71096555489639 
40.716198614209354 
40.71478759927397 
39.91251081675268 
39.48557870991203 
39.41948621020489 
38.91043157561396 
39.893277167412364 
38.893770604702404 
39.45356764613949 
37.875523643679415 
40.217720251913136 
38.865109402541705 
37.91293629064331 
40.70353527810422 
38.880010928633965 
40.69562267203002 
40.723268151273366 
40.71805076102552 
40.217974510744426 
40.71711260782594 
40.68442139082545 
40.48681084861657 
40.71595784954977 
39.48595591511896 
0.0 
40.234408876688484 
39.45306618935389 
0.0 
39.43923340958383 
39.45769187774079 
37.89396242169262 
39.872695707740974 
0.0 
39.84631502327637 
39.45951049310274 
38.882728709157924 
38.83081808851725 
40.46765841550031 
40.47840361194845 
40.474728945127296 
38.910311111695975 
0.0 
40.677808937650966 
39.48511628430191 
0.0 
40.172311704357405 
37.85287229877928 
39.48325852855587 
39.47437133311137 
39.45582278512195 
39.425492717560104 
40.4774944778118 
38.87367393301623 
39.48959261576059 
39.460637420217424 
37.91293629064331 
37.801063525475506 
0.0 
39.40078607343889 
39.422306423279444 
39.38361411016913 
40.41277225361116 
39.897399821952284 
0.0 
39.894633057673666 
0.0 
38.894080768016835 
39.45951049310274 
38.8233140850057 
38.88417947292741 
40.201069652360424 
37.89384734006017 
38.866512136415295 
38.72818522558556 
39.48325852855587 
37.91152109945867 
40.70047296081383 
40.20356486273015 
40.216584181226324 
38.90223636991173 
0.0 
39.836805456989694 
39.496279696193405 
40.70331726980338 
40.480699735003384 
40.70643254179289 
40.66615697194794 
40.473925177272214 
0.0 
40.218366868861416 
