41.18459599122114 
41.50209830110124 
41.171307474726504 
41.48510262596371 
41.45299424005786 
41.7368661770069 
41.71739430218365 
41.69372385542336 
0.0 
41.69973346644935 
41.71610825816193 
40.50738676682389 
41.7385207924987 
40.50185335265794 
41.20890568245667 
41.22221708467749 
40.490719133621624 
40.46768361633389 
41.492341921121216 
38.9161015719276 
41.506598024832215 
40.507962280385506 
41.73503112117286 
41.74427513711877 
41.73896107646187 
41.74455421120703 
41.743314193178946 
41.69913319811919 
41.744449232501566 
41.739268822796255 
40.51913568273251 
39.83296886349193 
41.482718926307115 
40.87573875804803 
40.50202361558774 
40.406311477499 
41.713143550638165 
40.49457070093784 
40.91963390135223 
40.911875668627815 
41.19189994620615 
40.45594520798181 
41.510094116148515 
40.490911950885405 
41.234268877874506 
38.88177724174483 
39.93397641562535 
40.89881260996817 
41.729417268936864 
38.914212511040105 
40.88976766493554 
40.51921135801582 
40.88174193479375 
41.483628128414274 
41.23662189129566 
41.212315415008355 
40.47517181367612 
40.88591926646891 
41.464836152159414 
41.48812271303026 
39.8321113793103 
40.518794987448864 
38.795535967492846 
41.48906820379734 
40.44070970053518 
41.23144202448561 
40.90782334697083 
40.48577737834645 
0.0 
41.21351314723274 
41.21521741041029 
40.496296907661055 
0.0 
41.2254705752809 
41.24187667672719 
40.850130804776974 
40.48906505707618 
41.237488269487095 
41.72988246494532 
41.707575939283664 
41.72047643207251 
40.900765514008754 
41.71341802915281 
41.498983225194465 
41.509911583415935 
40.884147092558656 
40.46927017786135 
40.883592052011174 
41.73846047897441 
41.7431020705191 
41.49897387384669 
41.733864911523504 
41.22883229354116 
41.688438107872955 
41.478831325192964 
41.744194806996184 
41.73784752384769 
41.497186947213926 
40.91139087758008 
38.868422392311636 
