50.83083921344137 
50.83084451589372 
51.640233480074905 
51.41001630143215 
51.40756387494932 
51.63724005815393 
50.82943656110979 
51.64024176995078 
51.637190134702465 
51.1385314927342 
51.402387087887845 
50.404957668463155 
50.82545403539161 
0.0 
48.82166736731838 
0.0 
0.0 
50.39091200361073 
51.41349244666565 
50.4167687107556 
51.13235125923974 
50.38912520209411 
50.408571065368506 
0.0 
51.40145088571645 
50.411869277824 
50.82428734860413 
51.41702002921115 
49.82943457083517 
51.144494075029584 
51.63700857875593 
51.64022564753537 
50.824061868603906 
51.14673904422121 
51.63504594754608 
50.41534551977154 
51.149868293238285 
51.40075048998139 
50.413706710456104 
0.0 
51.404147937234434 
51.40243518595571 
0.0 
0.0 
50.8204241209007 
51.41437043030754 
0.0 
51.636485741530365 
51.410253900287294 
50.8319536803829 
51.14160776696946 
50.39633770440176 
51.150799796907656 
48.832049835216246 
51.144627565191925 
51.14678750935447 
51.63205176779011 
50.40643874233969 
51.62980929879962 
50.40318435506899 
50.408571065368506 
51.40579065813953 
49.81933105705441 
50.81532766734474 
51.13951333686107 
51.63870552540005 
51.64021773831645 
51.146738492495146 
51.6379947358659 
50.82554394549228 
50.81908922250217 
48.81665291073023 
51.40667141631714 
48.811497370673514 
49.824080573062474 
50.82413953269556 
48.74208608118161 
49.790753146092136 
0.0 
51.41014764471217 
51.62972740162844 
50.40988204852815 
51.15086945467919 
50.413657218703555 
51.15403308686658 
0.0 
49.81652897560373 
49.82181869813057 
0.0 
50.41357863002472 
48.83217460877992 
51.15195709378024 
49.827042611508496 
49.82163361651212 
51.63575163113865 
50.82819469474687 
51.6387211901794 
51.413542854383806 
48.83086518244788 
49.81384017622355 
