49.81408009778142 
50.83085677532211 
51.40408986604711 
51.41351826916567 
51.62104885582539 
51.62462234350638 
51.14982323012261 
51.40666884597823 
50.41180493318084 
51.638666873758055 
51.63277321928723 
51.40751656765749 
51.150985584314405 
51.63575540239457 
51.62303958728808 
50.41011303027856 
50.83195020464847 
50.82041473114101 
48.80100208045494 
49.811660740239205 
49.82154536905077 
50.397817924622174 
48.832176301728445 
50.41701488821488 
48.821910543947745 
51.64015995975036 
51.6402391565569 
51.64024412724494 
51.153939245895934 
51.64016696222628 
51.41270374609236 
51.41528811886158 
51.64009388901537 
51.640233075060465 
48.816670886245 
51.416983179506424 
50.81781202246504 
0.0 
50.40144619725274 
50.81520708749666 
49.82183559365163 
50.81899115278145 
49.78988051542366 
49.82163447241252 
49.82684141517844 
51.41012589417184 
48.826886843890485 
51.15178640079884 
51.635024454231626 
51.415280694235406 
50.40129675335471 
0.0 
50.821635352139225 
50.82675464262359 
0.0 
51.14255765946597 
0.0 
50.818951934081234 
48.77456799018659 
50.825430506024084 
49.826677919252376 
51.410087560411185 
51.40928517186959 
50.83197255169084 
50.4119143243828 
49.81910164073948 
0.0 
49.82428948427839 
50.39444850109837 
51.14982654192005 
0.0 
51.154015743808486 
50.40670822649045 
0.0 
50.82799566352897 
49.80638265107825 
50.82045504336533 
49.82684141517844 
50.813611530196326 
49.829445091027026 
51.40934401826382 
49.819296347652944 
0.0 
48.74214439394112 
50.818951934081234 
49.81927454118563 
51.63427306023739 
51.14571787108488 
51.41259718021242 
0.0 
0.0 
50.40496504349371 
51.41532115234275 
51.15195542352546 
51.624674080314946 
51.638713093982304 
51.40219998497923 
50.82549784630801 
51.41102342222646 
51.41526713976691 
