40.43498030144229 
41.731247140506014 
40.87960171466405 
41.7281923255704 
41.221497070388985 
41.51436080410244 
41.705957395448706 
41.71918992639887 
39.833042622710046 
41.71188514133821 
41.7375678028596 
40.50796917335761 
41.23604566179834 
38.85021897007376 
40.896072075392674 
40.92491994882695 
41.206196302317714 
39.90839747799337 
41.506671220561046 
0.0 
41.479679938103125 
40.502632446526725 
41.73326367377661 
41.744459781596454 
41.743730267687745 
41.74452370088025 
41.73894361996345 
41.71956288951128 
41.74457182732364 
41.739271253179886 
41.23291869597993 
0.0 
41.48522715669257 
39.85203674359206 
40.50698716974285 
40.85197567865587 
41.71142235862837 
0.0 
41.73009749206333 
41.49901006395318 
0.0 
41.228821685316476 
40.492144669099034 
39.873165974211865 
38.884029350642145 
40.90302270174038 
40.90387778850639 
41.22097198018045 
41.502575642085176 
38.93224260678008 
40.87244563435606 
39.884330419395745 
41.20907466055039 
40.41792611571256 
41.4993008243451 
40.485362870237225 
0.0 
40.911055700175304 
41.47900858109548 
40.45307157840491 
41.41726964057764 
40.51861951734461 
38.79904648835233 
41.229530427110475 
38.91777150058696 
41.24808524229354 
41.71728348651608 
40.87134818484434 
41.216822986981015 
40.51850533927345 
41.68876592586235 
40.48439468030081 
0.0 
41.21834575373525 
40.919887976946335 
0.0 
41.72147949495388 
41.23785534054058 
41.70766514733612 
41.71014180635784 
41.711278147956286 
41.50207173156362 
41.182410653951145 
0.0 
38.918182683145915 
41.219264135672454 
41.503831800593076 
0.0 
41.74351805874829 
41.74302685694558 
41.47191668083953 
41.74378342886886 
41.23808894513988 
41.501967018603494 
41.46269521601543 
41.74433101195837 
41.742679654330004 
40.48337634221151 
41.228538671738846 
41.21576353052786 
