0.0 
41.22150515457653 
41.471824243820485 
38.9330073626794 
41.510055858511 
41.7305343718603 
38.89864883673217 
38.91745876725803 
41.71025191861926 
40.903482569230064 
39.890372126067966 
41.4792054264507 
40.87652370109919 
41.47578914439653 
41.51106381790361 
41.23638505750234 
40.445309705564334 
40.48540724307548 
41.50783990096574 
38.86873027605291 
40.921292831160784 
40.47934268243903 
40.480791730354866 
40.4701680620462 
41.23836407147071 
41.22584505580189 
40.929599207524305 
41.738578805955086 
41.510069580325464 
41.73329359242409 
41.68188403022926 
41.73040683946919 
41.50991044348497 
40.928545240697446 
41.50488617094627 
40.49531180131763 
38.901734247615714 
41.728455626620786 
41.224604962938955 
40.835578127834125 
41.48544980049566 
41.46819612309655 
40.86608048798326 
41.51276013212199 
41.19885118360659 
41.676988109639154 
41.21255335008198 
41.50962353749228 
41.2180587188161 
40.507613918175046 
41.74243172317063 
41.72849745427949 
40.47961708817808 
41.44871982959616 
41.730896296688236 
41.72194223645842 
40.50739083257746 
41.707571802297416 
39.89153051094105 
41.21568641762142 
41.50828313995872 
40.90529764658413 
41.19239167931102 
41.47384080599416 
41.4878333988576 
41.502535613288586 
41.4809311573271 
41.73606045722503 
40.91276989078677 
40.90004259178629 
41.23860524686684 
41.733371196695366 
40.436250947794726 
41.71204486820906 
41.20270915782613 
41.51180821099864 
40.925264600405775 
0.0 
41.22828019410095 
41.73171117919314 
40.49065322636542 
41.24878194421965 
41.457093596575305 
41.707780945121385 
41.72136443484192 
40.9072834594608 
40.47394334906586 
40.436066253692545 
41.2289281756553 
40.88840507434445 
41.22540305994346 
40.84114163170838 
41.49143802605453 
40.46329882818374 
40.91625984231391 
41.187798997611196 
40.933471907257456 
40.92152168657794 
41.24232283797748 
41.42404958953427 
