0.0 
50.89398073381504 
51.15269514240766 
48.58272118213789 
51.165659044271656 
51.38699788483945 
48.57196739241337 
48.57750521576176 
51.3802638463857 
50.57334950262656 
49.56930396490236 
51.155259634255614 
50.56425354970232 
51.15430715668598 
51.165763576498776 
50.898414389387284 
50.14454177169734 
50.15710019451871 
51.16423853496129 
48.56165335515539 
50.57880693691773 
50.15527185221019 
50.155425765374616 
50.151916309955695 
50.89933165483636 
50.895156453501635 
50.58146556964402 
51.38937908950361 
51.16507338519313 
51.38780445229791 
51.37114990304009 
51.38698602278949 
51.165053226689345 
50.58136146562888 
51.16332792335633 
50.16053213142472 
48.572283009384485 
51.386277738557425 
50.895019414820055 
50.551907060833805 
51.15710520451727 
51.151710930301526 
50.56137132296812 
51.165944311277656 
50.8865919209492 
51.3696132815141 
50.89089239338081 
51.1650210238694 
50.89289819741024 
50.1642113873325 
51.39081345210292 
51.38628290576366 
50.155302415537854 
51.14549075555528 
51.38704015250197 
51.38456348519223 
50.164191294196904 
51.37947402088806 
49.56942879448403 
50.891933311439516 
51.16488355908159 
50.573552618946 
50.88447848327799 
51.15350401159583 
51.1579636652025 
51.16248964099182 
51.15603943610426 
51.388611038795375 
50.576128129842616 
50.57210184905079 
50.89935011173327 
51.387810883962416 
50.141199872902845 
51.38096303307052 
50.88770480458498 
51.16584786962877 
50.58012403607508 
0.0 
50.89612267929544 
51.38712437341987 
50.158851503408144 
50.902578026825914 
51.14815912850308 
51.379499858921136 
51.3839934508285 
50.574654137631136 
50.15351616756664 
50.14118090843846 
50.896191283894574 
50.568192277627126 
50.8951070391637 
50.553376517517115 
51.15892982115755 
50.15000751962402 
50.57738048833891 
50.88327573202731 
50.58277798470963 
50.57882803184379 
50.90046235423267 
51.137527129253776 
