0.0 
51.14882708996871 
51.399837232585924 
51.63711396038324 
50.415366940044684 
50.389415708064774 
51.41189331615466 
51.638619837583256 
51.634261593071294 
51.63720371395522 
51.638672046570186 
51.63855445558964 
50.832131342015984 
50.41368587173936 
50.39617018366901 
49.83197428974848 
50.826919711729445 
49.82696116765248 
50.40500846414046 
48.821834518623085 
51.14977959893851 
49.81916447229041 
48.83217494913255 
51.6350348255643 
49.82402705156539 
51.632826544436114 
51.64027044097432 
51.638803544836804 
51.14979772047107 
51.63873933738436 
51.629826525755746 
51.41439495407312 
51.63864805582437 
50.413721133073764 
0.0 
51.15405810194324 
50.404970443931006 
0.0 
50.40142261611446 
50.40656657420684 
48.826979039372404 
50.82160282760879 
0.0 
50.813988903231426 
50.40671736505303 
49.82423651032455 
49.809063646390435 
51.40920156321253 
51.41189571043607 
51.410990749063416 
49.83195855656571 
0.0 
51.628251758971516 
50.413657933609564 
0.0 
51.13733776979175 
48.81635996559036 
50.413507218518944 
50.41157125688805 
50.406415657429655 
50.3978834499262 
51.411818722176974 
49.821680337817334 
50.415243482735704 
50.40680774245399 
48.83217494913255 
48.80117367799324 
0.0 
50.391010077052634 
50.396385722429784 
50.38595133963836 
51.393788083428525 
50.82816424087288 
0.0 
50.82795102979913 
0.0 
49.82698833064731 
50.40671736505303 
49.80849534619544 
49.82435496646593 
51.14477150793307 
48.82696341004508 
49.81927344679759 
49.78255155504774 
50.413507218518944 
48.832051639598895 
51.634263352532095 
51.14570836995051 
51.14968832940146 
49.82947053338467 
0.0 
50.810458928828304 
50.41699551709907 
51.6350113329116 
51.41268917913363 
51.6357986258496 
51.62522963653646 
51.410927177900604 
0.0 
51.149832562345814 
