49.582582269496164 
51.380883982071296 
50.89099103064342 
49.56682546971772 
50.90343941376783 
51.1587979958442 
48.53447702697881 
48.572268444428595 
51.1580144007795 
50.57335567326789 
49.57743002871648 
51.15440354468099 
50.57618390306121 
51.3831866830706 
51.164124482342395 
49.580038970358615 
51.146348595061255 
49.57482976867181 
50.896171027569466 
48.561481702399306 
51.16334618674967 
49.56939754447497 
50.57348119246102 
51.15801424987194 
48.56136064249283 
50.88859526252982 
50.58149016119643 
51.384887750580305 
51.16063337612571 
51.38933077243884 
51.13839152621329 
51.3832258209258 
50.90044722470483 
50.57867698506767 
50.90255299710725 
51.15525176977735 
48.57230249593014 
51.16510743690196 
50.90241695816801 
49.55880508276497 
50.577455604129014 
49.56685433797597 
50.88648263670227 
51.39075551087465 
50.56553438975891 
51.14200949382277 
50.8908694918857 
51.16504052786013 
50.895076732678554 
50.16239947537978 
51.38940560304008 
50.15178278622661 
48.5127258463948 
49.55605622118376 
51.16416889287451 
51.386910042048044 
50.15361014381862 
50.889788881969025 
50.15339350490978 
50.897243796075 
51.15788754570636 
50.57616629944839 
51.37643050522067 
51.16153214894052 
51.383307592517056 
51.39085277313817 
51.37554034447779 
51.16414447205623 
50.164222644715636 
50.16396898616621 
48.58289503957197 
51.16418428659936 
48.556209243399515 
51.164994194715476 
50.894068424868756 
51.38695423623749 
50.57348184299909 
50.158914702937516 
50.574678002024676 
51.38789782718159 
50.162367962157774 
50.901438486571074 
50.90251088850211 
50.57084475371725 
50.574734069928255 
50.16577869098149 
50.56668082095586 
50.14471250184763 
50.577392704212535 
50.89405144264871 
50.896193705239426 
50.14632804223292 
50.5575522742208 
50.15177791751024 
51.150910658115386 
50.89393545739166 
50.58143217191324 
50.578838098426374 
48.56161748533879 
50.88018079381247 
