40.390781317679654 
41.72384819895311 
40.81250177136669 
41.71660493006989 
41.20593632034407 
41.7366903672114 
41.72244441312877 
40.89632995984709 
41.47442752529888 
41.72573214984272 
39.88444386222756 
41.479250927772185 
41.73167703561951 
39.89132266025718 
41.45735195135856 
39.907184981105296 
40.884414056170634 
40.88720454949636 
41.214648897611724 
0.0 
41.71845878808332 
40.908420737889635 
41.73080879546848 
41.74434014731035 
41.73407971928182 
41.73993615255934 
41.51882564937091 
41.724022586959826 
41.74445480497676 
41.73472525797106 
41.242502617228105 
39.85837257297049 
41.482631863824636 
41.22849673528139 
41.5010306473353 
40.818518463796494 
41.49286539340076 
40.89511160260594 
41.23027270827775 
41.238000778167525 
41.49502130093673 
41.25122414045646 
41.50743917443743 
40.9046875909513 
40.9243532841835 
40.8491642557081 
40.903972765267326 
40.890865058167996 
41.50738677915661 
39.89084326159611 
40.872888733615916 
40.90911016320649 
39.91600064057486 
41.24504581811603 
41.71484399194924 
40.87557173635857 
41.48781665262598 
41.20399897660853 
40.46049151084779 
41.48068291672417 
0.0 
40.486684008268725 
40.450589452382765 
40.92631211749423 
39.89234665248844 
41.45749480462311 
41.253992450692266 
41.205507784057396 
41.488696137887544 
41.22581363633557 
41.70770773723171 
40.48511949125325 
38.88530717910626 
40.495548753840794 
41.51158786173198 
39.75181873171645 
40.89563845033899 
41.23726299569715 
41.71533847229255 
41.71888770984832 
41.25001293649151 
41.49127659260874 
41.19434929922453 
41.49668483706902 
41.2289309038491 
40.485112249073524 
41.71714877892932 
41.19633529602883 
41.73846215747226 
41.742880448612155 
41.50380771145463 
41.73890848537521 
41.48810846487357 
41.48542221148317 
41.21520123361102 
41.74428958918003 
41.74232437435105 
41.480620725483845 
39.84186231709742 
39.85843521410228 
