39.93165541187327 
41.71127449001711 
41.21351431092076 
39.88393978730048 
41.25019224974521 
41.49020794416375 
38.78044694804534 
38.90169262275914 
41.48841494402047 
40.903570106496375 
39.91663093579458 
41.47675474279718 
40.91336403895565 
41.718537533787746 
41.5068127944697 
39.924445661896485 
41.451188556105436 
39.90901654005049 
41.22878700264006 
38.867137405692624 
41.50505079846096 
39.8913829345684 
40.90463162515107 
41.488404785130506 
38.86590133668653 
41.204381821360315 
40.929840317784716 
41.725062174579044 
41.49624628341072 
41.738103115871205 
41.42655346695519 
41.718961806591224 
41.242192530879564 
40.92008098068334 
41.248584871410245 
41.479163103337505 
38.90192741215049 
41.51041265766002 
41.247299290601084 
39.858671777956985 
40.91701015413971 
39.8842373761404 
41.19788177221077 
41.74194395749433 
40.88011877021947 
41.43831268141325 
41.21234916429816 
41.50981280931578 
41.2251218979575 
40.50174450156995 
41.738758175300255 
40.46884932535397 
38.70913184565303 
39.84948995100901 
41.50721175029092 
41.72967356657839 
40.47488044345362 
41.208872801520144 
40.47281841980776 
41.23216374091278 
41.4871401244523 
40.91314619949574 
41.69806486034197 
41.499123544431356 
41.719660747454846 
41.74281446351276 
41.69445975306616 
41.50695720658912 
40.50767248116551 
40.5053047830266 
38.93463985241242 
41.507348222886634 
38.851118045492754 
41.509405434164236 
41.22238143280317 
41.73008603934979 
40.90467822587526 
40.49127713258042 
40.90758329912624 
41.73421509609696 
40.50144159374084 
41.24477666289951 
41.248201259579155 
40.89662166515935 
40.9080877202459 
40.51123995053828 
40.88252573756434 
40.446956344450875 
40.91634932659276 
41.22219426587617 
41.22892660388757 
40.4510342505507 
40.855351088113935 
40.46882556185137 
41.46627031376235 
41.221105484062676 
40.92919274534208 
40.9216274110488 
38.86850518158831 
41.178809706333325 
