50.15185484758682 
50.90251985958996 
0.0 
51.165978197971555 
50.151440057183514 
50.148318451708164 
51.15527016201995 
50.16417155997395 
50.89201954291221 
50.1637325740775 
50.560045835366154 
50.88450402566973 
51.1616179008078 
50.90045949613331 
50.895162798681845 
50.15529580148468 
51.1491003178157 
48.5826554778768 
51.38924431488448 
50.13567326185188 
51.39089503564304 
51.16413947848837 
50.572102653904786 
50.89836345484934 
51.15702976156564 
50.88774407878842 
51.162485486395106 
51.38631335133476 
49.56685101144901 
48.56691493668834 
50.890866368085945 
50.58014350141875 
50.88031277051225 
0.0 
51.156966493148886 
50.89919337359866 
49.57491814481446 
49.566527324551416 
51.15519981777722 
50.155337588548754 
50.15005625678671 
50.57591316687886 
48.57214371012396 
51.38235621844493 
50.578684900299145 
50.892790239650324 
51.15710650216954 
51.38478998117641 
51.390965365682575 
50.16241628650101 
49.56394481415961 
51.16237625027362 
48.56156121031868 
51.38916805241073 
51.15972199859856 
51.37420477978342 
51.3910179705416 
50.57350098232349 
51.38173507661051 
49.56412235314175 
50.56806564994539 
50.15140515646263 
51.1606546955761 
51.38711286005665 
51.38486365640133 
51.165150258980155 
51.16157046938246 
51.38247800731861 
51.389423069339294 
51.159816685693684 
50.576003598724455 
50.88134853519494 
50.58014078047269 
50.16595851262619 
51.1562376425125 
51.389327075318725 
51.390992902817175 
51.38778949972567 
51.39094671116348 
51.162390085177016 
50.581476404063416 
48.58291589084698 
51.158029994825625 
50.89717688233932 
51.39099584426953 
51.1631588728439 
51.38238922449684 
51.15630690895092 
51.38625254739024 
51.16240317768653 
51.38851959483281 
50.89915580142125 
0.0 
50.57999128112073 
50.15358198895685 
51.38023388798229 
50.167555984901355 
50.13740287931722 
51.37949071621946 
51.38943622606877 
