50.15888513063738 
50.89618661067089 
49.580208382478475 
51.38791890098539 
50.13921008634437 
48.561544570240734 
49.56690259999428 
50.144607178629805 
50.158957101544225 
50.16558270903118 
50.55741513982194 
50.892937077390314 
50.90051823774513 
50.58018034691535 
49.58008230234597 
50.89407976102847 
50.88131925926993 
49.58267761683639 
51.38776912368183 
50.556131417432475 
51.38941032829382 
51.38556105749411 
50.57343416203841 
51.15894852719157 
50.15871674079394 
50.89300485842119 
50.58024652170407 
51.38177621868955 
48.577338951213676 
48.57754264059424 
50.89096203495652 
50.58013002988042 
50.57741931683566 
0.0 
51.15265913549329 
50.8992122345218 
48.561739071354474 
50.885480610907685 
51.15176578283541 
50.167768361860674 
50.56678952656776 
50.892937876915326 
0.0 
51.3832047610064 
50.897266471104835 
50.57196131813467 
51.16242644360479 
50.89832784492163 
51.39098016480241 
50.15172460612687 
50.155153112804406 
51.15983246905242 
49.57220695778585 
51.16667864954189 
50.57355928612092 
50.57738244441857 
51.39101229946687 
50.57872442228347 
50.57086208779175 
49.56396165872314 
50.89919218187354 
50.16558270903118 
51.159776243199794 
51.38934266149176 
51.38943289479022 
51.37042929141436 
51.16064493371574 
51.16409916732745 
51.3894125475922 
50.58287223548195 
51.16587297353711 
51.15173483475433 
50.573507739767976 
49.57486467501472 
49.5748159930346 
51.386346310439855 
51.39094131280678 
51.38787815003865 
51.38946441142691 
50.89622261450111 
50.576104884933734 
49.58275838681621 
50.90146263487223 
50.9013954934495 
51.39100227523645 
50.90035306428806 
51.380169471636314 
50.89624997271492 
51.16322892673788 
51.38482497900467 
51.38927780434596 
50.898228987004394 
48.56683561438949 
51.15969338820549 
48.58260279913206 
51.384688746499336 
49.56929953826059 
50.894104547253406 
50.58019987752364 
51.39096802237261 
