42.258591174599594 
43.270723127548955 
43.276665078982916 
43.278436871097284 
43.27830376528559 
43.27843693129379 
43.01455215363179 
43.278425014807965 
42.69004382651475 
43.27844297221231 
43.27842777979909 
43.276710352685264 
43.01249368679369 
43.278443289579464 
43.27844955493489 
42.27229732838597 
42.69002068965783 
43.00827139459424 
42.277545298028805 
42.26885346888855 
41.677118510182645 
42.66670093352793 
40.671945266965864 
42.27759372660001 
42.69003910708457 
43.27844910687148 
43.278449645593426 
43.27844966611316 
43.27245238489785 
43.278449417609956 
43.2767131618589 
43.27844964529012 
43.27844954247468 
43.27844953908698 
41.69263090394837 
43.27844903587193 
42.692581488659286 
40.66669276601278 
42.26536098365971 
43.01451198498169 
42.26391017477097 
42.68217866369726 
41.68705841836335 
42.67179012635287 
41.69261268682157 
43.27672560548111 
42.27065838107296 
43.27072218467756 
43.278440309444754 
43.278443177069114 
42.68101391837335 
40.69243141125363 
43.0124898512677 
43.01041991661234 
40.68730566619102 
43.2732415255457 
40.67705025736217 
42.688669574581404 
41.68747915143917 
43.007257678735904 
42.27238849088598 
43.27673204612627 
43.269850377420994 
43.01146854590392 
42.69003485629372 
41.67955373141014 
0.0 
42.687451468447094 
43.27411250483393 
43.27069834033473 
40.69263153173626 
43.013532260208606 
42.275863313300974 
40.67714705727516 
42.69259818946302 
42.68741924957956 
43.00935976221449 
41.69261268682157 
43.27414909953808 
42.272437458906595 
43.278449420622266 
42.680940843341844 
0.0 
40.671929102332705 
42.688669574581404 
41.69003414459176 
43.27843725763411 
43.27673169354874 
43.27844293414414 
0.0 
40.68750667772131 
43.00830473599085 
43.278443400694655 
43.014551990690705 
43.27836385967343 
43.278443377253794 
43.278396500347334 
43.27243208657032 
43.27844022258364 
43.27673801355969 
