0.0 
35.025049821143654 
35.019677211002794 
33.41758961872097 
35.019826271263796 
35.030726253249846 
32.44240523628475 
33.98987996849146 
35.030416013844174 
34.44267819383919 
34.02783045080074 
35.01951047078603 
34.442047960788415 
35.030303322490894 
35.019838602698144 
35.01088522592341 
34.4265306310029 
34.426560242441106 
35.02523405803866 
34.027852099182034 
34.764925032267776 
34.01615259122188 
34.43022568273 
34.73852914967259 
34.74104274610128 
35.025085565028824 
34.76181952722917 
35.03072589943384 
35.0307959672445 
35.030666189684375 
35.03002624472194 
35.030802464954874 
35.02522645649551 
34.758337980529824 
35.02516659247416 
34.02255885764185 
33.393718890297194 
35.03053921469758 
34.75508072317764 
34.41380413970576 
35.024926882338896 
35.024773951357574 
34.76446714921812 
35.02526545939152 
35.016908204362096 
35.030126530700166 
34.76468169901477 
35.030698046015665 
35.02495679714284 
34.022488140963794 
35.03078251000118 
35.03060364900003 
34.43463416922744 
34.99734293155377 
35.030708146990605 
35.030698687977164 
34.34188486252265 
35.03030468887192 
34.0277878350374 
35.024750041410556 
35.02247071199459 
34.4385771064063 
35.02200830051915 
35.01962102999926 
35.030480787915856 
35.03062411248468 
35.03050899578047 
35.030787232068676 
34.75851141937771 
34.75830507808219 
35.0197959675135 
35.0306580940581 
34.755153439515134 
35.030207904590235 
34.76447266348907 
35.03079456318676 
34.758481693261324 
0.0 
34.99986755997409 
35.0306079260172 
34.41799235885547 
34.758566055014 
35.03073872327687 
35.03069784427742 
35.030732360138295 
34.442818383053 
34.748242443634034 
34.42506819022037 
35.02514593709352 
34.44252686931542 
34.74513701100565 
34.7576176624547 
35.02512795365045 
34.42618046792987 
34.44298859425816 
35.01688705603891 
34.75827259310946 
34.43875472249585 
34.72499481283686 
35.013220354222995 
