34.75096970682575 
35.030719990389514 
34.756220877297245 
35.03079126711259 
35.01867079082487 
35.03077177855128 
35.030582218793775 
35.02526985322413 
35.02493473150342 
35.030580295178275 
33.44313378902025 
35.00851391647377 
35.030580834136174 
34.43393084492318 
35.03020597044279 
34.02237043518271 
34.74827515098932 
34.74842474855552 
34.75817577751732 
32.44240523628475 
35.030731030374014 
34.75179676496218 
35.030727906582236 
35.03080654685227 
35.03080581887351 
35.03074711077216 
35.03079897975158 
35.03053693165385 
35.030806513889374 
35.03067857555527 
35.02526618150691 
34.75171808695473 
35.025328090314616 
34.76473124458413 
35.03059715750563 
35.02503803315497 
35.030471786327155 
35.00338370959714 
34.76462238859256 
34.76506825550449 
35.03059409002821 
35.02525521968874 
35.030725731897334 
34.44235705396364 
34.442892679763794 
35.02468409332695 
34.758288883496654 
34.70834614301934 
35.030736182710534 
33.44247925679215 
34.76178327539244 
34.75823962691193 
34.414180917406675 
35.025295736972836 
35.03038568397285 
35.01690995693543 
35.03059917145134 
35.02492337420493 
34.75815922965495 
35.03069610113941 
0.0 
34.999563187001755 
34.41380413970576 
34.76160686612471 
33.44201480685759 
35.02134655763255 
34.76506825550449 
34.76158918151228 
35.03034652800596 
35.01963096216876 
35.02970583474849 
34.02751612956879 
33.443011151397045 
34.43906995882801 
35.030706767386306 
34.02767570058634 
34.7580494804897 
34.7517319310686 
35.03058695343795 
35.03038995966283 
34.76171627513026 
35.01684563769298 
35.01923518448184 
35.03055376649345 
35.01981965435212 
34.434914634571086 
35.030276502175305 
34.76361645524757 
35.03073117674186 
35.03078768443082 
35.03067786966727 
35.030730323977345 
35.030469215691156 
35.025048096835015 
35.016783638635275 
35.03080482435496 
35.03079616021448 
35.02237189785868 
34.02200689272121 
34.01676345330411 
