43.06710230429454 
42.80677452060045 
0.0 
42.80680162254779 
43.07064421035472 
43.07066670714949 
42.484773698210546 
42.80458524954807 
42.79612376315899 
42.48484083400579 
43.067970787254374 
43.06887919967932 
43.06894743429644 
43.064520620139426 
43.06713462021862 
42.06982148779921 
43.066174620296685 
41.48485504301438 
43.06896595135891 
42.47691660721534 
43.07072109079986 
43.07070891747391 
43.06623932817393 
42.484851011369386 
43.070714981727 
42.48211928315227 
42.484861286306916 
43.07072766191249 
41.48218194235856 
40.484827428034954 
43.06888569153139 
43.07072164487158 
43.06716004762911 
0.0 
41.482220086959984 
42.80679325015894 
42.06800692292102 
42.80463193162049 
43.06800624872971 
43.067125357724926 
43.065391752671665 
43.0671214588428 
42.06982760241487 
43.07070821073424 
42.80468601915904 
42.484860271479675 
43.070695417233175 
43.06893709703131 
43.07072805349571 
42.069820907413735 
42.06807112029906 
43.070714847267034 
42.479556698358394 
43.06543583920276 
43.066287353606484 
40.484885393196805 
43.07072846336458 
42.4848606928449 
43.06888240605585 
43.068019392739494 
42.806781916444876 
42.48484083400579 
43.06892099981434 
42.80679739993854 
43.070708674813226 
43.07068923634959 
43.07071465341343 
43.0707219215987 
43.07072847005219 
43.06894095375072 
43.068933978086676 
43.070708406905965 
43.06895060448715 
42.48354899593208 
43.068930847114565 
43.07071451414309 
43.07072821785197 
43.07072820731169 
43.07072830715754 
43.06540744182908 
42.48488038167592 
41.47955126006312 
42.804662684075794 
43.07071493542496 
43.070728344725275 
43.07069186152611 
43.07069528621919 
42.80462847014545 
43.070691644560114 
43.070721814848945 
42.806808737981875 
43.06805815233013 
42.78869748192842 
43.06717620993693 
42.48353452100122 
43.07068315998916 
41.47956163417563 
42.06977669006901 
42.48351496379188 
43.07072804433674 
