35.02446894156339 
35.02528695898258 
35.018725118221475 
35.03060915670498 
35.02439184954946 
35.03077599559583 
35.03054767183918 
35.030368042090124 
33.41870724723988 
35.030452845816434 
35.03043973033726 
34.01705400008806 
35.0307325271397 
34.425979951632215 
35.01404548471684 
34.76433409514881 
34.74171030224605 
34.41003001759761 
35.003335274701584 
32.3420466032845 
35.02255703846227 
34.74856554209529 
35.03078744974177 
35.030805838971844 
35.030746538213364 
35.03080692214426 
35.03079669157023 
35.0302404995125 
35.03080584986358 
35.03074071519941 
34.022624911375274 
33.44276167018911 
35.02255703846227 
34.75805247798284 
34.43855895564177 
35.01956579202492 
35.03049000745414 
34.74539863691883 
34.442837290305235 
34.75193058170898 
35.03026759749743 
34.751758157861374 
35.030728164709735 
34.43427731084154 
34.95316223304132 
34.01711254644725 
34.43086763289271 
34.7050446952327 
35.03068087045957 
32.44272025745225 
34.76499446527881 
34.42669664691185 
34.757683736363035 
35.0304920987948 
35.019557306588844 
35.02495893848923 
34.434640885765255 
35.01947662669482 
35.0303041364073 
35.030728164709735 
34.00026221351852 
34.00996614613934 
32.40997756348873 
35.030622139762116 
34.37606999245843 
35.01932547387949 
34.75838632960981 
34.74214665415688 
33.44286020553314 
35.01696605023364 
34.76435496367385 
34.02782195201556 
32.4106477178121 
34.76491540581395 
35.02531007531063 
34.718540966630975 
34.4428856815238 
35.01680684791216 
35.03062699738771 
35.030211831881395 
35.03043713834844 
34.43440796703258 
35.03045708591095 
35.03067244394076 
35.02533186580101 
34.442909469446015 
34.027238356768834 
34.44181740266159 
35.03073209983308 
35.03078926634085 
35.03068076432788 
35.0306652675786 
35.024942686024396 
35.0304798399566 
35.024925789625435 
35.030804496534 
35.03079800569667 
35.02522754613432 
34.75179153536165 
34.00662126118542 
