41.482220844959166 
43.07067603531757 
43.06715738253338 
41.4821045833185 
43.06278384518057 
43.068947008779226 
41.479475118810306 
41.46632847388904 
43.066281080732885 
42.484836707186034 
42.06629401780648 
43.0706733713068 
42.80466244701257 
43.07070553071431 
43.06453380231244 
42.799368452122984 
43.06805439367288 
41.48486530908307 
43.06451091208118 
42.06631386345631 
43.070712218620535 
41.48476894526515 
42.79828997570222 
43.06272584412254 
42.062771058315406 
43.06891389364181 
42.80681329856265 
43.07068300365258 
43.07070866931805 
43.07072127160497 
43.0670161911076 
43.07072824664241 
43.06895943881425 
42.804670433817115 
43.06807511175784 
43.06893110268389 
41.468874768630926 
43.06803306336393 
42.80363108031178 
42.47824468344827 
43.06097072131069 
42.4780411001841 
43.06714106323209 
43.0707277931214 
42.79936839386775 
43.07066355598743 
42.80678537610929 
43.07072149512889 
42.80254014707229 
42.47560680693647 
43.0707215143616 
42.479518262798706 
42.06264876627717 
41.474266459607826 
43.06896013603929 
43.07072787063909 
42.064468381231066 
43.07070236543155 
42.46086190116678 
43.07071499033634 
43.0689175997769 
42.48352937297706 
43.07066674437992 
43.0671799681173 
43.07070873155079 
43.07072847004297 
43.070682732130294 
43.070727555744895 
42.069840798871525 
42.80257516808873 
40.48486576996577 
43.06895341263409 
42.06984079318662 
43.06542022944333 
42.80677788287152 
43.07072804321764 
43.06716404584084 
42.806801745242396 
43.06270616360437 
43.07071172735126 
42.470263261402714 
42.80363131785143 
43.068084996350976 
42.484851049391146 
42.484855241082435 
42.48356369104239 
42.7982859672767 
42.06800086280957 
42.80468206653435 
42.791892843922184 
42.79936068091374 
42.479537058624324 
42.80245968061586 
43.05651366938185 
43.07066668766211 
43.068949600723876 
42.48352940467816 
42.48353897246887 
42.471539631951174 
43.06182711270432 
