33.909202632150546 
33.591252491143635 
34.17948759341381 
34.179217011892305 
34.17307022207974 
34.17940178240628 
33.895107936872506 
34.179491778108144 
34.179318367697704 
33.91340331427658 
34.178825373709245 
33.175592867902296 
33.58638367110467 
31.591250652601655 
32.582417977427305 
32.459935533841474 
0.0 
33.57679278368592 
34.16698398807558 
33.576969232614296 
34.14204896084994 
33.58553305599208 
33.58166686233302 
0.0 
34.1727067289893 
33.571968409096016 
33.89819260168911 
34.173379842075 
32.59135602496772 
33.88715550231177 
34.17915031336543 
34.17949478822719 
33.909472230187234 
33.905563809834106 
34.17917288057965 
33.170257806213016 
34.1732302088065 
34.17933483805268 
33.897827162361764 
31.55405386495478 
34.16024414601501 
34.16933114555955 
32.4684806566362 
31.41243792011201 
34.16696607903229 
34.17946348376477 
0.0 
34.17932265299972 
34.179495725504935 
33.59118467368113 
33.91331670850578 
33.90580865113304 
34.1793791484709 
32.55221293543059 
34.16685535602438 
34.16714257743647 
34.17899248081687 
33.163576694898914 
34.17872078457128 
33.577351001648566 
33.890404423932154 
34.17947801626574 
33.16374041942533 
33.581506774867755 
34.16945114793059 
34.17940035103633 
34.179495643493155 
34.17314427742476 
34.17949078988545 
33.90578173476706 
33.590680574439666 
32.543597353880294 
34.17928919083336 
32.47752783663784 
33.17016524881446 
33.590559022158835 
31.53539982781934 
33.566948475405006 
31.457383024572856 
34.169837302329995 
34.178962636277035 
33.56127150382566 
33.91325035426973 
33.17564679971823 
33.913413468927594 
31.5175045611511 
33.88650099582009 
33.57754809577535 
0.0 
33.8792632804857 
31.571978779123732 
34.16723540082223 
33.12673419107764 
32.588847603759866 
34.17917872629003 
33.905979694183635 
34.17940059189694 
34.17940179152753 
32.581400467149614 
33.169708443506096 
