43.065390520186874 
42.80676681898516 
41.48221094213102 
43.070728209068115 
43.0671411566376 
41.479561994884875 
42.47953724503355 
42.80354963701994 
42.48089164691554 
42.06982071791718 
42.80354523958857 
43.067140999864435 
43.06632039783975 
42.802551858829496 
42.47687307444508 
42.803596273743715 
42.80664286478826 
41.482230436097694 
43.07071440075228 
43.06275816569868 
43.07072136219718 
43.07071203704187 
42.48218197004988 
43.06716407848643 
42.483543527411896 
43.06888921801212 
42.4848757370217 
43.07072785260256 
42.05923319059933 
40.47951348849943 
43.068911702235035 
42.80681325647999 
42.48486036017257 
0.0 
43.07066972112211 
42.80574725867272 
41.466124123413614 
43.07070214916475 
43.06626104561436 
42.4835583509791 
42.80677081433231 
43.061852561077124 
40.48486560083195 
43.07072790802536 
42.8057328261006 
42.48485534483049 
43.0689535927166 
42.806781925504 
43.07072823246871 
42.483510201302714 
42.4848312822632 
43.07071533174951 
42.479489189982445 
43.068958747028645 
42.798286286572015 
43.06718664254055 
43.070728439563574 
42.484860641575814 
43.06715758690953 
41.484807017633464 
42.80679348553415 
42.06982071791718 
43.068952968583474 
43.070721208808685 
43.07072169159506 
43.070593188541146 
43.07070526374411 
43.06896039561469 
43.070728470128245 
42.4821971542419 
43.070727959741504 
43.07067965809419 
42.80679405842012 
42.068052872912986 
42.79830558229656 
43.07072776396739 
43.07072815069764 
43.07072833699603 
43.07072184561521 
43.06893723308997 
42.80363131785143 
41.48485633220424 
43.06718315163686 
43.06896609205216 
43.070728441797414 
42.80679709922982 
43.07068893196754 
42.80571347164197 
43.07071126093944 
43.07071536628133 
43.0707276142372 
43.06893983868243 
40.425531212062616 
43.068946254753754 
41.482192344015225 
43.07070862749915 
42.069801675972606 
43.06894380188142 
42.483524773855095 
43.07072822287497 
