34.75452596053048 
34.76170539917388 
0.0 
35.030793875974375 
34.75818227959406 
35.016646795322494 
35.02485305463844 
34.433862197612044 
35.01929672827609 
34.0277643852993 
34.75770786520298 
35.02441529843631 
35.0308026963123 
35.01141718459326 
35.01142279336138 
34.02772821296511 
35.0240114340477 
32.44295734236249 
35.03070712145363 
34.72595400472331 
35.03078664674326 
35.02533064904514 
34.43860121164962 
34.76480282069745 
35.022550256315384 
34.7641975990714 
35.030650814326926 
35.03079425759923 
34.01142739976491 
32.42610351320662 
35.024956761858824 
34.76506489270977 
35.01143773012745 
0.0 
35.02497406045826 
34.758369327690026 
33.99437132791762 
34.758151786885534 
35.01917389068284 
35.01953969599436 
35.01951658966963 
35.00583416722321 
34.75182593685258 
35.030596327969484 
34.758561017766084 
34.72187396476517 
35.025048096835015 
35.03060049504783 
35.030797773434266 
34.02789170365355 
34.027594157253404 
35.02526414623973 
34.41852440292991 
35.030692317139945 
35.01956254260309 
35.03036731874143 
35.03080603596839 
34.44272428230279 
35.03054138246969 
34.01601493922679 
34.43467725813776 
34.0277643852993 
35.00596731473146 
35.03061277518162 
35.030550054347714 
35.0252656025191 
35.025201058010836 
35.03071296996406 
35.030807241703386 
35.024823917676585 
34.76489654312729 
34.76462641624647 
34.76506602413438 
34.02255928241575 
35.030515075716615 
35.030719870819915 
35.03080143599136 
35.030741351058715 
35.030797309854684 
35.014272947693826 
34.758566055014 
32.4422376677744 
35.02512973984054 
35.025108339414665 
35.03080401672171 
35.03070519027716 
35.030555913196395 
35.00568680134611 
35.03061499615811 
35.030740699539265 
35.0306365144192 
35.0252408816722 
32.42700613861726 
34.75196170029864 
34.02798233590266 
35.03040599136263 
34.027890984992695 
34.02778990278597 
35.03010545773618 
35.03073609528472 
