42.27412443459774 
43.0114611850016 
43.278443380444344 
43.27844311174734 
43.01247471776531 
43.27843699943372 
42.68362318798287 
43.27844354717115 
43.27843397375383 
43.27844326614522 
43.276658651800055 
41.692602006117774 
42.690042803344035 
40.6823630320359 
43.010391272539145 
41.674411102354966 
42.67965000070997 
41.68739672304717 
43.278423578921135 
42.68744167841597 
43.2741426934418 
42.69126996226423 
40.6873970479111 
40.645385061448735 
43.01453334456942 
42.6874644682478 
43.013499197560634 
43.27844927433136 
42.27244484591685 
42.26213883034556 
42.692616862931665 
43.278449634991915 
43.01352418335121 
43.013502830388845 
43.278437121735195 
42.68877101637566 
43.27673147613698 
43.2784493167726 
42.69131445372893 
41.67455930853168 
43.274960416037516 
43.01144989015233 
42.24640081920787 
42.67437362168179 
43.27499080333056 
43.2784429796317 
0.0 
43.278443159360805 
43.27673824196907 
43.010449757003656 
43.27843113752167 
43.27672557552016 
43.27843694053365 
41.679593508486306 
43.275816899862605 
43.278443044260705 
43.278415963996224 
43.274138295876085 
42.69129192915285 
42.68871186822915 
40.67705564079068 
43.27844347604611 
41.69000718977549 
43.274097063596194 
43.01141722981094 
43.2784129997352 
43.278449602047395 
43.27671033265147 
43.278434355731264 
43.2767252857064 
42.689993116569696 
42.27064566577861 
43.27671978398389 
42.98765291521366 
42.68617166777581 
43.276691094509985 
43.00836721545223 
42.27233559088777 
40.66669276601278 
41.69260423240497 
41.69000650175071 
0.0 
43.278443273362036 
42.6860665980233 
43.278449546276995 
40.67720181975764 
43.275865676928824 
43.278418642484276 
40.62515336254055 
43.005237147000024 
41.674602772011006 
43.01453754869299 
42.27065171090256 
43.276630562784526 
43.27843119094441 
43.01249333604399 
43.27844917215647 
43.27672569126304 
42.69126996226423 
43.27495775826647 
