0.0 
42.069814808467385 
43.06891123886485 
42.06443060274946 
43.06627800673069 
43.07069561036675 
41.47954209138142 
41.47692605659879 
43.05921307037457 
42.48350039559516 
42.06981451893575 
43.068953363870335 
42.484826840068465 
43.070708200339524 
43.06630057405944 
42.06095473172615 
43.06539404580988 
43.065440187749395 
42.79936813398388 
42.80680547989343 
43.07070899247513 
41.48218173120257 
42.47558729846183 
42.801433619303104 
42.80351874193272 
43.068945955152266 
42.80574814375857 
43.070721222492395 
43.070715130874895 
43.07072126691676 
43.06891125343106 
43.07072826921 
42.806766398085095 
43.06540744195871 
42.480901217203254 
43.06539504910958 
42.46359455328672 
43.06889505348436 
43.066281397066234 
41.47952282784184 
43.06187888635411 
42.80460853621396 
42.80146797747358 
43.07070851719413 
43.06715113522321 
43.07065697431 
42.80677766145903 
43.07072114179568 
43.06182791812087 
42.066300176916414 
43.07072778482994 
43.06718605694173 
42.804596730002544 
43.052981900113714 
43.07072806585317 
43.07070533403135 
42.78859938288797 
42.80149531069643 
42.03234601657136 
43.07070218539572 
43.06893996045418 
42.484860640232235 
43.06716376390695 
42.80357677130785 
43.070708200339524 
43.07070264027581 
43.07069241539151 
43.07072763423849 
42.80469318876865 
40.484865357759304 
0.0 
43.07070833616988 
43.070663436499274 
43.06892393474843 
42.80467030477374 
43.07072791412749 
43.06716690156582 
0.0 
42.80350313986951 
43.07071820611725 
42.79721444408983 
42.805756030819865 
43.07072178444171 
43.07071496630881 
43.07071498038956 
42.80680153669937 
42.80674735771848 
42.48341344837294 
42.484870416957385 
41.482153063337975 
42.48486527013018 
41.484749508680146 
43.0689185027239 
43.06364548095172 
42.80363494959517 
43.065416927662 
42.8004460772959 
42.48487024846777 
41.46903076661811 
42.80349856582027 
