35.01901123163985 
34.764699631344406 
0.0 
34.764953938176376 
35.03000626673285 
35.030216789858954 
34.4420834121374 
34.757497643838036 
34.73150598666311 
34.442702315303855 
35.021583184102525 
35.02456494897697 
35.025216652597415 
35.01147930839195 
35.019316013146224 
34.027845037316354 
35.015869280024425 
33.44283136077938 
35.02537445796313 
34.418418762354385 
35.03071861178303 
35.03061845763542 
35.01648249434799 
34.442807885911925 
35.03066829490971 
34.43386479606376 
34.442916904454215 
35.030783668365785 
33.43444845256456 
32.44259733899206 
35.02462747670311 
35.03073451693344 
35.01954757191363 
0.0 
33.434796091950226 
34.764863427368674 
34.02193583179368 
34.757942066200584 
35.02191633572593 
35.01923744881352 
35.014096034834886 
35.01918739644346 
34.02789559784194 
35.03059887741454 
34.758448364151995 
34.44288838757656 
35.0304798399566 
35.02510575582052 
35.03079370696611 
34.027828887059655 
34.02253323754203 
35.03066349020192 
34.42650808069555 
35.01448906983937 
35.01692709807101 
32.443142579211475 
35.030806659797456 
34.44290030883903 
35.0245955165475 
35.022044595791826 
34.7647620824093 
34.442702315303855 
35.024954761480416 
34.764906677784836 
35.030611100835216 
35.03042672935825 
35.03065897346029 
35.03074277769252 
35.030807232537896 
35.0251551019084 
35.02507867414246 
35.030604269011484 
35.02524544907631 
34.43894309292189 
35.02505121376091 
35.03065375725824 
35.03079838612851 
35.03079882619792 
35.03080200787075 
35.01423534463883 
34.443091688726916 
33.42644333863247 
34.758228298830765 
35.03066634107359 
35.030801867099825 
35.03043995032391 
35.03047667594948 
34.75791779751428 
35.030432776217424 
35.03074035033031 
34.76500921279399 
35.0224106777031 
34.708526997167745 
35.01970102425379 
34.438807932370885 
35.030376531481174 
33.42655592869102 
34.02743023215708 
34.43862088109889 
35.03079359549955 
