33.43481875729318 
35.03029697276769 
35.01953341681781 
33.43372199189734 
35.006309151637296 
35.02520505927848 
33.425752909665 
33.38582889885473 
35.01687261365712 
34.44267865915504 
34.01699430555877 
35.03028243861039 
34.75822088501529 
35.03058298338859 
35.01160838987147 
34.74192827348738 
35.0223651652787 
33.442938536512905 
35.0113864175866 
34.01718994729717 
35.03065065541381 
33.44204014948912 
34.73847775817418 
35.00576481752282 
34.006191250200665 
35.02487590273044 
34.765066083578986 
35.03037254888878 
35.030611318411566 
35.03072404296706 
35.0182195229173 
35.03080086612569 
35.02531219954712 
34.75830109008289 
35.02258596483647 
35.02505901863199 
33.3929951999594 
35.02218842198652 
34.755227022894005 
34.422541256228705 
35.00041998654286 
34.4206192872304 
35.01937661092784 
35.03078686108722 
34.741924774473866 
35.030188062422724 
34.764786528673426 
35.03073043191392 
34.75165836027617 
34.41446979815973 
35.03073140987814 
34.42615063013792 
34.0050457497117 
33.410227083607936 
35.02533231088288 
35.03078880222421 
34.010974028826865 
35.030554381593376 
34.3678479075178 
35.03066837514629 
35.02492041180248 
34.438754457328436 
35.03021730123936 
35.01974639975624 
35.03061261720976 
35.03080724523806 
35.03036540853016 
35.03077995726367 
34.028024402095426 
34.75199167095846 
32.44294981273789 
35.025263391446124 
34.02802526803252 
35.01435322102897 
34.764721448691795 
35.0307941857954 
35.019600773484925 
34.76495793011499 
35.00557312362445 
35.030636773878435 
34.397687343608574 
34.75523366369772 
35.02268394323361 
34.44281026819243 
34.44283758314205 
34.43908617148124 
34.73843741137436 
34.02188624457765 
34.7584109718163 
34.71848899471746 
34.74185443629598 
34.426316852380864 
34.75091728945807 
34.98640655994506 
35.03021579764804 
35.025217224879434 
34.43875515661447 
34.43884326834128 
34.401330815414724 
35.002884300909 
