43.06886934951901 
43.06895638088253 
43.06707066876252 
43.07070859725531 
43.06886015926676 
43.070727392074765 
43.070702106982104 
43.07068285713524 
41.47694616258644 
43.07069230203754 
43.07069181968455 
42.06630042202939 
43.07072155892199 
42.47950255989949 
43.06538781351978 
42.80673580032101 
42.79934527464818 
42.47424329862605 
43.061875373309405 
40.45278432774604 
43.06807192323094 
42.801499138848214 
43.07072783150669 
43.07072842243049 
43.07072202036804 
43.07072846643033 
43.070728158885714 
43.070669713498276 
43.070728422558076 
43.070721842614105 
42.06807866057316 
41.48484615229085 
43.06807192323094 
42.804643588491864 
42.48350956571902 
43.0671606599482 
43.07069795186381 
42.80044974991502 
42.4848552378149 
42.80256782964781 
43.070672845530346 
42.80255141008715 
43.07072140611384 
42.48216295868999 
43.04586162750035 
42.066306781027215 
42.48091095471934 
42.78761791743938 
43.07071542639705 
40.48484473068974 
42.806805627623916 
42.479576307550694 
42.80460733210529 
43.07069583463662 
43.06716037282806 
43.0689211033639 
42.48220161834028 
43.06715105426175 
43.07067629939942 
43.07072140611384 
42.060954369155205 
42.0643595679664 
40.47423826473609 
43.07070905450796 
42.463516438163055 
43.06713713627934 
42.804678601663525 
42.799391712421205 
41.48485606180221 
43.06629086591264 
42.80673913387379 
42.06982076539852 
40.474313597192555 
42.80679767002633 
43.06895936715271 
42.79189723484416 
42.484860169303154 
43.066274457274545 
43.070711378199924 
43.070666555326625 
43.0706896086798 
42.48217726041442 
43.07069243771416 
43.07071513205772 
43.068960130900045 
42.48486098784653 
42.069756985283504 
42.48474491034013 
43.070721577470515 
43.07072786053499 
43.07071540947105 
43.070714891519344 
43.068918377411975 
43.070695417233175 
43.068917780494345 
43.070728438133855 
43.07072820557338 
43.068949987873694 
42.80255521530991 
42.06281641421807 
