42.803557236177184 
42.80574419177438 
0.0 
43.070728047528824 
42.80465848032379 
43.06625585112269 
43.06891093421424 
42.48211925535995 
43.06713176208168 
42.06981437931955 
42.80460813920187 
43.06886313373499 
43.07072834646796 
43.064514119766294 
43.06451433418172 
42.069808746182616 
43.06882091117056 
40.48486595207684 
43.07072067439102 
42.79410899923818 
43.07072779854248 
43.06896007755189 
42.48351433565989 
42.806785941678626 
43.06807168723616 
42.80672061931493 
43.07071222839086 
43.07072803630671 
42.06451452289031 
40.47951342037085 
43.068921015104415 
42.80681328476218 
43.064517035637195 
0.0 
43.068923800256066 
42.804678017583804 
42.05914188050417 
42.804654844628054 
43.06712098763227 
43.06715756556335 
43.067154608183394 
43.062734775648245 
42.80255902438729 
43.07070811817564 
42.80469774994261 
42.79296433744105 
43.068930716509094 
43.070708315787115 
43.0707281949497 
42.06982743145297 
42.06979541160621 
43.06895344504172 
42.4769267720282 
43.070720188064726 
43.06716057481633 
43.07068280941583 
43.070728440333795 
42.48484154769182 
43.07070187671013 
42.06619050195515 
42.48220614507551 
42.06981437931955 
43.062748110290606 
43.07070873347278 
43.07070220525711 
43.06895348560295 
43.068946883827834 
43.07071871081037 
43.07072847008701 
43.068905560836775 
42.80679704639773 
42.80676678377441 
42.806813316761705 
42.06807201993047 
43.070698824451426 
43.07072115245033 
43.070728323920974 
43.07072187350656 
43.07072814249973 
43.06541092372022 
42.80469789349702 
40.48478890784291 
43.068940061962 
43.06893715840734 
43.07072841677094 
43.07072061265807 
43.070704548509916 
43.06271663111101 
43.07071099507958 
43.07072182669281 
43.07071171656676 
43.068952609162544 
40.479609826822376 
42.80257413280415 
42.069835003134735 
43.07068635873289 
42.069827438732155 
42.069815241487404 
43.07065418382136 
43.070721702419306 
