43.01348866929269 
42.69261328345644 
43.27844952226854 
43.27842816318671 
43.2767132892796 
43.278443239512704 
43.009423249862174 
43.27844961083674 
43.27843699536268 
43.014559461715805 
43.27839758329612 
42.27753128778929 
42.69130944752118 
40.69261325153317 
41.69007083652997 
41.656406558738496 
0.0 
42.6887026277069 
43.2750048131186 
42.68871966903264 
43.26810837180554 
42.69123805376751 
42.69001147320398 
0.0 
43.276687661312174 
42.68740061492212 
43.01040568986706 
43.27673767754881 
41.69262215751904 
43.00731999492635 
43.27842885136599 
43.27844964574529 
43.01351300765639 
43.01246398061838 
43.27842501393073 
42.27587532914488 
43.27672559752419 
43.2784373708619 
43.01037655416591 
40.68229056775829 
43.27323883424348 
43.27580220920835 
41.65892606980887 
40.64533145751753 
43.275000073346334 
43.27844898205472 
0.0 
43.27843709222709 
43.27844966717659 
42.69260848946591 
43.01455226411358 
43.01248256129641 
43.27844271654954 
41.682151278349096 
43.27499321981416 
43.27501491447158 
43.27841005033155 
42.27412227474581 
43.27839086407989 
42.68874784920184 
43.00831240084816 
43.278449283572364 
42.27413466065256 
42.689998093360586 
43.27581143468642 
43.27844323791324 
43.278449666644605 
43.276719301261345 
43.27844960444551 
43.012481943618006 
42.692571008968464 
41.679626826868976 
43.278434165616204 
41.6614930716537 
42.27586885521917 
42.69256174248299 
40.677128066033454 
42.686077020995846 
40.65621880091863 
43.27584190229697 
43.27840938094524 
42.68471176006366 
43.01454816623379 
42.27753249725442 
43.0145596924449 
40.672021712101206 
43.00726607083596 
42.68876211310349 
0.0 
43.00521863043515 
40.68741066254108 
43.27502136807386 
42.26382503330203 
41.69242854341757 
43.27842513628542 
43.012496853192516 
43.27844321641775 
43.278443208880844 
41.68998914452864 
42.27583242584272 
