56.564578101867696 
58.9726606382062 
59.675792533272705 
58.958332487466954 
59.45134262694023 
58.97889087932815 
59.451772606358205 
58.95239520040024 
56.6476677314403 
58.95187820105341 
58.66392473248794 
58.646300569939214 
58.644968847038975 
58.64760241728485 
59.222402252083974 
58.63843559846141 
58.24396525877607 
58.65521015030871 
57.652833365302236 
58.946916149298474 
57.63714922353026 
58.22344049103604 
58.223901589578254 
58.958308855032726 
56.59262367204986 
58.65536178227226 
58.98456762962928 
58.180818512441505 
59.6697466480242 
59.66139219454129 
0.0 
58.66667292979975 
59.21996555545525 
58.65438461336019 
57.64492734796152 
59.47646044187066 
59.22385626214383 
59.634621350806995 
58.64059147697047 
58.62867456287904 
58.96557470662117 
57.642482965489506 
59.66833100810695 
59.221285229937166 
58.22534159310719 
59.46491528904101 
58.967843660799076 
58.632408871773926 
59.463484185598126 
59.2310155679695 
59.213680408106896 
58.643880927479074 
57.63488814425209 
58.24116983825964 
58.62686768369875 
57.60416291611615 
59.439725944664715 
57.67159548695292 
58.62680013881969 
59.25106293305829 
58.967329249392485 
58.65134703091835 
59.46177135489193 
58.975925393963855 
59.237832787542175 
59.23125600069308 
57.65502597746679 
58.95900523826715 
58.236756356630856 
59.46175657768941 
58.21825023407987 
58.23737810637826 
59.253004692593244 
58.65659666613734 
58.63437536732734 
58.17630562716282 
58.968088765081035 
59.46303199114641 
58.95762036030182 
57.637219055037534 
58.64882996141914 
56.635980407138334 
58.97642260985123 
58.65798956235308 
57.646674334674216 
56.658020820417214 
58.646035048600986 
59.2152130700568 
58.65092958727445 
58.207942309964956 
58.97601436569734 
57.63635563657185 
58.65875351198488 
58.246908965459795 
59.23781576443677 
59.456371331039215 
59.64103262078227 
58.64452363860759 
59.22085107243487 
58.240400360129755 
