59.95604988188787 
59.2543116796886 
59.253290175502265 
59.965028374615926 
57.94472643704784 
58.95943262838549 
59.52574652645574 
59.27424844424488 
59.54140117121543 
59.5470111737487 
59.524545610476075 
59.55203169594575 
59.268623027329184 
58.93435811688486 
58.93392411512637 
59.54584637328462 
59.95320920199383 
59.76196880908577 
59.52451175615637 
59.24820384852123 
59.962493502014716 
59.751928640335436 
59.94724105334027 
59.96873625306862 
59.95264368812482 
59.75210873553905 
59.53906743808111 
58.54186695289182 
59.762153761429175 
59.76198552602494 
59.76254330820454 
59.96805503174429 
59.736011054214934 
59.512763827293284 
59.76022158225955 
59.762461222703045 
59.5359984695876 
58.95493350557378 
58.546452805911834 
59.54655172019242 
59.53092277503525 
59.53564409172627 
59.75397270269752 
59.95196204787933 
59.25309037340994 
59.545391043912474 
59.540983997182124 
59.52663049556482 
59.76227163252985 
59.95810070638954 
59.528201856380235 
59.52545701455266 
58.95799008303003 
59.54880869503154 
58.53837091439869 
59.95744004734949 
59.9647650499082 
59.741764724772324 
59.96469994703101 
59.764623797411964 
59.53392772901697 
59.26752550382398 
59.9574121376895 
59.954878623032165 
