46.57517774022249 
47.0654684034602 
47.97094873577902 
47.35711619816851 
47.38315473475535 
47.41913064247917 
47.36769262309821 
46.6543317027557 
45.9657625682333 
46.596318156803854 
46.76307552058753 
47.07188492920771 
47.07035928877585 
47.082031304321035 
46.082376691980144 
47.0245040719743 
46.66573553823389 
46.66046769649661 
0.0 
47.24209992383077 
44.99546898101596 
47.03658321271467 
45.993841316065264 
46.69592545079077 
0.0 
47.07565617235752 
47.42487461201345 
46.8625210798088 
48.123526085233884 
47.64766112663951 
46.58812654925526 
46.74818900482891 
47.616928093689026 
46.743701681864145 
46.95519988347612 
47.72576749501805 
47.35911153796451 
48.05305137657538 
47.04332078483362 
45.06793105678411 
46.687529788807815 
44.89039132859504 
48.116267299339384 
47.06546475692723 
46.972809475013406 
47.895120458112665 
47.67196553581414 
47.35519724064531 
47.65214636164948 
46.67012272913074 
47.30473446354444 
47.53047976504182 
46.549386565484106 
47.1094482497344 
45.023419662294074 
44.77891756408875 
47.36487727364791 
47.43127905060588 
44.76858143598011 
47.43765360138906 
47.44441760865533 
47.38300941932826 
47.10511417098577 
47.60507406496951 
47.882523501684766 
47.366990562661904 
46.09709850265226 
47.334615837464625 
46.99893372406161 
47.4198437109903 
47.02214064615145 
47.07983551452211 
47.712133809587435 
47.64997546207358 
47.29142942535776 
44.92605094661147 
47.40411999238651 
47.661425236334736 
47.32527924508991 
45.982060821372315 
46.69928358886174 
46.006967534252915 
47.6116890630455 
47.06183600346707 
46.673018572020126 
0.0 
47.04345740887473 
47.309732517025374 
47.382484523816665 
46.03051816754849 
47.4171574162683 
0.0 
47.38421686865159 
47.03046188902941 
47.671733280900675 
47.70294481777324 
47.62989876826304 
47.06103880768415 
47.86027743496755 
46.65392093210859 
