58.20577406473348 
58.64469793605752 
59.48077558852329 
58.956014339008945 
58.96435542546465 
58.97589267492736 
58.960637472571655 
58.231802761921934 
57.61493563171742 
58.212761068328284 
58.26450691514186 
58.64535751759203 
58.64610919149622 
58.649795266872324 
57.6500438335261 
58.632507725536875 
58.23307176382441 
58.23238799274376 
0.0 
58.92341157757689 
56.621382401729136 
58.635341601519535 
57.6246455884596 
58.24340298111687 
0.0 
58.64850213611961 
58.97801085153306 
58.58189772474691 
59.66404083837368 
59.22874298681193 
58.2106674263907 
58.259395219637405 
59.21902817839813 
58.258785192340476 
58.609993007053276 
59.25285006012464 
58.95828141431663 
59.64209785614786 
58.637908909204725 
56.64312696617467 
58.24113296584272 
56.58897646749031 
59.658836890348965 
58.64470792889752 
58.61727346226289 
59.459203258456036 
59.23477956079802 
58.95575536563738 
59.22984931927876 
58.235997764295334 
58.941391827678885 
59.19223736238484 
58.197201173543675 
58.65808271431641 
56.63121738457724 
56.56428846895466 
58.96032580791089 
58.98000059817467 
56.559154668365046 
58.982862849031164 
58.98422596125316 
58.96579670245364 
58.656923281075535 
59.21538965226065 
59.45531465516054 
58.96133411455335 
57.65499368194181 
58.950099721631275 
58.62264238851992 
58.9766624136919 
58.63048887943085 
58.6505426664355 
59.24907286075293 
59.22951810332863 
58.93633957770881 
56.59994783318455 
58.97004193019471 
59.23247790873012 
58.94773936057414 
57.6182304010698 
58.24495313289322 
57.627718167534724 
59.21789943601193 
58.64413734669995 
58.23723861813619 
0.0 
58.6378392416497 
58.94395404784998 
58.963562021078786 
57.63552268830807 
58.9756656047331 
0.0 
58.96443922270407 
58.63305712992656 
59.23593494733845 
59.24635040034091 
59.223394258305 
58.64409730004254 
59.44791050903863 
58.229477345207385 
