59.75753361196584 
59.76471605049394 
59.96556765872694 
58.94350840893668 
59.529937419367435 
59.28014451220257 
58.958457397202636 
59.5420565731288 
59.95048818226293 
58.506758136580046 
59.77333572102279 
59.55084228949847 
59.76263794204097 
59.746081575064586 
59.53585332205154 
59.26490053039696 
58.92873943144558 
59.76616000142723 
59.25589942314736 
59.54463731483202 
59.75593776738343 
59.53550635600801 
59.96167190990188 
59.96159445174838 
59.96025092513791 
59.764810248497135 
59.27520277431337 
59.96530761141747 
59.958739193428336 
59.773959690258856 
59.96186638718706 
59.253126506969075 
59.53592095004785 
59.763374084052465 
59.961449548740106 
59.769909691092174 
59.54881210036209 
59.25751353305914 
59.75393332132398 
59.96144435599446 
59.2622805671405 
59.76776040296502 
59.27992091442377 
59.546088486419336 
59.5260611227116 
59.95165013187391 
59.9613341782246 
59.76355717293565 
59.52464186538147 
59.53920665339441 
59.76521760052552 
59.273029210638065 
59.9581683578707 
58.51798137455829 
59.967076119101705 
59.767025679241854 
59.95614361446935 
59.76849192446141 
59.277061817659636 
58.957174614376925 
59.960765094682564 
59.759651058399065 
59.550416719552345 
59.73789484066309 
59.76247057650762 
59.95203934780084 
58.95770250572944 
59.54871421004412 
59.267728132935034 
59.9586761029286 
59.53705436923449 
59.51830295031922 
59.75998903440279 
59.95720647953669 
59.53854746449371 
59.55327640170183 
59.965347674386216 
59.287815147442736 
59.954640795413795 
59.53634063087729 
59.95321258821115 
59.755349108146234 
59.766090122828096 
59.25734567542527 
59.95634452796621 
59.96103712036297 
57.927076559553115 
59.93841405041606 
59.74988624413213 
59.97141277120835 
59.95926838191619 
59.763174763151696 
59.54459018335251 
59.953261283151235 
59.97184150765859 
59.76354309276657 
59.95573447176302 
59.26007140151683 
59.96014249043176 
59.27315467542505 
