59.74770764014259 
59.53839168741935 
59.96216132467344 
58.52923384390064 
59.5236715909216 
59.75843812886453 
57.955067897676884 
59.534457114468786 
59.94846147498428 
57.931506293371356 
59.96381605438162 
59.55161452876664 
59.75804174848768 
59.931631041694885 
59.760292145044154 
58.52925855514388 
58.492365355835844 
59.758873661814455 
58.53113785390329 
59.546179092730995 
59.757906585628895 
59.266337713338075 
59.76536212141587 
59.956833262434685 
59.95637913006105 
59.76177753350633 
59.27435319768005 
59.965091081032476 
59.7598694687584 
59.77455442900876 
59.96506184545922 
59.26110358871051 
58.95687947410344 
59.277965468534546 
59.9581662926888 
59.773522982150645 
59.550384618725886 
59.507894789464125 
59.281515893641036 
59.963821619082175 
58.92905745240882 
59.76336781639794 
59.27864738479917 
59.759458207805665 
59.274358389167446 
59.94564449476364 
59.763900775450225 
59.952677899855544 
59.258299714094036 
58.95027054613017 
59.761398874500344 
59.537242492793496 
59.77321440400858 
58.529490586138735 
59.96566220855014 
59.9606969916227 
59.95141808844377 
59.955153971323156 
59.27687020764877 
59.27156878431055 
59.77251754159633 
59.75869956729721 
59.551928287013666 
59.51917328162361 
59.954982549288815 
59.75646588170214 
59.524625740919596 
59.54520856523775 
58.940655160687584 
59.9464211166596 
59.943193042087884 
58.52763712330724 
59.754825774186465 
59.954510419656536 
59.280126767445566 
59.54892479322439 
59.96202681838508 
59.55170369231339 
59.5463714166631 
59.75114488366603 
59.759183576489356 
59.748664268145404 
59.54614634734119 
59.502304179766185 
59.76162390535648 
59.961460767165356 
58.49475215260708 
59.27198270542142 
59.53986884024701 
59.96996517105549 
59.95723349129898 
59.949756426817125 
59.765520368591 
59.944072780736775 
59.97175356982224 
59.53684546572574 
59.95237319785684 
59.52232503123883 
59.95823207524328 
59.27817589222495 
