44.78869785114709 
47.40870691987303 
48.17353141204298 
47.367058292633686 
47.8754330525602 
47.42865632019486 
47.87425330024683 
47.34442715050427 
45.076440590369195 
47.34658199633837 
47.131473529422934 
47.07367214379665 
47.069311576979075 
47.07907932805061 
47.62801790440229 
47.04902693988125 
46.703626469879396 
47.100368826084406 
46.092708800121414 
47.31950794957724 
46.044540542120174 
46.632570025217284 
46.62642725172155 
47.36700805021564 
44.88608087089532 
47.10039740946069 
47.44825220289784 
46.494357591202494 
48.14552037834664 
48.12073803800968 
0.0 
47.14090657787517 
47.621326170327826 
47.100714170565624 
46.069139661194384 
47.955064945532776 
47.636119187524784 
48.03374539302015 
47.0532023308663 
47.01536938740426 
47.38973136995014 
46.06157732856274 
48.148947866782045 
47.62820408938489 
46.638570240368026 
47.917253447968754 
47.39798934877585 
47.02659202360338 
47.91343913059643 
47.65963984292709 
47.60105076499009 
47.06803462155752 
46.04084453423465 
46.688415229221114 
47.00675847716132 
45.93121015777986 
47.83642187073338 
46.153602522341025 
47.013776467314514 
47.72116989746506 
47.39238728842217 
47.08802853887307 
47.906699561695376 
47.420649311564326 
47.67901077650989 
47.655439672456495 
46.098783456837474 
47.3669882534055 
46.68013409052183 
47.90709928600149 
46.61588310864177 
46.67522291386879 
47.7284211215624 
47.105762755722985 
47.03614033297652 
46.47454099553232 
47.39989774877027 
47.91424163214746 
47.3600963911453 
46.04600726390472 
47.081285841426116 
45.03628178825257 
47.41861454847429 
47.10963759964148 
46.07071811076883 
45.111168796770976 
47.07212014364992 
47.60394411724907 
47.09254437494641 
46.57333348135453 
47.42176554042845 
46.03954500764529 
47.116738437963086 
46.708217450901536 
47.679864365879446 
47.88947944800066 
48.0573218198511 
47.066325873648786 
47.62476104417587 
46.69218254572944 
