47.91639046580576 
47.31248356087511 
46.64750314060843 
47.10393997316981 
47.08704854875193 
46.38003376017569 
47.40466880867066 
47.38440272640313 
46.62988518566915 
47.463091916045244 
47.62851495138247 
47.94900941699489 
46.991665289778034 
45.97851541597788 
46.06723329869226 
0.0 
47.05474512226326 
47.357544660292014 
45.98587058139751 
46.65825303148992 
47.3727539751822 
45.07903175012763 
47.91851246820948 
47.36268843458976 
46.69790383866765 
47.67456290535322 
46.634325391093405 
46.59062479258079 
47.322385495354126 
47.6540194062947 
46.6310839024978 
47.40526578288199 
47.12403763144136 
46.13091594560909 
47.0921414304528 
45.978382960307975 
47.8526263791563 
46.595627817957975 
46.00896441271107 
48.09466627602744 
47.411380819929626 
47.09605168830715 
47.29459264882832 
47.866265345777755 
46.59866299251253 
46.70341568722238 
47.464294243585584 
47.112257808410945 
46.58599895918481 
47.87456329058856 
47.668483305674684 
47.05953178561259 
47.06729794804548 
46.00256832917265 
48.099695537439935 
45.80783507502741 
47.619569259552335 
46.052040173334774 
47.083729659740264 
48.124791472129694 
47.8783294028917 
46.67896474780608 
47.4731515068966 
47.04710984573026 
47.38474890691658 
46.62150645669247 
47.877626003342975 
46.13653692882219 
47.28981453812812 
46.67430060144421 
47.07958797335412 
47.44787683127972 
47.32948492128456 
47.720791002989515 
47.37615298582912 
47.13755695165147 
47.3463927643279 
47.64546424271309 
46.17031152803408 
45.993129229964886 
47.10464072785294 
47.6910992783956 
46.632785144423146 
45.87969530098629 
47.427348111585275 
47.92145161120931 
47.05314442040445 
47.06280150600209 
46.99973137991628 
44.80089591070637 
47.68947599629543 
46.12452882401317 
47.64413702061945 
47.04135931360431 
47.5913177316378 
46.557251979803176 
45.83247280513371 
47.40347239299469 
47.10606930295919 
46.017379593221165 
