59.438958573954295 
58.1952001387469 
58.642122366715576 
56.610657227640225 
58.97850790104699 
59.4432990241264 
59.2509592601287 
59.469047562060176 
59.23203146861035 
58.223087784467026 
59.459550669140704 
59.239516964015344 
57.61769613654271 
59.22582322703527 
59.454294030639 
58.95245007278757 
58.97710990763884 
59.23582784005345 
58.658328839420044 
58.96732326849462 
59.458794931530775 
58.974733474764435 
58.95660299094804 
58.24183604952381 
58.60543702020038 
58.65309701759399 
58.646525602432284 
58.63510165900474 
57.66659862691061 
58.64900304285809 
58.98052702879773 
57.606728217053956 
58.65283692507089 
58.21317124305235 
58.95421196329242 
58.977059969426314 
58.243215941265014 
58.653989582113454 
59.21544046779409 
58.667305285363724 
58.62915414832974 
58.96721084902372 
58.6480957402519 
59.233108452579934 
0.0 
58.59459306063644 
58.6431342126466 
59.25196892993177 
58.24790607515344 
58.611277057291936 
59.46737846777155 
58.96064085418938 
58.98051850600082 
59.46434716781825 
58.97286798772171 
58.64434994815198 
59.46317443400405 
58.975934276689784 
58.23535189626356 
56.63583389650793 
57.6401512432707 
57.64447168058027 
59.220324284985296 
58.633302067582065 
58.24092416362791 
57.64525574115464 
58.963289398652314 
58.66782051303999 
56.621135644411666 
58.220103373711446 
59.23722696461693 
58.62719285191905 
58.97641379018471 
58.659610804513775 
57.646784105931104 
56.588636842910134 
58.982841102863325 
58.988320387340124 
58.66440568253695 
59.24451591676852 
58.962993242036774 
58.97579042190044 
58.20307264272639 
59.23058071873517 
58.99631147596597 
58.207402496041766 
58.25420115140858 
58.965734780174564 
59.453994052109415 
59.237867820204 
58.24171278473228 
58.67305701842219 
0.0 
58.95857968683215 
58.98670558390263 
59.456272359901604 
58.616362062466564 
57.61863453185076 
57.664143634177314 
59.20475958041381 
