59.465055937478965 
58.63543974316937 
58.63163730127603 
58.96819014221442 
58.963214990139576 
57.615000097746304 
59.6412358197838 
58.953388722060424 
58.62979962794862 
58.973707210515215 
58.95867235955792 
59.47041751347718 
58.240703847017755 
58.21396923857279 
58.6406450098444 
56.64786186255804 
58.62548448357994 
58.639879943929735 
57.63351594838946 
58.639591722328824 
59.22145023104462 
58.197088732149496 
59.46299961320552 
59.22218632294694 
58.65415555595381 
59.458461660128414 
58.647475212295646 
56.59430607972878 
58.95750138068029 
58.978068137149506 
58.63705697868821 
58.971234173662644 
59.223127718067246 
57.650923432920486 
58.65587309761465 
58.966875848708106 
58.97022984162739 
58.630562133498074 
58.63039916042202 
59.47241229190735 
58.656014883127206 
58.97832466400981 
57.61797306650913 
58.974632577011576 
58.203314513835636 
58.96533210805315 
59.45902470731779 
58.65373303069141 
58.2184052554446 
58.98593478367595 
59.24436623501113 
58.64491773599554 
59.44120395021306 
58.21716200516195 
59.478384407042476 
57.60532511220824 
58.95478426700772 
57.62867024981028 
58.974595600584216 
59.25105080197083 
59.45530770851969 
58.65589599010411 
58.991341683938764 
58.97459272741731 
58.96223696860308 
58.62201454294421 
59.23777937699536 
58.23471808802164 
58.20050977993286 
58.97496779567061 
58.6513160120328 
58.97847396745349 
58.647280468720304 
58.994899166039026 
58.630374484186866 
58.986438044781075 
59.22953853258288 
59.23121171771124 
57.67449985213812 
58.21408128107423 
58.97452578420416 
58.98972579730203 
58.24866639940799 
56.592718933665616 
58.661227667167246 
59.470261611900675 
58.644461485406616 
59.434191788628986 
59.223669317324884 
56.61065066525775 
59.228019008909826 
57.65309021524103 
58.64749323317023 
58.248937925897195 
59.22198622152867 
58.19806588781587 
57.598228563273594 
59.4268554044673 
58.63267119838621 
57.63650623536946 
