59.958354107148445 
58.9352358429223 
59.50638103444927 
59.959755532170945 
58.5140288050945 
59.285190053245124 
59.524472706708345 
59.531531403676084 
59.53085506160484 
59.76704715349927 
59.26345117131662 
59.54842910255931 
59.734667648245065 
58.52098763372324 
57.88654932325776 
59.94200262150534 
59.55000421527158 
59.75971609861899 
59.52160461302868 
58.48520396373381 
59.962382406785736 
59.758291952182645 
59.76137485560606 
59.963534427540246 
59.958959329444966 
59.752062274376506 
59.75704083419097 
58.540395300640846 
59.9513209303409 
59.76192872515748 
59.76692109122832 
59.969754539186845 
59.51856216566488 
58.53155069493888 
59.52900873097475 
59.76069063483533 
59.537497147036866 
59.26053703353807 
58.9509923166497 
59.547313227217316 
59.537467970165416 
59.53053970703557 
59.75234992674203 
59.75272292594 
58.911626407027356 
59.53819444295697 
59.274109265862805 
59.75070825403251 
59.53540375283111 
59.95792980128633 
58.959025281472 
59.74460968845033 
58.956592953233525 
59.546909747487156 
58.54344688549966 
59.54177720322764 
59.96347256390016 
59.73779119054889 
59.96135800110574 
59.757136088642135 
59.533034230500704 
58.53660251188114 
59.754202977959764 
59.945244079820256 
