59.4667403081064 
58.966466724137646 
58.63314261335423 
58.97488113940017 
58.25711226504853 
57.62383500629283 
59.2322969068775 
58.96627738910475 
58.2289194227391 
59.47012160564843 
58.96094415165856 
59.473530238792904 
58.231002788198026 
58.96079608524311 
58.24640750762621 
57.653040170645184 
58.64828428331206 
58.96426027751697 
57.63187212368736 
58.63201259945764 
59.22365947744763 
58.20994321633468 
59.45792846679044 
58.972190934396025 
58.97899840010189 
59.23359391203993 
56.621218981547 
0.0 
59.43494468686595 
59.22218941008638 
58.64001241358453 
58.97043504644218 
57.663861505626855 
58.66245717619492 
58.97419639533467 
58.964217937149854 
58.971624686932884 
58.62102542397266 
58.64362941457773 
59.25161265432981 
58.98248973346978 
59.232964073507524 
57.679301419339865 
59.24038623927792 
57.630244538260925 
58.97598348260378 
58.98755561954533 
59.242180317162926 
58.637945102039325 
59.23136617724872 
59.46532114289582 
58.96752872193138 
59.65092606505488 
59.216893621367646 
59.66549871245499 
58.20833762973531 
59.22773236390217 
56.6208504166448 
58.239913517838446 
59.66694541881774 
59.45253238161139 
58.241850352752294 
59.481544946688715 
58.64242899907112 
58.6357090296931 
58.63376235601495 
59.24307870591167 
58.241803134308235 
58.94684282604022 
58.97619580872363 
58.97910908602485 
58.98704408852319 
59.22907702226293 
59.248611932584545 
58.638597572375566 
59.46127825037934 
59.229729255739564 
59.24824228419903 
59.246619686438954 
57.657389554212706 
58.97162140695084 
58.991094495470065 
58.993083264533496 
57.629162879627565 
59.466928797474274 
59.671725653926714 
59.22375259781087 
59.22081643850335 
59.23344792847602 
0.0 
58.65158684389085 
58.21814766214651 
58.646231880835145 
58.2475397774527 
58.970272416848445 
58.17461256360774 
58.169052916367654 
58.651817129939296 
58.246831854474976 
57.633958724758585 
