47.158540232026326 
46.98855599633472 
47.43349184059059 
45.951474917955316 
46.93549991944753 
47.19937451412278 
45.4070746498888 
46.97131059674407 
47.38393892237619 
45.32492294823558 
47.44221980154889 
47.03802849254005 
47.20109440196387 
47.32403103456745 
47.20922020681032 
45.95301162497462 
45.81483775898023 
47.204922704364165 
45.959256136711154 
47.01609919359863 
47.19893867445301 
46.6898981880157 
47.226500078006794 
47.41331205384142 
47.413308671922785 
47.21464271307502 
46.72530873318521 
47.44128860134111 
47.20984441336994 
47.261462963919804 
47.44630152172828 
46.67230552998759 
46.41939130699942 
46.733966968799095 
47.41840909116346 
47.2552120868557 
47.03080956648576 
46.878747568880826 
46.75000856907774 
47.43701647651717 
46.31431308472623 
47.22087601418955 
46.733040738415504 
47.20541639884172 
46.724618260895376 
47.37228426722264 
47.221200325235536 
47.401970854157334 
46.663259577576554 
46.39486938005536 
47.210125862802165 
46.98209472071993 
47.2579282918069 
45.955168032664595 
47.447933021824305 
47.42691761964464 
47.39221737426653 
47.409445935867815 
46.72829551898263 
46.70991479972112 
47.24937023174895 
47.20254736375183 
47.03401055797525 
46.91875118413811 
47.40755415111572 
47.19500019507478 
46.939831366216595 
47.01233208692106 
46.35643925576888 
47.38128345743701 
47.37009604482645 
45.94664476248541 
47.18724926046305 
47.40731653581268 
46.74083107068631 
47.0270493971071 
47.43705157946998 
47.038885357999206 
47.01832175828892 
47.174555489055685 
47.20160219516211 
47.163189219407506 
47.015974586312204 
46.853872285279685 
47.21265719272787 
47.43049403971821 
45.8296591588732 
46.713204417858165 
46.991655638690986 
47.461441074961485 
47.41810713161019 
47.38847501541001 
47.228275683126306 
47.36944162122509 
47.4716263014942 
46.983784036260865 
47.397930183140105 
46.92776930705549 
47.41918928342814 
46.735360743363 
