47.91843666214049 
47.0372187725471 
47.02530324510086 
47.39297952266108 
47.380314141745586 
45.968888374566845 
48.054343809627355 
47.346285945008106 
47.01698616226941 
47.41280898120892 
47.36266853687819 
47.93580059760565 
46.68296015247203 
46.597546925610786 
47.052101760127584 
45.077625899694844 
47.00106101366229 
47.05407376982847 
46.026581785236594 
47.050466431294424 
47.623993366862386 
46.54887205002247 
47.908221282445815 
47.63098900305268 
47.0976526252061 
47.89390166273995 
47.07667508898754 
44.90553900431219 
47.35924175784843 
47.42679270488452 
47.04399351032628 
47.40271675978793 
47.63418897582922 
46.091083527401196 
47.10623385876171 
47.387384105417176 
47.399187105146815 
47.02448256842855 
47.023657717564234 
47.94006949343116 
47.099201262003795 
47.42950558501317 
45.979355724739854 
47.413692068036 
46.56228933324926 
47.385467132051616 
47.899107056913444 
47.09304724285582 
46.61691233088662 
47.453834267695115 
47.69619693854335 
47.06860972275457 
47.844961179313565 
46.606414641519926 
47.958332014404924 
45.945522099027976 
47.34641009895571 
46.012292596364674 
47.41402460769579 
47.72646718166005 
47.883098961803945 
47.105080052363775 
47.47292775209691 
47.4131622411717 
47.37697801162883 
46.99368527822839 
47.67849668926611 
46.67137742470213 
46.559152964371165 
47.416942886173935 
47.08749174934488 
47.42975572751363 
47.074286262399184 
47.485865365274464 
47.02229337053956 
47.45261711091598 
47.649979232274895 
47.65560024986275 
46.16371187252214 
46.59970988175566 
47.41356585937021 
47.46368222627826 
46.71407129314267 
44.88623374166282 
47.123035231558774 
47.92899561595541 
47.06365297502783 
47.81698655157648 
47.633936112482964 
44.96326695184164 
47.64772017381695 
46.09463334159952 
47.07579827184754 
46.71655881199848 
47.628430261740675 
46.54487746266949 
45.907689560203615 
47.79497701351759 
47.02790352651818 
46.036992441454004 
