47.925489215532586 
47.39043685544703 
47.03204950271686 
47.41690985992055 
46.7406082057131 
46.003816104012486 
47.66078656556267 
47.38905484290938 
46.651588377725716 
47.93323551823288 
47.371457693439076 
47.946867252860635 
46.65814123340775 
47.370512234339536 
46.70327486111145 
46.09580242069324 
47.07592617098545 
47.38314899968631 
46.027989239364004 
47.03033306156569 
47.63450960596471 
46.59343733812111 
47.89424366127991 
47.411234087758494 
47.4293904216149 
47.667237525902244 
44.99324303459253 
0.0 
47.819692878356896 
47.63141704745637 
47.05513936573166 
47.402570687705335 
46.13052968169813 
47.12608915401221 
47.41787218045745 
47.3834086555007 
47.40641895791493 
46.993590861864675 
47.06485057905071 
47.72588940544776 
47.43632185658881 
47.66673850799535 
46.17651743317955 
47.68653334712094 
46.01486738290018 
47.42029854641075 
47.456777163816895 
47.69237714430138 
47.044969310410984 
47.662644469244746 
47.91654256396077 
47.39391369635341 
48.09262570003988 
47.60873947996351 
48.13453763610527 
46.58921569024519 
47.64495186588752 
44.98915394396851 
46.6877005082491 
48.14429783300499 
47.87673309715116 
46.694414482318614 
47.974747933859256 
47.06238226441047 
47.04109926103671 
47.03090834745251 
47.6959936942596 
46.69468001182235 
47.32522557305125 
47.42275159324048 
47.430120007148524 
47.458212248457805 
47.652005140169656 
47.72011905769088 
47.050274111056225 
47.90686404082897 
47.65253021514202 
47.711432629324484 
47.706943400467125 
46.104839627644836 
47.4067311723835 
47.47055843343838 
47.47524601082024 
46.01903304837133 
47.922441437488345 
48.151796703456846 
47.6353292184306 
47.62391525226928 
47.666018616204745 
0.0 
47.09132302668865 
46.613512995306216 
47.072941396105065 
46.715303263330604 
47.40034326359575 
46.46739409135643 
46.446789010365016 
47.0915739140749 
46.708624295490324 
46.03039096087427 
