47.60523177503642 
45.85254750676086 
46.616850484492 
45.030452217074156 
47.68775718460498 
47.058791187996974 
47.907106496605074 
47.695746158347724 
47.05711778729081 
47.04806263477881 
46.718956152618034 
47.69500355070022 
45.96462185010529 
47.63293327027253 
48.07068847293764 
46.639310528397715 
47.39844693127861 
47.687788328539334 
47.08093269213116 
47.438679887129126 
47.88246988037465 
47.39439358804124 
47.62879432922805 
47.39054039938451 
47.34361653289057 
47.394620598266606 
47.40320073722986 
46.99982189991797 
46.12029127412002 
46.64381851568114 
47.91843393754659 
47.242548141167184 
46.68365923342637 
46.934310248801225 
47.59352549701299 
47.43852186887206 
46.6528911773992 
47.38060765176713 
47.354513969825014 
47.41331619206025 
46.53870547184284 
47.606888958096135 
46.746289424965205 
47.3629837962854 
0.0 
45.95723094130775 
47.38640572122082 
47.71673783462639 
47.06445172862365 
46.54074150637672 
47.945272741475094 
47.05029904128266 
47.085750213427175 
47.669153234805684 
47.658320825853565 
47.05590652665344 
48.06849500885705 
47.38720915789631 
47.03718127755247 
46.019775242158026 
46.09691714648023 
45.98485186646278 
46.66819242139661 
45.00478219753017 
46.70647368695198 
47.36783987151775 
47.1041578464074 
47.647304887303946 
0.0 
46.038603994900875 
47.678242824911166 
47.320600063780326 
47.394234363416736 
46.72016786494376 
46.035766612817156 
44.608296573879834 
47.45271826895062 
47.91645436515068 
47.083921562840594 
47.713077054566746 
47.36206227573771 
46.729523828938866 
47.013199666330124 
47.61641184975986 
47.46492942837765 
45.01520115478594 
47.4424992505967 
45.9374601121026 
47.90633213447162 
47.616165495631854 
46.663766508357334 
47.445140258221784 
47.29708845843369 
47.567808428577436 
47.45169312057196 
47.884604133241176 
46.892080216291156 
47.54537982686442 
45.00788137255695 
46.563680365329574 
