51.38782693550307 
50.57073612718009 
50.89623355052082 
50.56957784102171 
51.380979963570766 
51.378682858183666 
51.39090305461087 
51.387928756205135 
51.38552951040662 
51.37557471281201 
51.16238174474228 
51.3841252992052 
50.879104093699866 
51.16323169353061 
51.39087692370543 
51.15966102905004 
51.161550280534314 
51.38398758969583 
51.37180733207523 
51.38793368857557 
51.39085725229155 
51.37943433111723 
51.39082895527899 
51.162395141895715 
51.38315095678409 
51.38490022107245 
51.16506499913487 
50.90042109733854 
50.57208865013296 
51.16247472216592 
51.389348521431664 
51.164046287393305 
50.89511459289683 
51.38231511458981 
51.16500549791511 
51.16336126125823 
50.900458095175566 
51.38022147850974 
51.388622227218946 
51.16415216919973 
51.155319650782495 
51.38627668379721 
51.15626387448675 
51.38635337500996 
50.569505157579684 
51.15590617176743 
51.15530952426752 
51.16780917200795 
51.15531496291713 
50.89625091673072 
51.38483251352574 
51.15980208700287 
51.15889929910535 
51.16773225075039 
51.39097999798758 
50.899390551882895 
51.39080386463586 
51.38481573910615 
51.37415645098786 
50.884282724775176 
51.150037367740104 
50.8896914825267 
50.8961355549332 
50.888755145822365 
50.90159787151984 
51.160532180986976 
51.15353877147929 
51.16594023684514 
49.566882046422 
50.16776323328804 
51.386356601845456 
51.15687213344899 
51.15893822048607 
50.167750158347864 
50.576068062658855 
51.15330713280613 
51.38492630984143 
51.39090305148653 
51.161478951490444 
51.16068382191934 
50.90249208706721 
50.58014573036969 
51.16051941211151 
51.16664057548979 
50.90053775328097 
50.882472618759486 
50.903655399898625 
50.89400898471649 
51.389340885755715 
51.38931516081607 
50.89286471537983 
51.38703347213104 
51.377049878445 
51.16767801331555 
51.37572734805407 
51.3909463005128 
51.383100405387246 
51.38470606551354 
50.88649354144034 
51.160517230482455 
