50.89612784331832 
51.164253430954844 
51.39102073521201 
50.90144126571259 
51.39085463698107 
51.16329694002165 
51.390768603955905 
51.3846854015012 
50.15343767619471 
51.380104225244175 
51.381039427774674 
51.16497049087478 
50.900406154184346 
51.38709784145399 
51.38934840777452 
51.37787135835094 
50.16419218594214 
50.90367333932988 
50.162312689004374 
51.38934105883263 
50.16062742672006 
50.90050141543273 
51.38026143601936 
51.37632328874215 
49.572128975271994 
50.57746134399858 
51.378037970641365 
51.15077234074268 
51.39098348495017 
51.39099028532336 
50.57478138889359 
51.15270377099935 
51.38702105479655 
51.16327925217469 
51.15698863909829 
51.38637407778763 
51.38248286311881 
51.3907441664528 
51.159688807391 
50.90042153934063 
51.38787900069926 
50.56806363317696 
51.390961438818785 
51.16317572989662 
50.57725580130546 
51.38253747304698 
51.38783753288014 
51.38479515321713 
51.38785024463785 
51.38921455292971 
51.38938569251564 
51.382343856385006 
50.88758887162559 
50.89517225536278 
51.162369890960974 
50.164204232251684 
51.389385432813505 
50.89402069497328 
50.8982718996443 
51.38034029218572 
51.15986368171901 
51.16253205131031 
51.38401414839544 
51.38555269342284 
51.16591896452368 
51.165089394658885 
50.90049408099155 
51.385498768000275 
50.894928423731116 
51.39088755593634 
51.3787440902599 
51.15363665113254 
51.38640683562972 
51.16513223303635 
51.386235866089265 
51.16141025214276 
51.384069075859664 
51.38784563143842 
51.16134797457162 
50.89070292852193 
51.380062464213395 
50.566742369711086 
51.38112364922107 
51.1606788678564 
51.15005092800724 
50.15536551600724 
50.904740204322124 
51.38787788474832 
51.383985435343654 
50.57611042783655 
51.15800352774469 
51.15430647315938 
51.16071137001165 
50.88236053431349 
51.39097983311321 
51.39095018214612 
51.39084492318262 
51.164126198886215 
51.39078751244039 
51.15803713700556 
