40.93574487046497 
40.93097013075421 
40.93662577519725 
40.668530144803604 
40.91225246565931 
40.92292817463408 
40.43017585306038 
40.70818406308051 
40.935997646558974 
40.417798044031876 
40.937005168813094 
40.926756755272024 
40.937157561762746 
40.935157310582554 
40.931457099395914 
40.69584546966385 
40.91384981095461 
40.936533372081215 
40.68645277531749 
40.9187168764118 
40.931466441694575 
40.90782264921617 
40.93705262482794 
40.93609750938891 
40.93626250135154 
40.93658800494867 
40.91287011482456 
40.9372499926118 
40.93032201261221 
40.9270337239399 
40.937161815317495 
40.70516890950632 
40.69603935734111 
40.91853271877011 
40.936479712448154 
40.92656364035373 
40.708832367759086 
40.93536127671465 
40.70822019174113 
40.936598719739926 
40.66905778492281 
40.92073811308056 
40.44793657337716 
40.92659315911694 
40.68414182096391 
40.93523665778282 
40.92833731617015 
40.93575036443685 
40.92001083886585 
40.69306870102074 
40.936582102543845 
40.91555902454024 
40.937357488721524 
40.66869488135251 
40.936827890305686 
40.93651256641521 
40.93558469971301 
40.93612029971693 
40.90428355926565 
40.705210627867075 
40.92870566482855 
40.92970878099815 
40.92180604277305 
40.931058467621874 
40.93671595078898 
40.935973239771506 
40.916989421489156 
40.92138578332838 
40.9047246708125 
40.93590398840267 
40.93584739076856 
40.097260719528435 
40.93123517376838 
40.93594418538219 
40.914765514926636 
40.91368336846605 
40.93739292685249 
40.93230575527682 
40.71157588069078 
40.93687504704697 
40.93015116953773 
40.93025099103221 
40.92863184714573 
40.924083597766064 
40.930919556494516 
40.936502157873285 
40.68288609745288 
40.91989160888679 
40.91352763836217 
40.93711627683675 
40.93614187299994 
40.934991270929814 
40.93733204750251 
40.935857704862165 
40.93739337478535 
40.91495486440783 
40.93666303685045 
40.93628032045086 
40.937191066470554 
40.44820369893342 
