51.16141407941746 
51.16597130809329 
51.389505086278824 
50.902483879500764 
51.384763079847694 
51.14818822348877 
51.16580325005002 
51.15876512691402 
50.572051412085614 
51.1569502744754 
51.38099918175613 
51.38317724989451 
50.899390594706944 
50.89942908924407 
51.158050417610404 
51.15519277290531 
50.58000823290158 
51.37581887126266 
49.55353986278391 
51.38924148034885 
50.153621436866544 
51.16589263460049 
51.14721414301874 
50.15710096010101 
50.885583740671066 
50.576119727454255 
51.158049858185436 
50.89277296735783 
51.39101240235976 
51.38943566925549 
51.164140347101814 
50.160655151459025 
51.38928465770881 
51.378757061928624 
51.1604658410264 
51.38335294015335 
51.380238696271284 
51.390736614414294 
51.38393346986849 
51.15273967370071 
51.16603052295338 
50.885284699049436 
51.390902589423796 
50.89835337240823 
50.90239961421412 
51.38250499603084 
51.387817863017084 
51.37795870035901 
51.16511044408848 
50.89935168898686 
51.3878706813966 
51.389129375153736 
50.16233903214524 
51.15534463476806 
50.89404145131844 
50.15890925254825 
51.387056729064575 
50.90145676135052 
51.37709703929136 
51.38560564062638 
51.38629877169897 
51.37879752642258 
50.573424484998526 
51.3869967599271 
51.3892696266357 
51.161522736283274 
50.89511554220699 
51.382440112422394 
51.37937755650575 
51.38782122930779 
51.37486683050869 
51.15541364355631 
51.38486004843831 
51.16601734054812 
51.38321446720796 
50.89410932322009 
51.37872776477964 
51.38561595005876 
51.16036791338073 
50.88532018717282 
51.14889548801691 
50.88535310397057 
51.38025017504961 
51.165921317999704 
51.15531588764006 
48.566951689599556 
50.90367092371002 
51.38779484303379 
51.16494281970777 
51.15797127700913 
51.16155723124768 
50.5680336951533 
50.902538024186384 
51.15084405202399 
51.16782280773616 
51.38796952876602 
51.3878351751422 
51.1623944589933 
51.3892208888046 
50.5827407953161 
