41.538352967052084 
40.69975767961654 
41.03381777023652 
40.697209333143306 
41.51649731890651 
41.50908268541685 
41.548430079887794 
41.53929178470427 
41.530877183777136 
41.49865958651285 
41.306174639298376 
41.52719169683945 
40.9783933862665 
41.30853634697345 
41.548092910563305 
41.29706148843949 
41.30390791563522 
41.52579281724648 
41.48688763479782 
41.53944047030659 
41.54800498676772 
41.51139416646679 
41.547656750649104 
41.306244763528724 
41.52265735512814 
41.52982271538314 
41.31488653189285 
41.04657928066421 
40.70415815496793 
41.30707222809969 
41.543189310813055 
41.31070183429897 
41.029850844148925 
41.519497664394784 
41.31427217080592 
41.30982438789847 
41.046990987523074 
41.514121396895774 
41.541134779727415 
41.31173004051686 
41.28384603653156 
41.53319163635433 
41.28721497023956 
41.533990481849635 
40.69648641031336 
41.28368936222179 
41.283754792417405 
41.32424538109792 
41.28378778519695 
41.033942337853055 
41.52907371577673 
41.29850308982654 
41.295497032160206 
41.323304776134364 
41.54917807732422 
41.04352340458163 
41.54740692355832 
41.528961500152704 
41.49481487120257 
40.99396690755964 
41.26727270419864 
41.011742669693064 
41.032831238705036 
41.00968776362922 
41.05110446827442 
41.29971119077119 
41.2781344251746 
41.317534338987116 
39.688322776730615 
40.32369779099966 
41.53403087800902 
41.28731170451836 
41.29590165363524 
40.32356515448537 
40.71669699859569 
41.275812411017654 
41.530049238673264 
41.54842910905298 
41.30306677229872 
41.301268575743904 
41.052758468213646 
40.73025822755194 
41.29965132235017 
41.318504067353224 
41.047831861076894 
40.99040890030028 
41.057164285832165 
41.02600428513189 
41.5430708765799 
41.54291322984353 
41.02179853784756 
41.535640377576705 
41.50307557638555 
41.32284805237817 
41.50023186447798 
41.54889076131234 
41.52214060621039 
41.52784521348521 
41.00162642296501 
41.29959396429276 
