51.39094940020654 
51.15982409971044 
51.38086951452188 
51.381647821813274 
51.164154868139896 
51.16142497939669 
51.16588268666741 
51.379511977998966 
50.89723727253638 
51.384018723709055 
51.15789448444421 
51.390999663368326 
50.57736509853031 
51.37938338247439 
50.88774836499141 
51.15181628744093 
51.16242809770661 
51.154303906482305 
51.15624151291953 
51.15695878186158 
51.387860154117305 
51.158781915387465 
51.3879315711322 
50.889727908187936 
51.38634734412417 
51.38774924406888 
50.15887295406644 
50.56817651962674 
51.38929698749027 
51.38790733240257 
51.160566134283144 
51.16688967813438 
49.582705900383 
51.378643582775226 
51.383358277480696 
51.385479236204226 
51.16494790373145 
51.161406978859866 
51.162461531889335 
51.167743715505345 
51.1669486288226 
51.384079903780325 
51.152543163730485 
51.38629389900158 
50.89608285980182 
51.16145066281884 
51.38331849224964 
51.380234194516305 
51.37642288226622 
51.38694510764576 
51.38413658098277 
50.89394387929135 
51.3910207918329 
51.38786368346145 
51.39100499043271 
51.37268707059027 
51.38012915622262 
50.5681006806265 
50.90156413381673 
51.39094023912586 
51.39092116532728 
51.156214584012325 
51.384927309354595 
51.3802312164802 
51.38548231558853 
51.158731723561395 
51.38261743926657 
50.893067773445864 
51.16402015548272 
51.38171989297917 
51.152658846174475 
51.38391351018471 
51.38797501437711 
51.382662713618465 
50.89935572661126 
51.386255722753845 
51.38622166941721 
51.38792141480441 
51.389421340091374 
50.57087359073146 
51.38179813172837 
51.16512638959499 
51.15891250231582 
50.16045216791205 
51.38938228839487 
51.390985768977394 
51.389297722888486 
51.16329423520146 
51.382472542417496 
50.54931369961087 
51.16585018206895 
50.155349798249816 
51.38416440686202 
50.58010186033596 
51.386315589470556 
51.14992388444394 
50.578811307685335 
51.15789742944034 
51.159682358232345 
50.88758684360664 
