51.39084337980965 
51.152682412266245 
50.90471316957181 
50.1500008588499 
51.37795242156583 
51.38625785199612 
51.167766202780776 
51.38643319094936 
51.387847668993544 
51.37860670153183 
51.390869870269206 
51.38488383888385 
51.15076211844944 
51.1641194608709 
51.38937617769313 
51.38094983517866 
51.16068554694725 
51.38621027190975 
51.149909346365014 
51.386404510314804 
51.39092294497696 
51.38099040674552 
51.38929807865218 
51.15714667352637 
51.38318575760106 
51.16429063955402 
51.385605587001514 
51.38249872778224 
50.155367342720744 
51.16426485121817 
51.38639529687161 
51.156174262235844 
51.381025346139204 
51.37935382891001 
51.16243580033556 
51.164210275821766 
51.16327018016214 
51.38254715749586 
51.39081922568091 
51.162495485643916 
51.15703703970111 
51.38327683959529 
51.378735676560154 
51.389413462574986 
50.569447266221886 
50.89895764985881 
51.3809826412553 
51.16781637365908 
51.37724029924975 
50.897257151280414 
51.38402640827568 
51.16072314970855 
51.38634764147046 
51.39093583905099 
51.16779729638557 
50.898333495138935 
51.38929721162235 
51.38408066378015 
50.573567903683504 
50.8800434813955 
51.14025207030767 
50.89611794992012 
51.38770929799717 
51.162420395245924 
50.89945131126967 
50.577308487771504 
51.379433435068144 
50.9025691642567 
50.54811409998565 
50.578814345093484 
51.38937837524805 
50.891624868427684 
51.1545193076157 
51.1615842561004 
50.16590972643544 
50.156906197677166 
51.387159000301565 
51.165116072368846 
51.38172072615954 
51.380268920693325 
50.902549647615324 
50.903625680276285 
51.37861851621506 
51.385493124430646 
51.16162647654213 
51.157013747790096 
50.581463034291815 
51.37953787329502 
51.38932848874499 
51.38785365592029 
50.165875922186615 
51.164275967426164 
50.155276158940985 
51.166877982021326 
51.15539344775148 
51.390905242504914 
51.3854328374811 
51.16057616393433 
51.15972141190376 
51.38765829652167 
