41.30255254907512 
41.31786965786421 
41.544874807656306 
41.05276035280677 
41.52844050510415 
41.26088076812819 
41.31621804248895 
41.2940858727504 
40.70369557496172 
41.288037827915666 
41.516682896484916 
41.52294508405777 
41.04358196237892 
41.04397748825087 
41.29304019852595 
41.28258822327233 
40.72893421084344 
41.501138954237454 
39.645543709493005 
41.542097818801594 
40.27896065679948 
41.31714214483674 
41.25712376183873 
40.28953108576215 
40.99970379133716 
40.717245069092876 
41.293082162423204 
41.02088952762369 
41.549425722077494 
41.54407672538263 
41.311702572190896 
40.30098399829073 
41.54261156025704 
41.50979918791279 
41.29908384918439 
41.52464599914849 
41.51419081937271 
41.54666931968316 
41.52534054513182 
41.27624766421398 
41.31847609070044 
40.99682308073908 
41.54841691671558 
41.040473592937765 
41.051872219817184 
41.521345304950685 
41.53830608626306 
41.50697626162621 
41.3152681210764 
41.043195018972916 
41.538831977692304 
41.5410179412219 
40.3057225533242 
41.28409669524628 
41.02627513437156 
40.29557803544358 
41.535834980102116 
41.04976549534303 
41.50360010880564 
41.531658058978536 
41.53346618225904 
41.51023438028076 
40.708426329333946 
41.53520458251842 
41.54238368258626 
41.3035952075539 
41.02978388408716 
41.52073944735416 
41.51086365035539 
41.53829483658853 
41.49680076187895 
41.284801603611825 
41.52934181982206 
41.318285559062794 
41.52328000947946 
41.02697421325875 
41.50953397756658 
41.53174345552696 
41.29809648746174 
40.99710491083026 
41.26189823011201 
40.99739575893189 
41.51436974411958 
41.317350590734364 
41.2838113451435 
38.68901997320096 
41.057395823405436 
41.538062061591255 
41.31362796141716 
41.29221898779017 
41.303866769765605 
40.69083120917364 
41.0533076539512 
41.269358964001555 
41.32433002518585 
41.539735484452024 
41.53837796726273 
41.30629342969949 
41.541922849382516 
40.738128978220104 
