40.93528167674775 
40.92558985992886 
40.90952547017481 
40.93669842386294 
40.42139770591578 
40.905929687078114 
40.70402953398675 
40.921292160463025 
40.93686188398409 
40.71154010409789 
40.91498351521697 
40.709215872006254 
40.70497757508456 
40.91180025411086 
40.70078920821682 
40.93100414825784 
40.93700084064488 
40.93631452467782 
40.925586554215904 
40.710532389167724 
40.93698642648999 
40.93115313635101 
40.93572892716671 
40.93710489856223 
40.93671314346044 
40.936717809446264 
40.70191837288456 
40.67367464602837 
40.9257768941097 
40.93638518651599 
40.937264161634246 
40.9371521546891 
40.9114544851998 
40.92451045449156 
40.912135045231665 
40.916343009741226 
40.91605765910713 
40.11268684401981 
40.69379179879979 
40.91295502884545 
40.93060672122828 
40.920974651793955 
40.93655147854919 
40.93674757309393 
40.92447840946308 
40.70822961765207 
40.92114360237833 
40.91687038574706 
40.93670163939017 
40.935881803994626 
40.92540961808857 
40.929440081480976 
40.92110382599536 
40.92062565020994 
40.122270988990024 
40.93682607299405 
40.93723070646097 
40.93400014972183 
40.93665714752977 
40.93123567331928 
40.93120470502368 
40.90456615655922 
40.936611858475295 
40.93608016369043 
