51.388428329063444 
51.16600724057993 
51.39101494283423 
50.57867597349542 
51.38249417810062 
51.1562045674335 
51.38920220727269 
51.15874045338624 
50.571938088938666 
51.155146914680124 
51.383939695546964 
51.385487095227596 
50.58271905359677 
50.9025659165659 
51.16510809934375 
51.151713630611816 
50.58139431460903 
51.14844955510889 
51.14807528802699 
51.389315824847515 
50.15537438057319 
50.90147197888679 
50.155409739926846 
51.375588713907305 
50.57345358374419 
50.895065077529324 
51.15805339457386 
50.88845864275191 
51.391018258424644 
51.390970364203 
51.385570764112884 
50.570752554149166 
51.16509544388523 
51.382537462306004 
51.38386928650659 
51.38637042268254 
51.389307371747016 
51.390718660472864 
50.89714225846995 
50.57484219273877 
51.39087786890142 
50.16413231832532 
51.3909600780717 
51.15887045920857 
50.573281253510544 
51.16501991170858 
51.38408755598101 
50.580195916926975 
51.390840786027965 
51.39076815090469 
51.389362924589534 
51.386127706740524 
50.89282590027135 
50.88982539780477 
51.381666163014636 
50.578733657125696 
51.389385442529885 
50.89726350348969 
51.16059949076698 
51.384818602168664 
51.15892553817225 
50.899451788924814 
51.15880243880093 
51.3847414238399 
51.15885342711027 
51.3795528978943 
50.898337975735544 
51.3862474336445 
51.155237008321315 
51.3885694683132 
51.15978991624476 
50.89098301999517 
51.387162651411714 
51.16331196807218 
50.568124476399916 
51.159585103043014 
51.378804522757505 
51.385602617682714 
51.38603181993688 
51.16133158494568 
51.3793263899202 
50.56262539716206 
51.37878729679917 
50.901550675913434 
50.895081074477694 
48.566972023513095 
51.38560264351881 
51.3908029275588 
51.388511830250614 
51.15879678799139 
51.38031429686097 
51.150790663255286 
50.58281871881063 
50.89075459377381 
51.39093895511846 
51.39093298606937 
51.38931719938892 
49.57232618858899 
50.90252379607983 
51.164185134563695 
