41.548802458061566 
41.30116374279175 
41.51807951033112 
41.3130370274147 
41.53315486344602 
41.526362646238624 
41.52120150808714 
41.535546555273825 
41.29811346548541 
41.52128061051477 
41.31086025392849 
41.54939694856903 
41.03609476676787 
41.01896612175778 
40.70467639219374 
40.67886836062581 
41.03682303824057 
41.508781303936836 
41.2836468841391 
41.291385914691034 
41.53569161157811 
41.00273897794897 
41.544383407114935 
41.522769775707935 
41.27568116594641 
41.54247063769737 
41.03965359059539 
41.29820422622417 
41.53328022064011 
41.32383547562678 
41.03876237691026 
41.31838567891115 
41.514119880539155 
40.675597487257846 
41.507489115531314 
41.28876361292705 
41.52490560908498 
41.291374108619365 
41.04036659817752 
41.54795265754893 
41.52474954090763 
41.522311785504364 
41.31565521377564 
41.540289189963644 
41.290780261830406 
40.72863544406129 
41.51691619917447 
41.04507396948423 
41.51112157377607 
41.53763556824474 
41.51737617350204 
41.02839130442566 
41.299996323516886 
41.28374685405327 
41.549262723856934 
41.033634919470934 
41.517829502113365 
40.23769258551352 
41.312204378103374 
41.5485682289587 
41.5485022154678 
41.513661154781495 
41.29361036838326 
41.5286095359149 
41.53724477864106 
41.27181261996175 
41.51944091367043 
41.04284508007453 
41.53666265629821 
41.295320121523744 
41.27244887118141 
41.520603207801116 
41.31869018542153 
41.52776801322456 
41.53741520683375 
41.30893873554318 
41.52799695667246 
41.54843967760728 
41.039975328730726 
41.01610747047882 
41.512012859523544 
41.32325964472589 
40.70751876917772 
40.706377226390494 
41.532798853559505 
41.53915660026234 
41.046343475091824 
41.52126355315375 
41.30817395559999 
40.963998989795364 
41.32284413532235 
40.284600717037584 
41.54396535906243 
40.73363642277319 
41.54227709404105 
41.285664974748656 
40.72535265153513 
41.30133006314984 
41.269462016835405 
40.67773952310417 
