51.390973082566006 
51.16326088401281 
51.15609849593393 
51.16584690349786 
51.389333322157775 
51.160549764781116 
51.390743733227886 
51.16148417218389 
50.90042863485086 
51.38251490381846 
51.379378468784196 
51.39097480582781 
50.8983240155568 
51.151733778665424 
51.15344761074031 
50.144654789443486 
50.90248079551637 
51.37715770252105 
51.382538835690426 
50.581360824787225 
51.38782355440761 
50.895084334084046 
51.387952809553056 
51.3838788868954 
51.16150168726784 
51.389207777838884 
50.89183891016311 
50.89200860537115 
51.38628006989517 
50.90477612254292 
51.16144344560038 
51.1668989265418 
51.387672374381495 
50.886593451866425 
51.15798360552546 
51.385442885141906 
51.16577160861729 
51.155220391838675 
51.165938358242585 
51.38939066661587 
51.38486159131919 
51.1659991390969 
51.15786854059142 
51.163286534339385 
50.89709762258363 
51.16315712161245 
51.3854915955985 
51.15974661189802 
50.89084385682388 
51.382467412504845 
51.37957107638568 
50.891826904244226 
51.388735823679966 
51.161527114052205 
51.389499922986694 
51.37635564678605 
51.375524351423664 
50.55484845657724 
51.16507259082359 
51.16780193332442 
51.3909432140027 
51.163270628199456 
51.16696288497969 
51.15983490450443 
51.166689640523884 
51.163183077254544 
51.38029724616584 
50.89090692138789 
51.37938493859667 
51.164127373011645 
51.15877463104596 
51.38466272640028 
51.16431517560664 
51.163439920066004 
50.901494181277926 
51.16413103941176 
51.3832378335883 
51.390930434261456 
50.577432414947815 
50.89721613529486 
51.16151949465675 
51.15987355651065 
50.5695433554925 
49.56656794551891 
51.384772453804075 
51.38945339857887 
51.16154902085645 
51.38702966992353 
51.38166655452979 
50.88216859833594 
51.39081955177241 
49.57219498125898 
50.90475854727911 
50.58007233881121 
51.38630125505024 
51.377855976163154 
50.897286098579954 
51.38606389838436 
51.37259478129081 
50.16570967530088 
