51.64014880575792 
51.63870065319833 
51.640212758648886 
51.40497506631407 
51.63349551326647 
51.63647907876661 
51.148870137152386 
51.41619629332521 
51.64015873216725 
51.14564741078809 
51.64024602140537 
51.63730390824923 
51.64025891687 
51.64009578567828 
51.638740209694916 
51.4127280157209 
51.634148800435355 
51.640206775030066 
51.410129250369025 
51.63506976520922 
51.63874409992546 
51.63208054055715 
51.64024713661317 
51.6401721827024 
51.64018730496969 
51.64021179831568 
51.63354192830595 
51.64026670547994 
51.638647964588316 
51.637329107047634 
51.64025717539784 
51.41533242007098 
51.41274559565449 
51.63505975422837 
51.64020545968198 
51.63729912923337 
51.41624225168463 
51.64011177365852 
51.41619092850386 
51.64021762684569 
51.4050269989232 
51.63576789921693 
51.153993489843636 
51.637292507446425 
51.40931871522993 
51.64010503214326 
51.637966475934746 
51.64014706056442 
51.63570589577513 
51.4118898635051 
51.64021165183451 
51.63429384448969 
51.64026939683195 
51.404996299131795 
51.64023063533939 
51.640208105294995 
51.640139315266225 
51.64016728420276 
51.63126841358209 
51.41533781741946 
51.63799576392106 
51.63859977004362 
51.63585116325446 
51.6387083697691 
51.64022602284947 
51.64016541793532 
51.63493167681439 
51.635820613705484 
51.63130319497002 
51.64015458964015 
51.64014766311676 
50.824202799064835 
51.63872559525691 
51.64016292890251 
51.634226487108315 
51.63361344878287 
51.64027027600375 
51.638803414971505 
51.41707777090608 
51.640233591520364 
51.638634613624305 
51.638648067608706 
51.63798842564825 
51.637085530829104 
51.63870305633179 
51.640202362217195 
51.409217231061184 
51.635695623028326 
51.633605878852784 
51.64025976108582 
51.640178755163234 
51.640078851889676 
51.640268745718075 
51.64015162616737 
51.64027028573844 
51.6342403626087 
51.64021548179621 
51.640189523702254 
51.640265247427756 
51.154018438373335 
