51.6401754360537 
51.64020624115045 
51.64023906528588 
51.150881416524555 
51.63568814075208 
51.63504119852678 
51.63580674602786 
51.41622652197649 
51.640184558962346 
51.41093071455853 
51.63876211003983 
51.63877264224772 
51.64026695327727 
51.63864455814898 
51.414520461543184 
51.63717852611026 
51.634138133355805 
51.638771259419805 
51.63714923663717 
51.63432340431798 
51.63874432613332 
51.63714178357196 
51.64026280660709 
51.64020633478282 
51.64021392440722 
51.64022262631819 
51.63721722030337 
51.640259310320644 
51.64011526532524 
51.63878528332628 
51.640257303557476 
51.41445501503066 
51.637220313077044 
51.63872363080191 
51.64022139565956 
51.638744754243184 
51.416230384193156 
51.415330847959694 
51.63797459310455 
51.640221501776935 
51.411891870917344 
51.63431238292523 
51.154008151550975 
51.63879276492645 
51.63423236603069 
51.64012935631961 
51.64016743995547 
51.63866010640797 
51.63788754083872 
51.41527892686737 
51.64022264465686 
51.414482453095005 
51.64026948916909 
51.408395841550444 
51.64024150199836 
51.640211493179365 
51.64016115237968 
51.638726263067596 
51.62978526973924 
51.413659799485714 
51.640184210627154 
51.63347548635763 
51.635825620278496 
51.64013363229112 
51.64020824846663 
51.64015068655969 
51.41098001301977 
51.637298978671566 
51.4093119349467 
51.64022487128167 
51.416200977562895 
51.634915241190456 
51.63876242848965 
51.64018179669612 
51.63718124345182 
51.41451636106353 
51.640270478042076 
51.41628888061452 
51.64019666762338 
51.63803012333691 
51.64009972533924 
51.63868520006233 
51.64019946107973 
51.41531295688462 
51.640188593935505 
51.640207215202395 
51.40149930068051 
51.64002943811303 
51.63573058919605 
51.640265685025426 
51.64016352585708 
51.63721463231955 
51.64026397154306 
51.640198914832645 
51.64027051416499 
51.637903337001674 
51.64020518777133 
51.63869991572845 
51.64026533850713 
51.15196045639085 
