41.54888237331396 
41.29877795706774 
41.515422213561415 
41.5180658360416 
41.311811732841 
41.30263333246025 
41.31691955570226 
41.51217246832508 
41.036595559538405 
41.52617501579702 
41.29154637874667 
41.549384823400636 
40.720667998604114 
41.51087771269485 
41.006942955848295 
41.273062968361636 
41.30658600077044 
41.279808961597126 
41.287074702894664 
41.28823666185896 
41.53869093853215 
41.29439115076956 
41.53938406258609 
41.01218295620039 
41.533929143546146 
41.53764806531808 
40.295301116497605 
40.69230693210717 
41.542710883625915 
41.53921474478445 
41.30008221431315 
41.32104753066088 
39.73776810431588 
41.50868746298603 
41.524815269759166 
41.53043811262244 
41.31365679846382 
41.30241212114646 
41.30700434123923 
41.32351069472675 
41.32157947549724 
41.52678981343639 
41.27427113333673 
41.53338413091828 
41.03217951583898 
41.30287773058675 
41.52434691947973 
41.514232339474134 
41.50201864737651 
41.53477885667698 
41.5273727564017 
41.02537968765651 
41.549683582476106 
41.5386867413628 
41.549432471443836 
41.490597178297264 
41.51314266949486 
40.69145943562823 
41.05079657897465 
41.548829018697816 
41.54859234149386 
41.2867745759353 
41.530141556195154 
41.51425575445476 
41.530474690289715 
41.29380308466056 
41.52249963815847 
41.02383599189396 
41.31044261676804 
41.51877885310744 
41.275392293261554 
41.525138723840456 
41.539850517767455 
41.52302054086479 
41.04323378008419 
41.53307340130193 
41.53266660241717 
41.53924464603748 
41.54393274542511 
40.701070421657406 
41.51951090556131 
41.31551030478642 
41.295640931185474 
40.29890957949312 
41.54348542494615 
41.549192084142064 
41.542733229927585 
41.30924690276356 
41.52105013889204 
40.63048504191611 
41.31672442699336 
40.28422225760951 
41.52765070403111 
40.7299007617357 
41.533645501479256 
41.26622328058997 
40.72605134216348 
41.29156277186523 
41.29725924980943 
41.00528123374258 
