51.64015611940715 
51.409281615058184 
51.63640250417776 
51.64019688966247 
51.40836941891137 
51.41023800642773 
51.6371860022111 
51.636511869804266 
51.640200979407524 
51.63871114098952 
51.63496642580004 
51.41626942380576 
51.63854368769776 
50.826727648462864 
51.63418318734432 
51.64009030127256 
51.63876074397935 
51.64018458325226 
51.63642614074832 
51.63563373217825 
51.640227040531315 
51.63873367004873 
51.6364947357079 
51.64023102916173 
51.640251408892055 
51.640206160399416 
51.63789571025256 
51.40572457513633 
51.64014172120744 
51.64018661991335 
51.64026355401118 
51.64026230838302 
51.63641087689376 
51.41263535646699 
51.63124488789306 
51.6328774060918 
51.63726759293048 
51.4118390186721 
51.63286270333927 
51.63354721593934 
51.63869067128274 
51.63872396989934 
51.64019457710089 
51.64021463213255 
51.634207733510145 
51.637208147275985 
51.633594837967756 
51.63710301658922 
51.63871914820027 
51.64017190484338 
51.634273985578446 
51.64006912388198 
51.41450712954064 
51.63282839803087 
51.14981163237068 
51.638778281247156 
51.64026606534036 
51.64001854899717 
51.640210977944626 
51.63795847232901 
51.63726208137925 
51.63203404164258 
51.638711703498956 
51.64013330428297 
