41.54781304113241 
41.2756400145916 
41.06056745370771 
40.266945697846594 
41.506958286831946 
41.533025170417474 
41.323805934548815 
41.53471823046455 
41.53853481298271 
41.508301734644895 
41.548052410150795 
41.52961387457305 
41.268462431883876 
41.31140040593822 
41.54346598542919 
41.51621043252941 
41.30132065339935 
41.532487839966855 
41.26603300095496 
41.5345259541967 
41.54864192154819 
41.51659133092152 
41.542738698598455 
41.29003346040333 
41.52303789515472 
41.31321630268276 
41.5317168294009 
41.52133029896856 
40.28437468166053 
41.31289783092424 
41.534359425469376 
41.28635425822762 
41.51697312013861 
41.51060092411021 
41.30668246061111 
41.312305636505364 
41.30904388574866 
41.52183730009727 
41.54759153317931 
41.30724826747146 
41.28895297887456 
41.52392658953113 
41.50955100892424 
41.54386021056346 
40.69594953972575 
41.03925671976496 
41.51652841295404 
41.32433456537788 
41.50500211120165 
41.03678850956866 
41.52623682259877 
41.30167247440937 
41.533934288722335 
41.548638051425 
41.32408902503039 
41.04021302576152 
41.54271381005831 
41.5268061258051 
40.709818824439154 
40.980570103455385 
41.235898549309745 
41.032535556274446 
41.5372239584637 
41.30649191846048 
41.04416503151099 
40.72007093323287 
41.51142962848634 
41.05354145336106 
40.62757076128899 
40.72603811746348 
41.54353066524559 
41.01667059778777 
41.28191935338785 
41.304210623585284 
40.31725744653826 
40.287616591373855 
41.536844989349774 
41.31545643939185 
41.51868773286758 
41.51460169393379 
41.053319850536 
41.05682422359548 
41.50849403811151 
41.53051624041617 
41.30470703316773 
41.2887717500578 
40.73444183773328 
41.5123900258471 
41.54298275627045 
41.53865862777358 
40.31689276639603 
41.31303143360474 
40.28347260645609 
41.32088389660007 
41.284636440872745 
41.548498876825306 
41.52993172045786 
41.30018980991638 
41.29770345627905 
41.53669975047134 
