34.86838332953247 
34.86179954441662 
34.859559848008175 
34.86272030655381 
34.86832703991025 
34.8598143079838 
34.8683663268986 
34.86236109958717 
34.599271898126936 
34.86771851641648 
34.86831008118794 
34.86838995364746 
34.565354692229576 
34.862432116719006 
34.86213698984601 
34.280215846213416 
34.823700305605804 
34.86720673435618 
34.86812048129776 
34.58585543677231 
34.86823496672389 
34.86216912166959 
34.86838968740837 
34.86812528741618 
34.868098977396585 
34.868383160165365 
34.85429476955119 
34.8622686830086 
34.86824433252542 
34.60259009062817 
34.862447409983055 
34.868384096882046 
34.8683161569877 
34.84571983674983 
34.86209999898165 
34.868320734337026 
34.86270647251633 
34.85968359211178 
34.85719514483516 
34.86830919543835 
34.86839105926594 
34.86831437762928 
34.862580151503586 
34.862708013773826 
34.862555686209625 
34.829021908138444 
34.8679940218836 
34.862437773866866 
34.59897470431313 
34.868012267877035 
34.86838316895111 
34.85701572864034 
34.86826723921921 
34.86824874205383 
34.868393200122895 
34.8677045142049 
34.868023951598175 
34.25909965386505 
34.85992932348183 
34.868386132596584 
34.86838737119978 
34.86262304067099 
34.86839253084669 
34.86272030655381 
34.86277138086761 
34.86271075838569 
34.86777897439784 
34.86218461567477 
34.8680011173732 
34.862692082194705 
34.86255680415971 
34.86810274344685 
34.86273667264334 
34.86832916393405 
34.857104931679835 
34.86825436365052 
34.868014841334045 
34.868392123991015 
34.280407864599674 
34.60246515562072 
34.868306194465916 
34.8681963745086 
34.595240947006715 
33.86522270679458 
34.86816724905184 
34.86832114240885 
34.8625206144388 
34.8683716299078 
34.868376948859115 
34.601551686514 
34.868371900750134 
33.820559122207875 
34.599148532150245 
34.57563814287965 
34.86819413661168 
34.867983136678696 
34.58216146689229 
34.86816553626389 
34.868026866244804 
34.26787287258591 
