34.35794621685245 
34.35788814205436 
34.35757245867649 
34.357975313066255 
34.35172919466924 
34.35746478252692 
34.35201057910375 
34.35778832612754 
34.35797683575307 
34.35797268389035 
34.357959076259185 
34.35798460287886 
34.35202357139999 
34.35774132779068 
34.35795084790328 
34.357883358910385 
34.35798363425914 
34.35796720281045 
34.35782077843562 
34.35202357139999 
34.3579824269399 
34.357896958868345 
34.35797303398002 
34.357980894037446 
34.35797966201383 
34.35797315296986 
34.35192243902015 
34.35739763091887 
34.357777311431086 
34.35796625239455 
34.357984973408655 
34.35798567522 
34.35753421721588 
34.35779853955848 
34.35741768574848 
34.35798567522 
34.357981271448075 
34.070054428693254 
34.3579104611956 
34.3575723280528 
34.35796707635046 
34.35783721980876 
34.35797377819056 
34.35797132087902 
34.357796696302195 
34.34599143220205 
34.35790172637198 
34.35768929483746 
34.35797417106648 
34.35798011942803 
34.35780384198714 
34.357878333299396 
34.35783303274811 
34.357732944843335 
34.34602828317298 
34.35797642158294 
34.35798392445854 
34.357950488372765 
34.357979059138955 
34.35797370670496 
34.357899550045914 
34.35749597035007 
34.35797422230546 
34.357966397004574 
