34.86277125041491 
34.85166054362353 
34.86839258047894 
34.58900715807334 
34.86808119962212 
34.86826200455407 
34.868309009870174 
34.86815213619286 
34.57878335824024 
34.86263200401157 
34.868018756493264 
34.86793361368112 
34.56210038771171 
34.86839042623553 
34.868071995217846 
34.862400944433624 
34.27601437455344 
34.8675615457446 
34.276282913183685 
34.86829688320965 
33.859247213005744 
34.862843406784954 
34.86809012129444 
33.865356254240496 
34.83168324944885 
34.59566087222256 
34.86218831940062 
34.5854557231065 
34.86839035640989 
34.86828909349142 
34.86823936625221 
34.59214871411652 
34.868223462194074 
34.86774706216723 
34.8626967703376 
34.86790170546916 
34.8683662515979 
34.8683662515979 
34.868242039131054 
34.862154128281254 
34.86285409465174 
34.5680913811793 
34.8683753310319 
34.57216940376516 
34.589008419823394 
34.8675378938266 
34.86818565543616 
34.868314938609736 
34.8626803987617 
34.85709394852081 
34.86824601182161 
34.86829215071335 
33.859803746526545 
34.86811780851575 
34.86272639425671 
33.86521811859114 
34.868325327726005 
34.8625809077675 
34.86775601094026 
34.868127465749055 
34.86815905746293 
34.868195961801014 
34.276127082514584 
34.86836731905523 
34.86830143807949 
34.86258551036963 
34.82938388347276 
34.86794202377635 
34.86783054039895 
34.86832100955897 
34.86759044116181 
34.8680449193653 
34.86802596375769 
34.86838701935691 
34.86795656607578 
34.85719695761579 
34.86796487655925 
34.86838054256248 
34.85151609188564 
34.60212785728207 
34.86232419211783 
34.601745734611974 
34.86780473731223 
34.86279077916919 
34.86253938933086 
32.28065733647706 
34.602550318941404 
34.86822363829648 
34.86257322189078 
34.84858772459319 
34.86831878100951 
34.595707898783985 
34.599140032267705 
34.85634294235421 
34.86838990442911 
34.86832384292054 
34.86832429022996 
34.86839277385609 
34.86836814662621 
34.59583718990715 
