43.27844904085342 
43.278431004136216 
43.27843420260873 
43.27844935111997 
43.276679818577634 
43.278407002063645 
43.278448869708846 
43.278434235775094 
43.27844934077889 
43.27844311101846 
43.27844912433699 
43.278449659316394 
43.27844291537591 
43.01248929358188 
43.278436557645186 
43.27844891770373 
43.278449586141605 
43.278449264870886 
43.27843385704324 
43.27844291537591 
43.2784496164542 
43.27844336280744 
43.27843436338451 
43.278449501598566 
43.278449613043776 
43.278449385390516 
43.27844912433699 
43.27840904610856 
43.278449139320124 
43.27844927747336 
43.278449662701256 
43.278449667252715 
43.27843034181829 
43.276724960825014 
43.27840045423243 
43.278449667252715 
43.27844953487682 
43.27413929112385 
43.27842533737849 
43.278418982523185 
43.27844932113529 
43.278443432488935 
43.27844938975456 
43.27844941954735 
43.2784214499386 
43.27843694330556 
43.278425179609606 
43.27843650709746 
43.2784432350475 
43.2784496395258 
43.27841869483537 
43.27844914575165 
43.27844342512026 
43.27841852844864 
43.276722436532566 
43.278449582330374 
43.27844965522199 
43.27844897671271 
43.27844948866885 
43.27844927689838 
43.27843728334002 
43.278421770378166 
43.27844317425841 
43.278449153879336 
