43.07072804834465 
43.06887616053492 
43.07069522317409 
43.06896002952107 
43.070721918528406 
43.07070808685202 
43.070714830816556 
43.07071147415768 
43.07072171154521 
43.0706734208052 
43.06718979215297 
43.070728394642806 
42.79510063051051 
43.06718330441069 
43.06091833907349 
42.48487030015186 
42.79937972620123 
43.07060574361167 
43.07068906118174 
43.06890155865225 
43.0707210905578 
43.068869455381865 
43.070728361868355 
43.07067903650911 
43.07066622014141 
43.07072168732993 
43.06894048568639 
43.06892734400875 
43.07071503054837 
43.06896659010274 
43.0654166285993 
43.070728281197965 
43.070702399509685 
43.06184399824462 
43.07067023391534 
43.07069617617818 
43.0706953871382 
43.06895316732645 
43.065398000175186 
43.070727772665975 
43.070728440938325 
43.07070864941036 
43.06893666776413 
43.070717891833134 
43.07071118757593 
42.48486037471707 
43.07067979823076 
43.06714790822567 
43.07069171239908 
43.07071126316471 
43.07072167534987 
43.06716741984775 
43.06890901646443 
43.06894061072074 
43.07072846839336 
43.067147752386475 
43.07071472785341 
42.06801979161018 
43.066304260485225 
43.07072819926386 
43.07072828973101 
43.07069206625737 
43.06896693631768 
43.070721569965805 
43.070714573985704 
43.068933669070056 
43.07066990143218 
42.80359243492754 
43.07072148073072 
43.06894727153299 
43.06892457506543 
43.070685398798545 
43.06896676770891 
43.07072202105019 
43.07072138291568 
43.07072166827494 
43.070708206071764 
43.070728405596775 
42.805724548093174 
42.80678992584784 
43.070708453406084 
43.0707281063536 
42.484845384442835 
42.483543420172495 
43.07072177038664 
43.07071521271713 
42.80572077183398 
43.07070850747329 
43.07072779783472 
43.068866125687414 
43.068966148038186 
42.06976985966454 
43.07072162622717 
42.48354344133936 
43.07072157078319 
43.068920755350874 
42.48353420932625 
43.06892374263251 
43.06364298979118 
42.48485115246044 
