43.06895951775608 
43.065430279931796 
43.07072844600662 
42.80255539478123 
43.07069861098815 
43.070715445488815 
43.07072133861328 
43.07070530621856 
42.79935650494473 
43.068946192161455 
43.07069220451882 
43.07068504869287 
42.79406207467365 
43.07072839131658 
43.07069612603433 
43.068921164601754 
42.48351449363749 
43.07064444859408 
42.48354297029849 
43.07072103491344 
42.068000906833845 
43.068966247049616 
43.07069892013234 
42.0698215195601 
43.05920069525002 
42.80467042004871 
43.06889888965341 
42.80147530856802 
43.0707284381362 
43.070718557090984 
43.070714728485584 
42.80359526061268 
43.070714210140245 
43.07066364087552 
43.06895049295466 
43.070679633595844 
43.070727634153066 
43.070727634153066 
43.07071481247315 
43.06889558882328 
43.068966606845535 
42.796111308000896 
43.07072793706459 
42.797245395319734 
42.80255543677651 
43.07064149247942 
43.07070858946334 
43.07072159205016 
43.06894996972017 
43.06718288275474 
43.07071494993471 
43.07072081798385 
42.06805843417989 
43.070702006456024 
43.06895365809617 
42.06980829044427 
43.07072190893572 
43.06894013916192 
43.07066610729108 
43.070702339302066 
43.070705514776904 
43.07070895303785 
42.48352473261461 
43.07072763760283 
43.07072113894247 
43.0689403231664 
43.058367759049666 
43.07068536031249 
43.07067510873751 
43.07072175188512 
43.07064758743722 
43.070693062109875 
43.070692471591855 
43.07072829156224 
43.07068579275879 
43.06719283003544 
43.070686055791555 
43.07072806397602 
43.06541679840579 
42.8067667179969 
43.068914275475414 
42.80672801229479 
43.07066990143218 
43.068960161934534 
43.068934434095816 
40.48488515281835 
42.806809404436 
43.07071421994616 
43.068939938465746 
43.06451770921803 
43.07072168851916 
42.80467455092015 
42.805743936696715 
43.06710585212895 
43.0707283857398 
43.07072188515927 
43.070721897861134 
43.07072846391726 
43.07072767021504 
42.804689292235736 
