34.868378334022466 
34.86196134876499 
34.868044562101815 
34.86278729240743 
34.86832622818585 
34.86816899551378 
34.868242274391264 
34.86820632757582 
34.868319454413985 
34.86784628437474 
34.85717284274176 
34.86839073861091 
34.56523226182069 
34.857106732334884 
34.83675940511198 
34.28050441305887 
34.57901097887455 
34.86718126501929 
34.86798944133505 
34.862203391567604 
34.86829987477118 
34.861890716316786 
34.868388408788455 
34.86788362147523 
34.8677591598106 
34.86831867028576 
34.86259109463852 
34.862456442265106 
34.86824836680764 
34.86285401139767 
34.8515105572442 
34.868386790008124 
34.86813014164163 
34.83998791034349 
34.86781585385504 
34.86807298141176 
34.86804953065598 
34.86271084104769 
34.851342997037946 
34.86837106444148 
34.86839210577565 
34.86818607251716 
34.86254037746659 
34.86826833246511 
34.868198045349764 
34.280401584879435 
34.86790599866349 
34.85676039127937 
34.868003082035415 
34.86819992127714 
34.86831754575148 
34.856956541097105 
34.8622985039098 
34.862593157756095 
34.868393193913114 
34.856755434423285 
34.868239308380105 
33.85942471041741 
34.854367603785114 
34.86838431132771 
34.86838610352548 
34.86801471075647 
34.86286566992176 
34.868315098738684 
34.86823454160641 
34.862515976020134 
34.86780473731223 
34.59214142527697 
34.86831193258915 
34.86266483600526 
34.86243870877055 
34.86794488999915 
34.862858777281275 
34.86832989409814 
34.868309447707986 
34.86831837086698 
34.86817349024435 
34.86839102186922 
34.59894909998047 
34.60235549253825 
34.868181069607346 
34.8683815428511 
34.28024568413457 
34.27629724435006 
34.868321257180476 
34.86825355538145 
34.598912928985484 
34.86818316881932 
34.86837194118328 
34.86185532262317 
34.862840061817586 
33.86484572419491 
34.86831665490038 
34.27629699999753 
34.868314432554314 
34.86238781288929 
34.276215158704815 
34.862412660476416 
34.84588051849707 
34.280321205323666 
