43.0707276841192 
43.0663070469712 
43.070728422294465 
42.48485532185595 
43.070688939442434 
43.07072191634907 
43.07072769185532 
43.07069546870076 
42.80044500779073 
43.067185607927954 
43.07070484596452 
43.07069169866575 
42.48487501645098 
43.064553571161206 
43.06895367993882 
43.068888999049655 
42.48353402854386 
43.07063482494741 
43.0574436131074 
43.07072760507948 
42.48214350442551 
42.80680147994438 
42.069796256461366 
43.07068241508729 
42.800449984541366 
42.80570897224183 
43.06891191880229 
42.80146372875938 
43.070728440134374 
43.07072825387535 
43.07069872390919 
42.48350911885213 
43.06894985771464 
43.07068284775046 
43.07070543402637 
43.07070200593098 
43.07072763819752 
43.07072763819752 
42.8067781814585 
42.80361189801477 
43.070728222324476 
42.05915465315732 
43.070728171586424 
43.060083861675565 
42.48483619220844 
43.06885738685487 
43.070676617882754 
42.484885238260055 
43.07072759713706 
43.07072756559382 
43.07072775450404 
43.07070809707526 
42.800422174507105 
43.067167381795635 
43.07071186522446 
42.48351926083464 
43.07072200553541 
43.068943296239425 
43.06714738174475 
43.070702271718154 
43.068908594532445 
42.80680557965692 
43.06891805245143 
43.070727825309454 
43.068927657760156 
43.07067274219828 
42.8004339103482 
43.070701533727366 
43.068923889647756 
43.07071852816886 
43.065378827935085 
42.806771049193436 
43.0707119818866 
43.070728070413445 
42.4848605983525 
43.070698660444606 
43.07067020340956 
43.070728087888234 
43.070720378604605 
43.070705376766135 
43.070653584678034 
42.802505615260664 
43.07066686725525 
43.06895377642447 
43.068956973752115 
40.484884874743386 
43.07072150375334 
43.07072706102467 
43.07070182089543 
43.0636464795416 
43.07071534512875 
43.07066689827693 
42.48487536449381 
42.80671192542511 
43.07072836287689 
43.07072805085803 
43.07072823080599 
42.48488542753179 
43.068966360235 
43.067994426983766 
