43.07072821251663 
43.068859927638535 
43.06803293403351 
43.06895346630053 
43.070721942953575 
43.06805879233089 
43.07072763487348 
43.068917676707656 
42.805756095443606 
43.070660497724056 
43.070721373737776 
43.07072837033753 
42.79511249816724 
43.068924370016425 
43.068895041268185 
42.4848411640784 
43.05659094371983 
43.0706087665723 
43.07070209828617 
42.80151460071149 
43.070714594280766 
43.068898241098715 
43.07072839920714 
43.07070443331549 
43.07070138548309 
43.070728171072005 
43.06629747618774 
43.06890808019888 
43.07071490022676 
42.806813331550764 
43.068927073287746 
43.070728188979224 
43.0707216049588 
43.06362680012635 
43.06888941604568 
43.07072178057918 
43.06895300964975 
43.068045734942714 
43.067192747156824 
43.070721372212155 
43.07072840592707 
43.07072158599189 
43.068940146984254 
43.0689530974643 
43.06893715564066 
43.05833188457983 
43.070689236813415 
43.06892454924429 
42.80572806948589 
43.070691992578354 
43.0707281949497 
43.067173730804456 
43.07071559635562 
43.07071507411556 
43.0707284683854 
43.070660047270906 
43.070692370762444 
42.47819607822879 
43.0680690933971 
43.07072825825525 
43.07072832694549 
43.068943730831094 
43.0707284454024 
43.06895346630053 
43.068959519070276 
43.068953158350716 
43.07066686725525 
43.06889879475059 
43.0706894392818 
43.06895034777749 
43.06893719141734 
43.0707014969715 
43.068954021246356 
43.070721997337614 
43.06718322174758 
43.07071520538152 
43.070692083374176 
43.070728441058264 
42.48486052353116 
42.80680138554944 
43.070721284728805 
43.07070892565255 
42.80462778435614 
42.0698083867423 
43.07070579227891 
43.0707217928864 
43.068933813758704 
43.07072779445414 
43.0707279621351 
42.806708523021314 
43.070727813208734 
42.05567250161966 
42.80574420913384 
42.798316998542205 
43.070708885899805 
43.07068887502133 
42.80041885814076 
43.07070795476442 
43.07069248906301 
42.48088693483704 
