43.27844875392955 
43.278442995508755 
43.278415952555356 
43.278449448625054 
43.276713315087456 
43.278406875073195 
43.27673739680722 
43.27843414151094 
43.278449512727875 
43.27844936901346 
43.27844902839361 
43.27844965954925 
43.27673771787437 
43.278430825900955 
43.27844887066787 
43.278442938443426 
43.278449652600884 
43.27844925373914 
43.27843709457329 
43.27673771787437 
43.27844960597115 
43.278443233421655 
43.278449386720474 
43.2784495873646 
43.278449548148394 
43.278449417960054 
43.27672876323245 
43.27840308837748 
43.27843385743919 
43.27844922413729 
43.27844966220713 
43.27844966725259 
43.2784150404198 
43.27843654016966 
43.27840360435937 
43.27844966725259 
43.278449567291524 
43.008355337606034 
43.27844356568365 
43.27841595152856 
43.27844926805562 
43.27843748590971 
43.27844942246879 
43.27844936684956 
43.278436519354265 
43.275018270314206 
43.2784433663174 
43.278427421113506 
43.27844944045343 
43.27844954384561 
43.27843667695492 
43.278442780809385 
43.278437349505744 
43.27843062910026 
43.27502131302688 
43.278449486991356 
43.2784496546873 
43.27844886051409 
43.27844952104879 
43.278449383943865 
43.278443327965135 
43.27840981147644 
43.27844946360184 
43.278449240338425 
