43.278449612397665 
43.27844313664989 
43.27844957439472 
43.27666485968428 
43.278400320351494 
43.27843091769442 
43.27501551164515 
43.27844937604161 
43.278449659316394 
43.27673184240879 
43.278449645593426 
43.278449664900855 
43.27844961451545 
43.27844953396012 
43.2784495412237 
43.276734899539875 
43.27843724813908 
43.27844942297751 
43.276716446389074 
43.2784314021773 
43.27844026380809 
43.27840345568307 
43.278449568395246 
43.27844938986897 
43.278449667252715 
43.278449385390516 
43.27842780361074 
43.27844964677409 
43.278442686879394 
43.27844966630288 
43.27844960916912 
43.27844932113529 
43.27671038870348 
43.278449667252715 
43.27844937679915 
43.27843738419282 
43.27844963379123 
43.27844917271334 
43.276731943612525 
43.27844966660796 
43.27668953780765 
43.27841581230246 
43.014559644377485 
43.27844965981591 
43.27328753179914 
43.278449221347564 
43.27844036646448 
43.27844911073843 
43.278430612525284 
43.27843712796881 
43.278449385390516 
43.27844947072924 
43.278449667252715 
43.27497295457996 
43.278449667252715 
43.27844939811619 
43.27844903235319 
43.278449667252715 
43.27839449735597 
43.27844948874485 
43.27844019057252 
43.27844255681553 
43.278443594060455 
43.278449459945165 
43.27844954740546 
43.278449146378435 
43.278421502285404 
43.278449655102314 
43.27844321783168 
43.278449209336706 
43.27844913407765 
43.27499078793097 
43.27844966660796 
43.27844948148046 
43.27842436643199 
43.278428313366234 
43.27844966683474 
43.27844966656928 
43.276737847752074 
43.27844965544931 
43.278443080696675 
43.27844935111997 
43.27843708094528 
43.27844291537591 
43.2784433028872 
43.278449591800175 
43.27668881623629 
43.27843106092994 
43.27844345239928 
43.27844964472068 
43.27844920892873 
43.27844912433699 
43.27844966000375 
43.278449667252715 
43.27844966630288 
43.27841842151554 
43.27844940420531 
43.278449566495304 
43.27844965552003 
43.01452654800113 
