48.23364651895248 
47.80037127968847 
47.497833762422026 
47.54241365613722 
47.82871302060081 
48.25252226447878 
47.77066598701303 
47.4938805527636 
47.464293001715404 
47.18190798951187 
47.75395231807144 
47.73907390712205 
48.046358126740955 
48.05197812828648 
48.007171092200075 
47.132845099481656 
48.04744302037005 
47.38960947956428 
47.69575893654265 
47.80787885192283 
47.742216181452 
47.16561190539911 
47.56335582288589 
47.2160053530292 
47.45592260775171 
47.24301717287739 
47.155710295112904 
47.43634897633918 
47.46367628357219 
47.1803687523312 
47.83116037503672 
48.01398327277006 
47.78876388448392 
47.74590046097837 
46.75858083557449 
46.85883812103767 
46.85522595868729 
47.26255231554219 
47.98385869622845 
47.53353717318556 
47.19468843860773 
47.52860491553349 
47.75908329935471 
46.778785279137736 
47.7849428946032 
47.790759781979325 
47.76826038798736 
48.017315973265084 
47.79152131226742 
47.760780666448525 
48.031140996070675 
47.740116352248855 
46.69999999743808 
47.12785541733918 
47.7052071947626 
47.82651100951295 
48.255743362045266 
47.5214907303809 
47.53532134908981 
47.5441298507627 
47.76738882725182 
46.766563463232366 
47.149387836423564 
47.47398727804599 
47.56886385084212 
47.533790192049366 
48.23364651895248 
47.79175596182182 
47.72188310734421 
47.20808597265534 
47.200837989156646 
47.486301386983726 
47.538033808154516 
48.04497903657215 
47.125461595635436 
47.46240711446471 
47.779603124628764 
47.835139620266155 
47.9855672316669 
46.71626386292324 
47.51260248501201 
47.41942097610599 
47.06513934167841 
47.954669034649854 
47.79249752139337 
47.15624248968961 
47.78352641396175 
47.451694706382156 
48.03097006339797 
47.452816125258984 
48.02491602642365 
47.2295709452284 
47.41550231937807 
46.1973056698817 
47.73596741748537 
48.04582621728565 
47.818759366706985 
47.20371552168337 
47.46335757518141 
47.52826056713515 
