59.966885415448786 
59.96624220393676 
59.967581378304416 
59.97090348337507 
59.967075396491076 
59.53437873163663 
59.96111844661164 
59.9616819190789 
59.96705762237597 
59.9501576697204 
59.75414989212865 
59.96837081370062 
59.960871593473826 
59.76645582600772 
59.96347356352627 
59.95667502956074 
59.931483101846226 
59.77083216334515 
59.965769752995136 
59.96976950108789 
59.9718832124447 
59.971325388974556 
59.96277650947038 
59.96644444815479 
59.962755649829944 
59.9612117649499 
59.77738720921194 
59.53077021851235 
59.94902823780792 
59.95809442109726 
59.95955823798728 
59.76646900938714 
59.96470693165165 
59.960491608731516 
59.96411175528948 
59.96290045506051 
59.971653628504335 
59.96577977599994 
59.959706377257426 
59.95078575945827 
59.77486465491054 
59.96439286314444 
59.96831781622711 
59.941433242449435 
59.95940102638493 
59.77790752123133 
59.96643447200898 
59.96286576979107 
59.97162925776047 
59.9590433095779 
59.94401646928026 
59.97173508439568 
59.764148187896716 
59.971168054794596 
59.954703007021536 
59.966735499064 
59.97169865918943 
59.966467996023205 
59.967813412960496 
59.964569133687384 
59.96039527427173 
59.96830310213836 
59.76672928467584 
59.968419997294816 
59.96207971132905 
59.96834832162117 
59.75918512257171 
59.96837081370062 
59.960871593473826 
59.76645582600772 
59.96347356352627 
59.95667502956074 
59.9636584282492 
59.539543239710106 
59.955098322656276 
59.97115773198364 
59.756239550875236 
59.53307654730293 
59.96233364130938 
59.97112384478101 
59.96782573768462 
59.770662546669385 
59.77128518682058 
59.775082319948474 
59.964782086650445 
59.77831054703691 
59.9711709835391 
59.767284763275256 
59.95403424658204 
59.964736457319326 
59.97114191954398 
59.971523656455524 
59.97151335764085 
59.95490410101248 
59.96669993102051 
59.96288920550872 
59.9715492477039 
59.52312958216782 
59.97164129299641 
59.9641767669434 
