59.68053662143729 
59.65820138275107 
59.68053662143729 
59.680553432434124 
59.680553432434124 
59.672649511177944 
59.67856421394054 
59.68054625064959 
59.68053943137513 
59.68121920193136 
59.68053662143729 
59.68121920193136 
59.679870536797814 
59.679847088701656 
59.67988016829391 
59.68053662143729 
59.68052999766742 
59.68121920193136 
59.68054625064959 
59.68053662143729 
59.68121920193136 
59.68121920193136 
59.6805202784563 
59.68053662143729 
59.679870536797814 
59.6805202784563 
59.657914780634265 
59.6805202784563 
59.68121920193136 
59.68054625064959 
59.68121920193136 
59.68121920193136 
59.67986616286245 
59.6805202784563 
59.68121920193136 
59.68052999766742 
59.68052999766742 
59.680553432434124 
59.68121920193136 
59.68054625064959 
59.68121920193136 
59.68052999766742 
59.68053662143729 
59.680553432434124 
59.67988016829391 
59.68121920193136 
59.68053943137513 
59.6805202784563 
59.68052999766742 
59.679870536797814 
59.679870536797814 
59.680553432434124 
59.65751067671751 
59.679847088701656 
59.68054625064959 
59.67985652911006 
59.68121920193136 
59.68121920193136 
59.6805202784563 
59.6805202784563 
59.65859107726572 
59.679847088701656 
59.68053662143729 
59.67984017596604 
59.6805202784563 
59.68052999766742 
59.67984017596604 
59.680553432434124 
59.68052999766742 
59.68121920193136 
59.66081687108028 
59.67988016829391 
59.68052999766742 
59.68052999766742 
59.68052999766742 
59.68054625064959 
59.68053662143729 
59.68121920193136 
59.67988016829391 
59.68052999766742 
59.68053662143729 
59.67988016829391 
59.680553432434124 
59.6805202784563 
59.68054625064959 
59.67984017596604 
59.68052999766742 
59.6805202784563 
59.67988016829391 
59.68052999766742 
59.68054625064959 
59.6805202784563 
59.6805202784563 
59.679870536797814 
59.68121920193136 
59.68053943137513 
59.679847088701656 
59.68121920193136 
59.68054625064959 
59.680553432434124 
