52.96303550853829 
52.96052420476708 
52.96058763684211 
52.96303550853829 
52.96301538267991 
52.96063191421392 
52.96292832621176 
52.96292832621176 
52.96292832621176 
52.96526391165269 
52.96292832621176 
52.9606747834708 
52.9606848048558 
52.96052420476708 
52.96301538267991 
52.96063282844501 
52.96063282844501 
52.96292832621176 
52.96526391165269 
52.96526391165269 
52.962927011650756 
52.92992816925144 
52.936386212257176 
52.96526391165269 
52.96284683470618 
52.218453813599226 
52.929159090550826 
52.8909459413103 
52.963024076921 
52.92373863361451 
52.95035120927205 
52.962927011650756 
52.9606747834708 
52.962864996965536 
52.96040688151009 
52.96303550853829 
52.96526391165269 
52.6982235782144 
52.96292832621176 
52.9606214318241 
52.96292832621176 
52.96044354774999 
52.96303550853829 
52.96063282844501 
52.96292832621176 
52.96301538267991 
52.96301538267991 
52.932541816671396 
52.96301538267991 
52.96526391165269 
52.96301538267991 
52.92727326829575 
52.962864996965536 
52.96526391165269 
52.93269737610637 
52.96292832621176 
52.92906997263419 
52.96526391165269 
52.96025570071743 
52.96063282844501 
52.96301538267991 
52.96301538267991 
52.95803889978193 
52.96526391165269 
52.96303550853829 
52.9606848048558 
52.963024076921 
52.96301538267991 
52.96526391165269 
52.928540105117776 
52.96292832621176 
52.962658954468 
52.963024076921 
52.96040688151009 
52.962864996965536 
52.96526391165269 
52.96058763684211 
52.96301538267991 
52.96303550853829 
52.96058763684211 
52.96526391165269 
52.96301538267991 
52.96292832621176 
52.958131590876434 
52.96303550853829 
52.96301538267991 
52.96526391165269 
52.962864996965536 
52.962864996965536 
52.962927011650756 
52.92992816925144 
52.932541816671396 
52.92992816925144 
52.936386212257176 
52.96301538267991 
52.96526391165269 
52.932541816671396 
52.963024076921 
52.96526391165269 
52.932541816671396 
