48.03973333692321 
47.81910518632285 
47.503284435319095 
48.044374913670744 
47.83891826339017 
48.267692253922775 
48.00639326963307 
47.96719662390334 
47.7504836348972 
47.208820588974326 
47.77277200260696 
47.96547258802077 
48.23994861319023 
48.229819385470904 
48.01692374618202 
47.153513349126065 
48.25679870263296 
47.39854237469101 
47.16559460946148 
47.81185621340523 
47.472934179920664 
46.83636757450718 
47.77546129390856 
46.810780135028 
47.43856973340864 
47.23743797702622 
47.82624195953599 
47.09577794226396 
46.776733865630426 
47.1879734280821 
47.811572014665664 
47.77190506464329 
47.51464368913902 
47.49944231573528 
46.84677827729393 
46.85973425843643 
46.826590477067654 
47.58598277451384 
47.777241000783924 
47.54702652775997 
47.5154553190604 
47.801287219184374 
47.759935638056014 
47.526138161654735 
47.79933695258492 
47.76364594760206 
47.51922599201275 
47.787287330420234 
48.03942176678881 
47.752955431421924 
47.97783173226312 
47.738803013076016 
46.74999479385258 
46.775096899423595 
47.41826830260835 
48.06133400506057 
48.080484011492324 
47.99788062224711 
47.50416608916657 
47.9954458679286 
47.545741413944356 
46.741868188897385 
46.82411363225292 
46.7477007776332 
47.57013304787628 
47.98954838897876 
48.03973333692321 
47.81915639428924 
47.968509091374486 
47.57029711335898 
47.78518618104018 
47.50017130250661 
47.52106464171044 
48.041048040041126 
47.71095370785145 
48.00343502500956 
46.77651483196299 
47.82961754903567 
48.187280564752356 
0.0 
47.749848944729386 
46.71083391358072 
47.0888329393173 
47.073231553178736 
47.76671769728206 
47.4610146166777 
47.77713231076852 
47.1340760175675 
47.83655712257394 
47.72868943026509 
48.02649447394573 
47.20783495864072 
47.40228402487025 
47.741863809917625 
47.93921069348797 
48.05322301325291 
47.78804266803026 
47.207014015411325 
47.123373007118005 
47.56139322383055 
