59.971447384771366 
59.54627158719713 
59.96392472309476 
59.964088324817176 
59.75534211986064 
59.97123495333659 
59.97013058171258 
59.54211043317976 
59.96552288878101 
59.971236033432675 
59.937600442221644 
59.971532020457474 
59.7592625329293 
59.97133342958951 
59.96792010508133 
59.971294281242635 
59.960973766216625 
59.96715665048145 
59.963636743780505 
59.775248841091795 
59.96262095201023 
59.76997544303325 
59.957535395088776 
59.96684406350329 
59.766079931790195 
59.967549182425394 
59.96368608414477 
59.96140986471474 
59.77206562734804 
59.95638540998956 
59.96541968517328 
59.95246796726862 
59.97130441005682 
59.965297748669265 
59.96877700719278 
59.76637403512023 
59.7730463843338 
59.96360808174906 
59.76935714741635 
59.77133653119208 
59.76522516981868 
59.96479195131996 
59.77317929135691 
59.97147621355372 
59.97140893201348 
59.97129092055387 
59.773236280943145 
59.96023847723757 
59.969952208896835 
59.778231839410196 
59.74655820723535 
59.9670653555212 
59.963819006950246 
59.96789067000519 
59.545698960828695 
59.96493464910774 
59.97127698453806 
59.9656552416809 
59.77396715260189 
59.97127847019753 
59.95754701949592 
59.966866275781584 
59.96362441653024 
59.96383607218431 
59.964443851897705 
59.955822233365055 
59.9712145984121 
59.9597854443844 
59.965065637761775 
59.97134543262577 
59.971656910457604 
59.95830067370342 
59.96476565271252 
59.778271615578184 
59.97121911746997 
59.960010331926405 
59.971043089372024 
59.7648287516393 
59.971078662826066 
59.75799144656407 
59.75036601173348 
59.96288603936216 
59.97146455943824 
59.54384989357689 
59.775248841091795 
59.96262095201023 
59.76997544303325 
59.76973981823152 
59.94501954485405 
59.96595386338518 
59.77250999628669 
59.97150553771784 
59.97107022578987 
59.970936947133076 
59.77319610374317 
59.97141987305027 
59.966085162913444 
59.77819433263297 
59.97133342958951 
59.96792010508133 
