47.8193460482935 
47.76824442286146 
48.0275747900085 
47.51446136483951 
46.8474534982969 
47.07814977164643 
48.009789002408546 
47.47499993770697 
46.71876629835784 
46.204582338804755 
46.77420279392916 
0.0 
45.057620343478035 
46.75935251042834 
47.77244923884946 
47.98192549869002 
47.78609021129898 
47.09455382239743 
47.101814946507716 
47.17119278941085 
46.70967771185229 
47.72814557594473 
46.70161949032121 
47.5269931824581 
47.98641532174441 
47.07938366120494 
46.8648749879855 
47.081133033963624 
47.200558397434094 
46.76049771374776 
47.00779245540246 
48.03892009875975 
46.75063151128736 
47.80050079551519 
47.70312912230144 
47.49278025072619 
47.539151189219616 
47.117897894534195 
47.17219457212311 
46.795128187309935 
47.46338153884025 
47.097479377031306 
48.039245640742244 
47.46189107650088 
47.83852499769606 
47.55985988355821 
47.51666319730178 
47.706834796742555 
45.003512027490224 
47.51568595952208 
47.20403754697388 
46.77771316670206 
47.7675419581666 
46.13403858545737 
47.094265962882766 
47.731277798962594 
46.20987134504075 
47.11792978202969 
47.714139803110704 
48.15437494321674 
48.01428572196271 
47.79509439655594 
47.73085605834755 
46.80061709480952 
47.4544521282518 
47.14393118652838 
47.515507059541484 
47.75050674270745 
47.42269553934711 
46.74127664521804 
0.0 
47.487092373611134 
47.130086738220655 
48.26770141307601 
46.683533501370874 
46.74610222262277 
47.81692915861422 
46.763219426206206 
47.093802156517896 
47.92601701028046 
46.06217103646556 
47.96589526806201 
46.751982809373494 
47.18417401354976 
47.737751091072404 
46.06000421652978 
47.19772372675787 
47.72056162487455 
47.759230615297106 
47.09893178457005 
47.48024513422114 
47.21207655656797 
47.17573742372916 
46.213777290767844 
47.53316805163489 
47.79628306821931 
47.20032327032809 
47.80019730229934 
47.01948103168457 
47.75957774163346 
