59.68062637343999 
59.680021341942485 
59.68064935029413 
59.46415331958872 
59.46409705350672 
58.208825115344354 
58.946754239326246 
59.68062080866417 
59.68062080866417 
59.48298720436514 
58.669618850108236 
59.68124906285516 
59.68064429436206 
59.68064429436206 
59.68064935029413 
59.67930868964531 
59.68064671073442 
59.680641906580696 
59.68064935029413 
58.22890831993051 
59.679997847966966 
59.678024936554486 
59.679919333551084 
59.680604194577285 
59.46800346764186 
59.68124906285516 
59.67870552463889 
59.67998675299813 
59.68124906285516 
59.68064671073442 
59.680021341942485 
59.68062080866417 
59.68060971848501 
59.680021341942485 
59.66026849250424 
59.68064671073442 
59.68062080866417 
59.68062637343999 
59.68064429436206 
59.68062080866417 
59.68064671073442 
59.68062080866417 
59.68124906285516 
59.66224291137289 
59.68064429436206 
59.660900029049195 
59.68124906285516 
59.68002690679762 
59.680641906580696 
59.68062080866417 
59.66883282291514 
59.68064429436206 
59.678432010160364 
59.68064671073442 
59.68124906285516 
59.68124906285516 
59.68124906285516 
59.67927319065538 
59.67349978247639 
59.68064429436206 
59.68064429436206 
59.67998675299813 
59.678024936554486 
59.68060971848501 
59.66224291137289 
59.68064671073442 
59.68064671073442 
59.66688595137341 
59.68124906285516 
59.68064935029413 
59.661595086609815 
59.68064429436206 
59.68064935029413 
59.67998675299813 
59.68064429436206 
59.66873779230487 
59.68064935029413 
59.68060971848501 
59.680625244584746 
59.679919333551084 
59.679997847966966 
59.68064429436206 
59.67931993433738 
59.43409908999295 
59.64782042057275 
59.67793706054867 
59.674785583202976 
59.68060971848501 
59.66398598242403 
59.68062080866417 
59.68064935029413 
59.68064671073442 
59.65964184404392 
59.68062080866417 
59.68064935029413 
59.68062837719698 
59.68062637343999 
59.68064429436206 
59.68062637343999 
59.67998675299813 
