52.00054890791294 
52.21481874859415 
52.207571462261136 
51.70386918982431 
51.93556630635816 
51.32567409005428 
52.00596403362214 
51.36374553410776 
50.92870859517242 
50.963688559924165 
51.68787203517488 
50.268422373996195 
49.33308082983867 
51.36523553560793 
52.18004177458516 
51.952810185745335 
51.975520769945014 
50.906365487497396 
51.30650491951181 
50.98254112859844 
52.160956635962776 
51.67290679202827 
51.67662459640837 
51.38728780561797 
52.16903615488274 
51.9130242268875 
51.00831217411888 
51.323294443136334 
51.97700231356795 
51.73134619692579 
51.60263474686767 
52.227088080912516 
50.385469785232836 
51.98125382199428 
51.93631374835002 
51.392718477656935 
51.973391202401785 
51.70916023588482 
51.00185259446613 
51.38374483378463 
51.95489374609231 
51.93364584734109 
52.2183670316625 
51.95893271651051 
52.22646062620774 
51.73358257398826 
52.18208215759275 
52.163999477351354 
50.30800488812221 
51.99564541388669 
51.69932218853819 
50.40578930248234 
51.726603823656795 
0.0 
51.30784449882829 
51.94079157135539 
50.375357631430134 
51.68252951213564 
51.68468472813583 
52.18827699006371 
52.40707947160601 
52.22080741517627 
51.94234107522785 
51.39734468939992 
51.371457422486245 
51.703212617819574 
52.40643851038768 
51.955217267591 
51.3557761243256 
50.936277284341465 
0.0 
51.71280675295487 
50.94297495520629 
52.24096983872763 
51.67005520614928 
51.65379054409049 
52.21722161566984 
51.33435776594671 
51.336206296631495 
51.92028166862673 
50.26926389228121 
52.1605251038078 
51.68840861896574 
52.16230198949362 
51.69426233645285 
50.854879515400796 
51.36531087016995 
52.346893354192076 
51.36700815186814 
51.91183936979927 
51.684259022151004 
51.69722152373769 
51.70377109461494 
50.40334521776106 
51.74529515146476 
51.99922164077635 
51.949054385671936 
51.99563150415449 
51.59555867018868 
51.98804345871846 
