59.6805202784563 
59.67985652911006 
59.679870536797814 
59.6805202784563 
59.68052999766742 
59.6798636893162 
59.680553432434124 
59.680553432434124 
59.680553432434124 
59.68121920193136 
59.680553432434124 
59.679847088701656 
59.67988016829391 
59.67985652911006 
59.68052999766742 
59.67984017596604 
59.67984017596604 
59.680553432434124 
59.68121920193136 
59.68121920193136 
59.68053662143729 
59.66081687108028 
59.65886915158536 
59.68121920193136 
59.68053943137513 
58.961473334678736 
59.65656863205035 
59.641514447407395 
59.68054625064959 
59.659193560938725 
59.67272610523928 
59.68053662143729 
59.679847088701656 
59.68053943137513 
59.679225137515445 
59.6805202784563 
59.68121920193136 
59.644170487770054 
59.680553432434124 
59.67986616286245 
59.680553432434124 
59.67922096802181 
59.6805202784563 
59.67984017596604 
59.680553432434124 
59.68052999766742 
59.68052999766742 
59.65820138275107 
59.68052999766742 
59.68121920193136 
59.68052999766742 
59.6601696223629 
59.68053943137513 
59.68121920193136 
59.658855766456774 
59.680553432434124 
59.657914780634265 
59.68121920193136 
59.67921318761339 
59.67984017596604 
59.68052999766742 
59.68052999766742 
59.675938377681625 
59.68121920193136 
59.6805202784563 
59.67988016829391 
59.68054625064959 
59.67922825259072 
59.68121920193136 
59.66349842315722 
59.680553432434124 
59.6798935832107 
59.68054625064959 
59.679225137515445 
59.68053943137513 
59.68121920193136 
59.679870536797814 
59.68052999766742 
59.6805202784563 
59.679870536797814 
59.68121920193136 
59.68052999766742 
59.680553432434124 
59.67657338621903 
59.6805202784563 
59.68052999766742 
59.68121920193136 
59.68053943137513 
59.68053943137513 
59.68053662143729 
59.66081687108028 
59.65820138275107 
59.66081687108028 
59.65886915158536 
59.68052999766742 
59.68121920193136 
59.65820138275107 
59.68054625064959 
59.68121920193136 
59.65820138275107 
