48.030255884728426 
47.06329322013205 
47.53850005059256 
46.86343311002838 
47.793755643347914 
47.94054327312917 
47.5253846253579 
47.49823619571957 
47.517191194604884 
47.533596062525646 
45.06925905054843 
48.20843300665109 
47.3313487503946 
47.08676918240337 
47.21649607333439 
47.063912828309256 
47.216662094601894 
46.860825166054795 
47.976780375051206 
46.04521136123084 
47.83410002179376 
47.47953680291094 
47.573153608199824 
47.470702515838234 
47.528562373176946 
48.031211252938554 
47.52256612070279 
47.56080108424235 
48.03409218013389 
47.11477236321366 
48.238658090753766 
47.44564143553347 
47.26515736152062 
47.69841482885559 
46.67720164757745 
46.72699879477341 
47.18633046835403 
47.97611593702025 
47.5418393223295 
45.10647116337741 
47.80641623340731 
47.78279981157727 
47.84628183801856 
47.58462334757224 
47.500423833738544 
47.78924131987863 
46.144920555686 
47.983516143467924 
48.00122131384237 
46.144920555686 
48.19317423171244 
46.273954188470945 
48.025329818622346 
47.47860161020511 
47.50497729946859 
47.81144164968389 
47.7635507998997 
47.80867579934572 
48.05596352401573 
47.50697315287347 
47.76892338929319 
47.49745004909055 
48.227507692373905 
48.01692842654891 
48.184491872312044 
47.360203405095014 
48.05383075671925 
47.756052416514045 
47.69056064864822 
46.235948484532976 
47.23291186610676 
47.581451733958154 
47.82932577234013 
47.761888805621325 
47.39465810640321 
47.49909767876019 
47.992937194306315 
48.047982456518426 
48.0190692156557 
47.2336499268905 
47.816192171816446 
47.43437956868954 
47.46027224589345 
45.295583374120746 
47.75296525034833 
47.206023709589424 
47.804875567680874 
47.82514944804093 
47.209457226109286 
48.00639326963307 
47.813252505183705 
47.81257185453619 
47.77723678363743 
47.20510119815106 
46.72075450829796 
46.67301347976693 
48.018130143542336 
47.40809515446806 
48.05167559284994 
46.15997459449162 
