51.992641949965986 
51.974750411972764 
52.20371777851704 
51.7024420379559 
51.955920605748844 
51.62389761292782 
52.214276652612064 
51.689318799767605 
50.94222385229552 
50.93006568720663 
50.952946958849836 
50.33143463187623 
50.89877827155831 
51.66068977812022 
51.958760261908175 
51.961228432430424 
51.97644294491121 
51.875161666525166 
51.2942029063178 
51.9812951650215 
51.92707262865407 
51.67805931856912 
50.93572740377922 
51.68213976219808 
52.156527891255415 
51.349889950781076 
51.41775051061346 
51.33678630323763 
51.34991623194992 
51.971069244079075 
51.3262982297399 
52.23207443088555 
50.35610500179027 
52.17254345560524 
52.19450058827038 
51.402896599837334 
52.189042156093265 
52.15289789113697 
50.44640156719913 
51.351002447116734 
51.91665155027436 
51.352082770372036 
52.22197321019677 
51.965381865505414 
51.99919490293943 
51.735320350544356 
51.96105471944962 
52.331656256720365 
0.0 
51.98582190024249 
50.995746963983436 
51.36984488231569 
51.69075792880902 
49.35795915593855 
51.626490418177035 
52.16797991029792 
51.36202549014735 
51.695158637366845 
51.934240658685304 
51.705045485438035 
52.19108047212761 
52.20501641717682 
51.93960697358813 
50.95730976235724 
51.662635562929324 
51.702204093446134 
52.21059211421125 
51.69838574889355 
51.65306442611027 
50.94678634108531 
49.29941019042021 
51.71559152219083 
50.924733772939476 
52.431396564309324 
50.344886446683105 
50.97508769124668 
51.73645696318329 
51.67934731229536 
50.319255176793966 
51.93564141030692 
50.291409244747804 
52.18049120272388 
50.899010389184745 
51.67772342191745 
52.16794490791131 
50.89004013069451 
51.3589853159257 
52.16090850537575 
51.346758767238896 
51.66330856345242 
51.37604180630179 
51.38873736883195 
51.35602212793442 
49.41414402858333 
52.227290683824705 
52.21284312494931 
51.69419280486006 
51.94457259863186 
50.902262994477304 
52.19153441108664 
