59.680718576703846 
59.680168106535305 
59.680767137199695 
59.46735226633515 
59.46489749415515 
58.2223265269961 
58.642298670124376 
59.68074560300904 
59.68074560300904 
59.47697526028994 
59.23353805961121 
59.68128397707256 
59.680733724254864 
59.680733724254864 
59.680767137199695 
59.67812550436328 
59.67617052198622 
59.680745737287644 
59.680767137199695 
59.2211500845449 
59.6801799915675 
59.67750137169509 
59.677980885462134 
59.67943839043222 
59.47635434138398 
59.68128397707256 
59.67758608318862 
59.680160669992894 
59.68128397707256 
59.680745737287644 
59.680168106535305 
59.68074560300904 
59.680726289007886 
59.680168106535305 
59.66705893216162 
59.680745737287644 
59.68074560300904 
59.680718576703846 
59.680733724254864 
59.68074087015588 
59.680745737287644 
59.68074560300904 
59.68128397707256 
59.66629819760729 
59.680733724254864 
59.66762971018375 
59.68128397707256 
59.67888871213879 
59.680745737287644 
59.68074560300904 
59.67753940816265 
59.680733724254864 
59.681203760968216 
59.680745737287644 
59.68128397707256 
59.68128397707256 
59.68128397707256 
59.67934004824901 
59.67887984480289 
59.680733724254864 
59.680733724254864 
59.680160669992894 
59.67750137169509 
59.680726289007886 
59.66629819760729 
59.680745737287644 
59.680745737287644 
59.66633493286624 
59.68128397707256 
59.680767137199695 
59.66573468531117 
59.680733724254864 
59.680767137199695 
59.680160669992894 
59.680733724254864 
59.67613677215321 
59.680767137199695 
59.680726289007886 
59.679455785144995 
59.677980885462134 
59.6801799915675 
59.680733724254864 
59.67942616219195 
59.63564622027595 
59.66184910680685 
59.67610149762897 
59.675632586993686 
59.680726289007886 
59.666022632527614 
59.68074560300904 
59.680767137199695 
59.680745737287644 
59.66111487147472 
59.68074560300904 
59.680767137199695 
59.68075076743047 
59.680718576703846 
59.680733724254864 
59.680718576703846 
59.680160669992894 
