59.68064935029413 
59.67998675299813 
59.679997847966966 
59.68064935029413 
59.68064429436206 
59.68000399080309 
59.68062080866417 
59.68062080866417 
59.68062080866417 
59.68124906285516 
59.68062080866417 
59.680021341942485 
59.68001819209642 
59.67998675299813 
59.68064429436206 
59.680009738070495 
59.680009738070495 
59.68062080866417 
59.68124906285516 
59.68124906285516 
59.68062637343999 
59.66357750825448 
59.66688595137341 
59.68124906285516 
59.6806049142081 
58.96929481683057 
59.66337393213317 
59.644326976293414 
59.68064671073442 
59.66130115371276 
59.674101804569624 
59.68062637343999 
59.680021341942485 
59.68060971848501 
59.67931993433738 
59.68064935029413 
59.68124906285516 
59.45214579397391 
59.68062080866417 
59.680007099310906 
59.68062080866417 
59.67932380269975 
59.68064935029413 
59.680009738070495 
59.68062080866417 
59.68064429436206 
59.68064429436206 
59.66490944982295 
59.68064429436206 
59.68124906285516 
59.68064429436206 
59.66224291137289 
59.68060971848501 
59.68124906285516 
59.66559181247586 
59.68062080866417 
59.66335016380817 
59.68124906285516 
59.67927939949578 
59.680009738070495 
59.68064429436206 
59.68064429436206 
59.67868516199018 
59.68124906285516 
59.68064935029413 
59.68001819209642 
59.68064671073442 
59.68064429436206 
59.68124906285516 
59.66289400240834 
59.68062080866417 
59.679919333551084 
59.68064671073442 
59.67931993433738 
59.68060971848501 
59.68124906285516 
59.679997847966966 
59.68064429436206 
59.68064935029413 
59.679997847966966 
59.68124906285516 
59.68064429436206 
59.68062080866417 
59.678709277230105 
59.68064935029413 
59.68064429436206 
59.68124906285516 
59.68060971848501 
59.68060971848501 
59.68062637343999 
59.66357750825448 
59.66490944982295 
59.66357750825448 
59.66688595137341 
59.68064429436206 
59.68124906285516 
59.66490944982295 
59.68064671073442 
59.68124906285516 
59.66490944982295 
