52.20088215181256 
51.645408555410796 
51.66601929536484 
50.99000425832583 
52.20755806206675 
52.14721136828149 
51.92580425105641 
51.728752963609274 
51.94224897830547 
51.703309379324025 
50.34334827330299 
52.37057571767479 
51.88224810098848 
50.8527501034131 
51.954435335215535 
50.91801621975772 
51.38547489004605 
51.01257867535409 
52.15586986292691 
50.265423072282175 
51.99610679279707 
51.386366035726155 
51.70508529693203 
51.37412064374661 
51.399567411275754 
51.978236796567266 
52.170626362496066 
52.00447752512926 
52.20415131936556 
50.873911118347685 
52.41067925238383 
51.65770118256387 
51.73004000165551 
51.62872618916932 
51.28259836577775 
51.66571083413538 
51.3332313721683 
51.979066344347174 
51.72047031588029 
0.0 
51.691173771891116 
51.951904255238055 
52.429390954099254 
52.206566344305536 
51.67918305954311 
51.736568826992944 
51.64905800826244 
51.98255568475562 
51.96405683492185 
51.90682692563294 
51.98255568475562 
50.39821693090157 
52.195385252973146 
51.34976803058514 
51.30924718092432 
51.42885966852671 
51.94080883503993 
52.173088794849996 
52.214444380138815 
51.70925138766894 
51.372137292451335 
51.68119513573933 
52.20407031756382 
52.202154695914885 
52.39655478966832 
50.89488161660663 
51.99623760182416 
51.94166240618263 
51.35139605469442 
50.97451187526101 
50.425561739185845 
51.72205773361128 
52.3965273365894 
51.678488327873474 
51.307364386017134 
51.6494371005592 
51.717362357198176 
52.21611919469236 
51.96054661622169 
51.70488382117707 
51.74686509595361 
0.0 
51.307316906055824 
49.42333474340223 
51.93389116451109 
51.683387854980396 
51.97814816785624 
51.71393810244312 
52.172531060677265 
51.96011144298473 
51.71223894915585 
51.69377148937284 
51.71259243309235 
51.36422272656931 
50.93252693443262 
50.939938453518316 
52.17133237879596 
51.29396470297944 
52.22514643698895 
50.9193370012356 
