51.9905958289176 
51.95669819904745 
52.20450132061804 
51.70001420062433 
51.009722251856076 
51.30529334879256 
52.1909765009774 
51.67613589492238 
50.92550744205568 
50.38532223550345 
50.961927792087344 
0.0 
49.29432924889455 
50.95157023016131 
51.96089209058881 
52.175962342896675 
51.96994771581997 
51.315109422783046 
51.32118327942573 
51.36576987467164 
50.91977678559981 
51.93218692370683 
50.91577617092683 
51.70984141012332 
52.17909824783633 
51.30579633725225 
51.021280261410595 
51.30657513673791 
51.38445469559098 
50.95193615224625 
51.259907821933496 
52.21154858849494 
50.94657613037422 
51.978013338646655 
51.91463386050235 
51.68625831630755 
51.71625031755881 
51.32891997855947 
51.36373674865243 
50.975584540383934 
51.66873412575442 
51.31734272680456 
52.21214679515994 
51.666876245919 
52.003835602762216 
51.730424954738446 
51.702368049670184 
51.919343553264156 
49.2553686999353 
51.700660993570345 
51.385121627168616 
50.96330425229022 
51.95704942979545 
50.33981242043554 
51.31702837983135 
51.93328462351975 
50.3897207085349 
51.329821868091486 
51.923129131316365 
52.35328557945243 
52.19640927845374 
51.97458324406773 
51.93344579054582 
50.97944508246026 
51.66156508872536 
51.347649075224304 
51.702658496608244 
51.947130425140784 
51.64103002024219 
50.93992431272052 
0.0 
51.68455587504005 
51.3391449346579 
52.42799621777142 
50.9010943392995 
50.943049888849224 
51.99023162799297 
50.954310929859716 
51.31516654951791 
52.13914303224246 
50.29719215872717 
52.164349032394554 
50.945741414655465 
51.371759637771355 
51.93843351603855 
50.294561781801804 
51.38257872490751 
51.927831835660285 
51.952577847800995 
51.31883389544879 
51.678447572027004 
51.39055051959154 
51.36798847231355 
50.391591826242504 
51.71205124013701 
51.975051729629506 
51.38362539593604 
51.97869698180418 
51.26779443882182 
51.95160825117452 
