52.962927011650756 
52.932541816671396 
52.962927011650756 
52.96292832621176 
52.96292832621176 
52.957992089145094 
52.96300658484231 
52.963024076921 
52.962864996965536 
52.96526391165269 
52.962927011650756 
52.96526391165269 
52.96058763684211 
52.9606747834708 
52.9606848048558 
52.962927011650756 
52.96301538267991 
52.96526391165269 
52.963024076921 
52.962927011650756 
52.96526391165269 
52.96526391165269 
52.96303550853829 
52.962927011650756 
52.96058763684211 
52.96303550853829 
52.92906997263419 
52.96303550853829 
52.96526391165269 
52.963024076921 
52.96526391165269 
52.96526391165269 
52.9606214318241 
52.96303550853829 
52.96526391165269 
52.96301538267991 
52.96301538267991 
52.96292832621176 
52.96526391165269 
52.963024076921 
52.96526391165269 
52.96301538267991 
52.962927011650756 
52.96292832621176 
52.9606848048558 
52.96526391165269 
52.962864996965536 
52.96303550853829 
52.96301538267991 
52.96058763684211 
52.96058763684211 
52.96292832621176 
52.930087817446974 
52.9606747834708 
52.963024076921 
52.96052420476708 
52.96526391165269 
52.96526391165269 
52.96303550853829 
52.96303550853829 
52.93146097395734 
52.9606747834708 
52.962927011650756 
52.96063282844501 
52.96303550853829 
52.96301538267991 
52.96063282844501 
52.96292832621176 
52.96301538267991 
52.96526391165269 
52.92992816925144 
52.9606848048558 
52.96301538267991 
52.96301538267991 
52.96301538267991 
52.963024076921 
52.962927011650756 
52.96526391165269 
52.9606848048558 
52.96301538267991 
52.962927011650756 
52.9606848048558 
52.96292832621176 
52.96303550853829 
52.963024076921 
52.96063282844501 
52.96301538267991 
52.96303550853829 
52.9606848048558 
52.96301538267991 
52.963024076921 
52.96303550853829 
52.96303550853829 
52.96058763684211 
52.96526391165269 
52.962864996965536 
52.9606747834708 
52.96526391165269 
52.963024076921 
52.96292832621176 
