49.264298191332685 
49.26242475094109 
49.2631521790681 
49.27349813372596 
49.26245844582471 
48.79453797746341 
49.24758736485168 
49.25091507837406 
49.24991010147879 
49.209371987007515 
49.05616262776171 
49.25076347493484 
49.21064319863954 
49.18904045984816 
49.21611451156739 
49.16907970357027 
49.02463214960486 
49.26951831761487 
49.224096966260554 
49.2568218016376 
49.25174225344439 
49.27641069349407 
49.2528062589318 
49.04163930794643 
49.265167248423495 
49.25638179798754 
49.24424790605025 
49.24165897507188 
49.25579480202902 
49.251587569978106 
49.2254906359798 
49.264068489861565 
49.23677913958915 
49.2491202406704 
49.27130138815507 
49.23642669987102 
49.260740258872104 
49.25544012002872 
49.23609589651163 
49.27301355814181 
49.254090300957145 
49.26921195053003 
49.18807490022808 
49.240394471428694 
49.28278401565027 
49.263122323578905 
49.198146599227165 
49.280080224928845 
49.232697398663994 
49.21429629680746 
49.25554826066541 
49.27269861752983 
49.25373721358163 
49.2768258547145 
49.27399320578304 
49.27829758958633 
49.26066569320286 
49.27341724497387 
49.2491814620085 
49.264298191332685 
49.26242475094109 
49.04270249757393 
49.26512777748404 
49.24196023773726 
49.277127564548884 
49.23898178221286 
49.23684152399054 
49.18682647778172 
49.22147089820803 
49.21485675868692 
49.0655673918088 
49.0656160227786 
48.96986152869494 
49.25104491959096 
49.26450764171651 
49.20141297512606 
49.24088600247543 
49.275351278868165 
49.249549158484434 
49.278769228380504 
49.06187918267306 
49.27775677594762 
49.27566342015198 
49.04975233746216 
49.275994436927746 
49.23220720977516 
49.22613432723341 
49.275338242768534 
49.20412283120764 
49.279174792632276 
49.22717642292016 
49.262760381368615 
49.25194575742375 
49.27872696329392 
48.765585641907 
49.27750400574243 
49.24134967652985 
49.24094587981491 
49.268519421730204 
49.24885334125345 
