52.96245098352396 
52.95993104059623 
52.96000729434695 
52.96245098352396 
52.96248774453421 
52.96000745944179 
52.96257434479867 
52.96257434479867 
52.96257434479867 
52.965048369421126 
52.96257434479867 
52.95992047857 
52.96006851314223 
52.95993104059623 
52.96248774453421 
52.95989617396218 
52.95989617396218 
52.96257434479867 
52.965048369421126 
52.965048369421126 
52.96248572126127 
52.92421923294772 
52.92047840114212 
52.965048369421126 
52.96249822660651 
52.20229092657487 
52.91541020604945 
52.88504083789889 
52.96254689331064 
52.91929144045042 
52.94746835493498 
52.96248572126127 
52.95992047857 
52.96249822660651 
52.95994562084938 
52.96245098352396 
52.965048369421126 
52.88915857878858 
52.96257434479867 
52.95999232105421 
52.96257434479867 
52.95995747842732 
52.96245098352396 
52.95989617396218 
52.96257434479867 
52.96248774453421 
52.96248774453421 
52.919171982522464 
52.96248774453421 
52.965048369421126 
52.96248774453421 
52.9229585263675 
52.96249822660651 
52.965048369421126 
52.91921304984562 
52.96257434479867 
52.91808134864225 
52.965048369421126 
52.95990177965573 
52.95989617396218 
52.96248774453421 
52.96248774453421 
52.9523829187393 
52.965048369421126 
52.96245098352396 
52.96006851314223 
52.96254689331064 
52.959984405295394 
52.965048369421126 
52.92951211625976 
52.96257434479867 
52.96245651209365 
52.96254689331064 
52.95994562084938 
52.96249822660651 
52.965048369421126 
52.96000729434695 
52.96248774453421 
52.96245098352396 
52.96000729434695 
52.965048369421126 
52.96248774453421 
52.96257434479867 
52.953583477669355 
52.96245098352396 
52.96248774453421 
52.965048369421126 
52.96249822660651 
52.96249822660651 
52.96248572126127 
52.92421923294772 
52.919171982522464 
52.92421923294772 
52.92047840114212 
52.96248774453421 
52.965048369421126 
52.919171982522464 
52.96254689331064 
52.965048369421126 
52.919171982522464 
