52.39995553412574 
51.976760077834456 
51.68998741217883 
52.17319017067578 
51.747101547434745 
52.4224075633195 
52.178608622525665 
51.32393924212507 
51.67786595438076 
50.368167002639176 
51.36354503086284 
51.66076399014944 
52.40284272675541 
52.39735847766252 
52.185029924324716 
50.9385953609371 
52.218065183144354 
51.27977709226514 
51.949927015283734 
51.97422930462363 
51.66656785588273 
50.952950501954355 
51.392100215867224 
51.60154065552624 
50.88347255458677 
51.3984808050117 
51.701037896355764 
51.93636107198089 
51.33880953370318 
51.36226655069044 
51.715323991820085 
51.703919459725206 
51.7001476546032 
51.35074190040798 
51.372336665905245 
51.01051334180726 
51.383269760941126 
51.41633465571666 
51.926324068305284 
51.95463829286915 
51.35823075631578 
51.97187447487204 
51.92516127732853 
51.67548126950019 
52.344094690811325 
51.687369645728175 
51.92553927542233 
51.96261343411413 
51.752314923896336 
51.96566928438759 
51.975984781569025 
51.650411028822255 
51.30537391129479 
50.94207288043647 
51.879092123919825 
52.21375228738334 
52.22734247562329 
51.70808932553866 
51.697289030818496 
51.000665073948916 
51.70530587364203 
50.937849721999726 
50.984781867508744 
50.94574044151797 
52.19279556723303 
51.95040947559558 
52.39995553412574 
51.98624460875521 
51.926168642325905 
51.69503986942991 
51.70233580996284 
51.68798913763592 
51.70890316654859 
52.201114634611685 
51.34859564938046 
51.95356884527619 
51.37244349497325 
51.71884421580926 
52.17477385200843 
50.27672979235386 
52.14748769802014 
51.62801027817528 
51.611517191296976 
50.86298761571879 
51.674057089469976 
51.67268797476409 
51.95818204051807 
51.654392584833346 
51.705286150015176 
51.63326822017922 
51.96484589591764 
51.40911798096728 
51.285617947398116 
51.33051922520288 
51.33772714043534 
52.21425189689291 
51.71588083716094 
51.36952946221022 
51.32868778484101 
51.41009301754844 
