59.68062637343999 
59.66490944982295 
59.68062637343999 
59.68062080866417 
59.68062080866417 
59.67803558778645 
59.68064199647819 
59.68064671073442 
59.68060971848501 
59.68124906285516 
59.68062637343999 
59.68124906285516 
59.679997847966966 
59.680021341942485 
59.68001819209642 
59.68062637343999 
59.68064429436206 
59.68124906285516 
59.68064671073442 
59.68062637343999 
59.68124906285516 
59.68124906285516 
59.68064935029413 
59.68062637343999 
59.679997847966966 
59.68064935029413 
59.66335016380817 
59.68064935029413 
59.68124906285516 
59.68064671073442 
59.68124906285516 
59.68124906285516 
59.680007099310906 
59.68064935029413 
59.68124906285516 
59.68064429436206 
59.68064429436206 
59.68062080866417 
59.68124906285516 
59.68064671073442 
59.68124906285516 
59.68064429436206 
59.68062637343999 
59.68062080866417 
59.68001819209642 
59.68124906285516 
59.68060971848501 
59.68064935029413 
59.68064429436206 
59.679997847966966 
59.679997847966966 
59.68062080866417 
59.66426282139763 
59.680021341942485 
59.68064671073442 
59.67998675299813 
59.68124906285516 
59.68124906285516 
59.68064935029413 
59.68064935029413 
59.66398598242403 
59.680021341942485 
59.68062637343999 
59.680009738070495 
59.68064935029413 
59.68064429436206 
59.680009738070495 
59.68062080866417 
59.68064429436206 
59.68124906285516 
59.66357750825448 
59.68001819209642 
59.68064429436206 
59.68064429436206 
59.68064429436206 
59.68064671073442 
59.68062637343999 
59.68124906285516 
59.68001819209642 
59.68064429436206 
59.68062637343999 
59.68001819209642 
59.68062080866417 
59.68064935029413 
59.68064671073442 
59.680009738070495 
59.68064429436206 
59.68064935029413 
59.68001819209642 
59.68064429436206 
59.68064671073442 
59.68064935029413 
59.68064935029413 
59.679997847966966 
59.68124906285516 
59.68060971848501 
59.680021341942485 
59.68124906285516 
59.68064671073442 
59.68062080866417 
