52.963596805544576 
52.96130116041799 
52.9613909505116 
52.963596805544576 
52.9634713056812 
52.95894981341417 
52.96351560295282 
52.96351560295282 
52.96351560295282 
52.96551630719202 
52.96351560295282 
52.961346543534674 
52.96151274295438 
52.96130116041799 
52.9634713056812 
52.96150361706661 
52.96150361706661 
52.96351560295282 
52.96551630719202 
52.96551630719202 
52.96339460131851 
52.93315630982428 
52.93563844813056 
52.96551630719202 
52.96342594499286 
52.49270775979139 
52.930967629166155 
52.90764861624687 
52.96351626558892 
52.93224921138458 
52.95091291876419 
52.96339460131851 
52.961346543534674 
52.96342594499286 
52.96337715141679 
52.963596805544576 
52.96551630719202 
52.71497867236441 
52.96351560295282 
52.96142300134525 
52.96351560295282 
52.96351626558892 
52.963596805544576 
52.96150361706661 
52.96351560295282 
52.9634713056812 
52.9634713056812 
52.93565173719604 
52.9634713056812 
52.96551630719202 
52.9634713056812 
52.935477345972224 
52.96342594499286 
52.96551630719202 
52.928341045920284 
52.96351560295282 
52.933606426755624 
52.96551630719202 
52.956982506339784 
52.96150361706661 
52.9634713056812 
52.9634713056812 
52.95631178184483 
52.96551630719202 
52.963596805544576 
52.96151274295438 
52.96351626558892 
52.96093100205191 
52.96551630719202 
52.938145086470655 
52.96351560295282 
52.95908221872226 
52.96351626558892 
52.96337715141679 
52.96342594499286 
52.96551630719202 
52.9613909505116 
52.9634713056812 
52.963596805544576 
52.9613909505116 
52.96551630719202 
52.9634713056812 
52.96351560295282 
52.96150361706661 
52.963596805544576 
52.9634713056812 
52.96551630719202 
52.96342594499286 
52.96342594499286 
52.96339460131851 
52.93315630982428 
52.93565173719604 
52.93315630982428 
52.93563844813056 
52.9634713056812 
52.96551630719202 
52.93565173719604 
52.96351626558892 
52.96551630719202 
52.93565173719604 
