52.96339460131851 
52.961346543534674 
52.963596805544576 
52.72954418225624 
52.724476878940315 
51.46321833375039 
51.88710947295034 
52.96351560295282 
52.96351560295282 
52.7494153512134 
52.484512000443296 
52.96551630719202 
52.9634713056812 
52.9634713056812 
52.963596805544576 
52.95844392202424 
52.954684827363494 
52.96351626558892 
52.963596805544576 
52.46022885985008 
52.9613909505116 
52.95729715375886 
52.95908221872226 
52.960989896765625 
52.747040695926714 
52.96551630719202 
52.95643400381665 
52.96130116041799 
52.96551630719202 
52.96351626558892 
52.961346543534674 
52.96351560295282 
52.96342594499286 
52.961346543534674 
52.93592994741538 
52.96351626558892 
52.96351560295282 
52.96339460131851 
52.9634713056812 
52.963497974098715 
52.96351626558892 
52.96351560295282 
52.96551630719202 
52.935477345972224 
52.9634713056812 
52.938092400785806 
52.96551630719202 
52.95893351306059 
52.96351626558892 
52.96351560295282 
52.956220681928265 
52.9634713056812 
52.96521854403782 
52.96351626558892 
52.96551630719202 
52.96551630719202 
52.96551630719202 
52.96062716620224 
52.958891124740745 
52.9634713056812 
52.9634713056812 
52.96130116041799 
52.95729715375886 
52.96342594499286 
52.935477345972224 
52.96351626558892 
52.96351626558892 
52.93563844813056 
52.96551630719202 
52.963596805544576 
52.93334297054202 
52.9634713056812 
52.963596805544576 
52.96130116041799 
52.9634713056812 
52.954558410246044 
52.963596805544576 
52.96342594499286 
52.96105735400091 
52.95908221872226 
52.9613909505116 
52.9634713056812 
52.96092664434406 
52.873945704686825 
52.92592394273257 
52.95442737607667 
52.95265673619568 
52.96342594499286 
52.93564901187505 
52.96351560295282 
52.963596805544576 
52.96351626558892 
52.92555938466565 
52.96351560295282 
52.963596805544576 
52.963536596373345 
52.96339460131851 
52.9634713056812 
52.96339460131851 
52.96130116041799 
