49.278450813348584 
49.00249374430343 
49.272296132941136 
49.27692363157137 
49.278357143843195 
49.0323005341675 
49.28044895631802 
48.98350905701623 
49.27297248108036 
49.02617814355896 
48.81173789401172 
49.27600813996681 
49.26458736623348 
49.275374369593166 
49.25089012681686 
49.07403867552528 
49.25481858624579 
49.242666847671 
49.253867267951385 
49.275293270949255 
49.040797779017545 
49.24922852685339 
49.276824626980385 
49.27740182310127 
49.24210903424906 
49.27727581456148 
49.23535498989658 
49.27344662292701 
49.17843777807393 
49.18535916371774 
49.24496795566858 
49.277368147666465 
48.82393973609697 
49.2474367651569 
49.255272037498536 
49.276444548948724 
49.27923916937839 
49.039294185255244 
49.25891160480859 
49.24710211194729 
49.2807149439187 
49.27308515644276 
49.276105818642215 
49.23166659323736 
49.268582995230894 
49.25493767997057 
49.2530170129925 
49.034856133306825 
49.080932486994165 
49.276876851400594 
49.276453315314754 
49.016987261931284 
49.28094723400097 
49.25154226297072 
49.0720698585368 
49.27528468070679 
49.22668454948236 
49.26417992963883 
49.256640005525064 
49.25840886442629 
49.262145107203025 
49.23679798256537 
49.2753284565002 
49.23726371487768 
49.261445768220355 
49.275980838398404 
49.25748333814818 
49.2773220230445 
49.24635396626477 
49.272403246248714 
49.24216731064397 
49.254379764738225 
49.27572420412298 
49.21954106156341 
49.04336771510986 
49.18919630967806 
49.27920168635421 
49.27530079820481 
49.26522977896153 
49.23726371487768 
49.261445768220355 
49.275980838398404 
49.074358561983956 
49.194994595689785 
49.264741799300815 
49.24792684511227 
49.28074965034631 
49.27529599692108 
49.27600813996681 
49.24871967621967 
49.257983610077595 
49.26082322161144 
49.25179710148463 
49.27600813996681 
49.26458736623348 
49.27932425708519 
49.2415992450069 
49.22222126652531 
49.24167819150033 
49.26413911654653 
