52.96248572126127 
52.95992047857 
52.96245098352396 
52.72246422627321 
52.485260231415296 
51.82810590373999 
51.860362805509794 
52.96257434479867 
52.96257434479867 
52.5385845954643 
51.91012036865063 
52.965048369421126 
52.96248774453421 
52.96248774453421 
52.96245098352396 
52.95496355935738 
52.962511049381924 
52.96254689331064 
52.96245098352396 
51.857547858347495 
52.96000729434695 
52.96245098352396 
52.96245651209365 
52.95737247296119 
52.7408583511165 
52.965048369421126 
52.952444461922795 
52.95993104059623 
52.965048369421126 
52.96254689331064 
52.95992047857 
52.96257434479867 
52.96249822660651 
52.95992047857 
52.92937574434241 
52.96254689331064 
52.96257434479867 
52.96248572126127 
52.96248774453421 
52.96257434479867 
52.96254689331064 
52.96257434479867 
52.965048369421126 
52.9229585263675 
52.96248774453421 
52.93199783170887 
52.965048369421126 
52.959892593033885 
52.96254689331064 
52.96257434479867 
52.941005668912986 
52.96248774453421 
52.961871451793186 
52.96254689331064 
52.965048369421126 
52.965048369421126 
52.965048369421126 
52.954325360418665 
52.9473920430289 
52.96248774453421 
52.96248774453421 
52.95993104059623 
52.96245098352396 
52.96249822660651 
52.9229585263675 
52.96254689331064 
52.96254689331064 
52.92047840114212 
52.965048369421126 
52.96245098352396 
52.9203328197186 
52.96248774453421 
52.96245098352396 
52.95993104059623 
52.96248774453421 
52.93672938012377 
52.96245098352396 
52.96249822660651 
52.95749247568424 
52.96245651209365 
52.96000729434695 
52.96248774453421 
52.95994562084938 
52.44807125319121 
52.718505889586034 
52.96215905556654 
52.93434588694304 
52.96249822660651 
52.92063279308002 
52.96257434479867 
52.96245098352396 
52.96254689331064 
52.922213493092116 
52.96257434479867 
52.96245098352396 
52.9623120645458 
52.96248572126127 
52.96248774453421 
52.96248572126127 
52.95993104059623 
