41.63706607973206 
41.63611533376353 
41.63811510783627 
41.39644856857526 
40.82588099402846 
41.39895108404608 
41.613834865953585 
41.634292383362805 
41.38661037986284 
41.366397671640826 
41.37104769857506 
41.38192259999802 
40.764194833264696 
41.40380033862082 
41.63092685378313 
41.64586918765374 
41.40611185228697 
41.620719129036466 
41.599983746286014 
41.41854295764336 
41.63068972214676 
41.64628788772401 
41.39577931014488 
41.63149599275531 
41.6414572804768 
41.598032873820486 
41.12229878213712 
41.610779421993925 
41.390724806227645 
41.091299536782294 
41.38863761189372 
41.640785121768594 
40.421170526837074 
41.64190412856109 
41.64001548906062 
41.61207185353984 
41.412471449134934 
41.62308540877578 
41.38371273993546 
41.60507940513014 
41.64022637203731 
41.62709694479803 
41.63416577135272 
41.60700209990787 
41.64236792869001 
41.60052503601125 
41.620181227845016 
41.63993231070352 
41.07877491643816 
41.61538347294013 
41.39383465533391 
41.37919318136713 
41.38498576993849 
41.384374274349646 
41.3856556817811 
41.62892099792238 
41.363087170885116 
41.61912335730042 
41.63459049695198 
41.645324664059295 
41.64680599841965 
41.624651946698734 
41.6176965270726 
41.371827478113325 
41.39972971354466 
41.619356302456985 
41.64258129904584 
41.62705860657028 
41.14811703477944 
41.38673274031837 
41.587881778071655 
41.61468118524407 
41.36824451959327 
41.647390112581775 
41.39539734265636 
41.40149575763407 
41.637145416552315 
41.60020617613511 
41.09133809230295 
41.63412091714086 
41.11141056805271 
41.630965047601926 
41.618852821920775 
41.402389323666426 
41.41708074782859 
40.813993964696 
41.138930457434554 
41.637743307844765 
41.40173459273052 
41.597555802505845 
41.62849146270306 
41.14756414137414 
41.39899158992465 
40.71245963196605 
41.62745469762185 
41.581383476448586 
41.3927077656533 
41.410272077128255 
41.59720518660139 
41.63177347301448 
