42.482844864133035 
42.472623525144016 
42.48277948662338 
42.48285539951117 
42.48282640043498 
42.48233956644877 
42.482847487418425 
42.47326245635393 
42.48279467696659 
42.47827648617232 
41.66861815477035 
42.48283265807107 
42.48285961379604 
42.48280565672049 
42.48208809531342 
42.482813888020935 
42.48238716930559 
42.47815285066432 
42.48283797708163 
42.48280858983442 
42.47724432366155 
42.48263821960531 
42.4827787708588 
42.4827820905294 
42.48258246488514 
42.48279768732462 
42.48282855904986 
42.48279467696659 
42.47377262464398 
42.47665844876029 
42.48223531157288 
42.48279959515187 
42.47852201541841 
42.48286568962666 
42.482404806859165 
42.48282605029264 
42.48285959726623 
42.48243640784562 
42.48256447407668 
42.48253456885771 
42.482870596833614 
42.482748291300354 
42.48277069653725 
42.48282855904986 
42.482531462275794 
42.482632765507695 
42.48279467696659 
42.47808919894391 
42.482731014273355 
42.48279467696659 
42.48282842020557 
42.482514194106216 
42.48286881875311 
42.48240668878389 
42.48289131930713 
42.48282741767602 
42.48187841158257 
42.482519894658985 
42.48245474767092 
42.48244045548679 
42.48285959726623 
42.48163150618235 
42.48281694267107 
42.48259721006854 
42.48228052755198 
42.48279995974363 
42.482533593124835 
42.48278648348111 
42.48235487026766 
42.48265508657614 
42.48234836583886 
42.482160857755574 
42.482836396945345 
42.482636174170054 
42.48243640784562 
42.482312207190255 
42.48281409611881 
42.482807579637374 
42.478434198963804 
42.48259721006854 
42.48228052755198 
42.48279995974363 
42.48285961379604 
42.48178184442138 
42.4826765389328 
42.48280858983442 
42.482860192961745 
42.48274174236242 
42.48283265807107 
42.48224297046726 
42.48252531240113 
42.48251050981404 
42.482339395468316 
42.48283265807107 
42.48285961379604 
42.48282159530035 
42.482811804815746 
42.48200357787555 
42.482006950312964 
42.482831259144746 
