41.62001835691328 
41.41346197073782 
41.618891014885804 
41.118189863662735 
41.62818839820209 
41.6406726242582 
41.40124631862111 
41.631342977485104 
41.635687992331846 
41.625219870878105 
41.10163639976807 
41.64566350112497 
41.62500501510312 
41.1163612846682 
41.64178192289653 
41.611559073901184 
41.14691769716154 
41.128793239327344 
41.64162605893826 
41.6045863036226 
41.62575578130706 
41.14743876515207 
41.39548402283985 
41.628299778915235 
41.3975339172868 
41.63079928869175 
41.64663538801092 
41.642692869080534 
41.64147555711397 
41.34414776207364 
41.646506030835745 
41.398601212878496 
41.3975339172868 
41.63662506175298 
41.13705583967005 
41.63337627297884 
41.37897029475304 
41.63508394410901 
41.63000424855602 
40.308728779184655 
41.619874107380795 
41.64641814774495 
41.64726780467356 
41.634076301675684 
41.4210074732673 
41.61566157279361 
41.63591866329981 
41.421268324743366 
41.63541909408325 
41.63591866329981 
41.421268324743366 
41.108223506013715 
41.64090815821623 
41.62411585507211 
41.375338325740586 
41.40426069596665 
41.378085073690286 
41.64725510191897 
41.634267780827884 
41.62182059938989 
41.61707742634373 
41.35914087751143 
41.64119263925657 
41.641595110992846 
41.646600889611605 
41.38824603131808 
41.6354080111597 
41.64121234029911 
41.60793576384437 
41.1083627759057 
40.823575494226745 
41.64215379477255 
41.64680667433113 
41.60758327534533 
41.37995284858495 
41.60835772824093 
41.63451316880403 
41.632189731910195 
41.646041961287395 
41.41542244950663 
41.59872150761234 
41.39377954669797 
41.42132904477966 
40.38332203083713 
41.62911958093622 
41.63641096187771 
41.63283915019243 
41.62766320216313 
41.641335881463036 
41.6372219153069 
41.39882090995999 
41.614797810458995 
41.63462516536719 
41.39573502097501 
41.33553568550972 
41.59808844233384 
41.64210121402471 
41.38483622524937 
41.64673198209278 
41.12792729029653 
