42.30408769861374 
42.2720937719524 
42.304122933480365 
42.304014012450324 
42.29438417017742 
42.304104659455064 
42.30403626568229 
42.2771595307336 
42.303473330077296 
42.304022685998866 
42.29758558291025 
42.3040099094997 
42.294684347795545 
42.30407630204848 
42.304083074005995 
42.30402911084125 
42.30351290595444 
42.30404768131116 
42.303564975974155 
42.30348646367026 
42.304056715633905 
42.29915905630765 
42.30355853908868 
42.3036885712667 
42.296823097093174 
42.30400971085381 
42.30330585327382 
42.3035867755464 
42.07691209056342 
42.30298366308999 
42.30362618155144 
42.30287499720569 
42.30405450423706 
42.30377111162721 
42.30403929897066 
42.30386056386586 
42.29923140110024 
42.30365376781323 
42.294828361134044 
42.292958660288 
42.298323550608806 
42.30371018548712 
42.29704849636774 
42.30400951245554 
42.304022685998866 
42.303974729500446 
42.29511446541523 
42.3040397365302 
42.303921641665774 
42.295345794116415 
42.29854826945933 
42.304116510613774 
42.29041370664009 
42.30390622649488 
42.069050734395915 
42.30338720140844 
42.30407124731846 
42.30348452937051 
42.304135078889075 
42.304058697543674 
42.30308599249169 
42.30372107568738 
42.30378605435915 
42.303665024842644 
42.30409101604949 
42.303155714667454 
42.304055410348454 
42.30383645714363 
42.30361147917274 
42.3040198180358 
42.30406642195945 
42.29944119688672 
42.303238093721504 
42.30405494746778 
42.3040397365302 
42.30395693992559 
42.30399687268904 
42.30405667340264 
42.30401451198862 
42.303045145728824 
42.301916856410976 
42.303312588836924 
42.304027070527724 
42.30358013422185 
42.30348646367026 
42.304056715633905 
42.29915905630765 
42.2860986780629 
42.29869757219462 
42.303458036028 
42.296981855132316 
42.30411180215131 
42.304014012450324 
42.304065628005766 
42.30394085843441 
42.303988887321935 
42.30407408177617 
42.304112702191674 
42.30407630204848 
42.304083074005995 
