45.18789524718914 
45.18747802965081 
45.18888267620526 
44.95359005332742 
44.37860584028194 
44.95592343759308 
45.173003883599684 
45.18668580933407 
44.94745168874564 
44.93370626704492 
44.93696584009724 
44.94417949484846 
44.33783058300256 
44.95866239643745 
45.18416874472405 
45.19384930180963 
44.96028352017596 
45.17760489718402 
45.16380769123952 
44.96818772288494 
45.184053249364965 
45.19403008271419 
44.953295992433006 
45.18440106084049 
45.19086840291069 
45.16242431053914 
44.68312663600106 
45.17115286621131 
44.94989256686683 
44.66295409638955 
44.94895828423097 
45.19059058625737 
43.969921786416315 
45.19103818627306 
45.19023778328713 
45.1717017638952 
44.96427159276517 
45.17914335649873 
44.94556644544964 
45.16710039436021 
45.19032664710966 
45.18143246801006 
45.18611079492583 
45.168450722651826 
45.191247286991704 
45.164043680602106 
45.17683347164968 
45.190205803346764 
44.654520983308004 
45.17367696323489 
44.95184297979798 
44.942368433260015 
44.946130087902176 
44.94585674488388 
44.94703569584099 
45.18274577215401 
44.93165257791215 
45.17638032933775 
45.18682310076111 
45.19359343066824 
45.19426661158972 
45.179849078760036 
45.17521682525603 
44.9373060426594 
44.95564254319128 
45.176479440269205 
45.19136342247421 
45.181945423852554 
44.7002856934634 
44.94749959063693 
45.15588514587828 
45.17338226607473 
44.935136432614925 
45.194515016946596 
44.953124144139224 
44.95703724480375 
45.18793012444272 
45.16389638566716 
44.663705309325 
45.18607073373412 
44.676168651952665 
45.18418380195177 
45.176247343895724 
44.95739328120387 
44.9675399615264 
44.370656548556454 
44.69408489393826 
45.1887235777216 
44.95713265796718 
45.162757661773924 
45.18256959244379 
44.7000754310684 
44.95531654161057 
44.30422962776808 
45.18159535859109 
45.1514662320785 
44.95136752337623 
44.962697307281715 
45.162062374690926 
45.18452112043135 
