51.3910210933178 
51.39102623577349 
51.391021066211515 
51.3910210933178 
51.39102142164173 
51.391016118808274 
51.391021066211515 
51.391021066211515 
51.391021066211515 
51.39102623577349 
51.391021066211515 
51.39102142164173 
51.39101617859884 
51.39102623577349 
51.39102142164173 
51.3910210933178 
51.3910210933178 
51.391021066211515 
51.39102623577349 
51.39102623577349 
51.39102623577349 
51.39088154910912 
51.390917539058286 
51.39102623577349 
51.39102623577349 
51.1660161163445 
51.39102142164173 
51.39090912021343 
51.39102134814605 
51.39091117926648 
51.39102623577349 
51.39102623577349 
51.39102142164173 
51.39102623577349 
51.39102072867141 
51.3910210933178 
51.39102623577349 
51.388628092825925 
51.391021066211515 
51.39102134814605 
51.391021066211515 
51.39102134814605 
51.3910210933178 
51.3910210933178 
51.391021066211515 
51.39102142164173 
51.39102142164173 
51.39090912021343 
51.39102142164173 
51.39102623577349 
51.39102142164173 
51.39091333371724 
51.39102623577349 
51.39102623577349 
51.39094424344601 
51.391021066211515 
51.391021066211515 
51.39102623577349 
51.39102623577349 
51.3910210933178 
51.39102142164173 
51.39102142164173 
51.39101557864807 
51.39102623577349 
51.3910210933178 
51.39101617859884 
51.39102134814605 
51.39102142164173 
51.39102623577349 
51.39088155227195 
51.391021066211515 
51.39102623577349 
51.39102134814605 
51.39102072867141 
51.39102623577349 
51.39102623577349 
51.391021066211515 
51.39102142164173 
51.3910210933178 
51.391021066211515 
51.39102623577349 
51.39102142164173 
51.391021066211515 
51.3910210933178 
51.3910210933178 
51.39102142164173 
51.39102623577349 
51.39102623577349 
51.39102623577349 
51.39102623577349 
51.39088154910912 
51.39090912021343 
51.39088154910912 
51.390917539058286 
51.39102142164173 
51.39102623577349 
51.39090912021343 
51.39102134814605 
51.39102623577349 
51.39090912021343 
