41.618629464669205 
41.6411619494765 
41.64027737844273 
41.396433846323426 
41.63034766042195 
41.40492206503527 
41.61730953667565 
41.60708324325037 
41.124404881270856 
41.091913649192456 
41.60448998384343 
41.137898292917306 
40.333669524406 
41.410306912200475 
41.64568163852296 
41.6250104223021 
41.605297485248066 
41.391890529497374 
41.368421915620324 
40.83648554431797 
41.64019782437425 
41.4220381583254 
41.63194820099365 
41.608194089077685 
41.6460777229602 
41.398527015019 
40.832342442822906 
41.596758200467036 
41.62950707113171 
41.603959914757176 
41.39226521620769 
41.63689054528613 
40.820054216173716 
41.639621478600134 
41.64064005788437 
40.81623125828999 
41.629184317760945 
41.39888491743137 
41.387956414464085 
41.61232983440427 
41.63654609039466 
41.64148029349988 
41.62993595568483 
41.398156543571304 
41.64683915143227 
41.39827666619806 
41.62312335334161 
41.63809723736858 
40.35571676942318 
41.629888671486285 
41.61297806943694 
40.80770335139338 
41.390533440922084 
39.79430005262393 
41.37468459781054 
41.41496476396482 
41.57430340476346 
41.63534651645475 
41.6349481725336 
41.64600639501999 
41.6470573325897 
41.63682458870313 
41.615459977108586 
41.37422126763016 
41.148902182911904 
41.635583296023334 
41.647469392686205 
41.40480343459604 
41.142025369794304 
41.147285548079616 
41.09066268712806 
41.63128813047989 
41.598179920156845 
41.64734192485139 
41.4125205006014 
41.631338429410306 
41.63464635038261 
41.624540536338515 
41.33812505150405 
41.631715502720745 
41.114581008833774 
41.63339297394432 
41.63323421515331 
41.61336560638874 
41.40654151264391 
41.401673732231274 
41.40148494424133 
41.644398618333845 
41.128304082693745 
41.605906295253504 
41.421063397936955 
41.40743264133483 
41.151656428511075 
40.734593905289316 
41.62321604348885 
41.61097842368874 
41.63415315248245 
41.40248561800803 
41.397728561999244 
41.63744535299982 
