51.39102623577349 
51.39090912021343 
51.39102623577349 
51.391021066211515 
51.391021066211515 
51.391010128358296 
51.39102132819151 
51.39102134814605 
51.39102623577349 
51.39102623577349 
51.39102623577349 
51.39102623577349 
51.391021066211515 
51.39102142164173 
51.39101617859884 
51.39102623577349 
51.39102142164173 
51.39102623577349 
51.39102134814605 
51.39102623577349 
51.39102623577349 
51.39102623577349 
51.3910210933178 
51.39102623577349 
51.391021066211515 
51.3910210933178 
51.391021066211515 
51.3910210933178 
51.39102623577349 
51.39102134814605 
51.39102623577349 
51.39102623577349 
51.39102134814605 
51.3910210933178 
51.39102623577349 
51.39102142164173 
51.39102142164173 
51.391021066211515 
51.39102623577349 
51.39102134814605 
51.39102623577349 
51.39102142164173 
51.39102623577349 
51.391021066211515 
51.39101617859884 
51.39102623577349 
51.39102623577349 
51.3910210933178 
51.39102142164173 
51.391021066211515 
51.391021066211515 
51.391021066211515 
51.39090912021343 
51.39102142164173 
51.39102134814605 
51.39102623577349 
51.39102623577349 
51.39102623577349 
51.3910210933178 
51.3910210933178 
51.39102623577349 
51.39102142164173 
51.39102623577349 
51.3910210933178 
51.3910210933178 
51.39102142164173 
51.3910210933178 
51.391021066211515 
51.39102142164173 
51.39102623577349 
51.39088154910912 
51.39101617859884 
51.39102142164173 
51.39102142164173 
51.39102142164173 
51.39102134814605 
51.39102623577349 
51.39102623577349 
51.39101617859884 
51.39102142164173 
51.39102623577349 
51.39101617859884 
51.391021066211515 
51.3910210933178 
51.39102134814605 
51.3910210933178 
51.39102142164173 
51.3910210933178 
51.39101617859884 
51.39102142164173 
51.39102134814605 
51.3910210933178 
51.3910210933178 
51.391021066211515 
51.39102623577349 
51.39102623577349 
51.39102142164173 
51.39102623577349 
51.39102134814605 
51.391021066211515 
