41.62407558530465 
41.14877827477454 
41.616612547620186 
40.410689024435456 
41.402551442031864 
41.63055689993872 
41.581426125857696 
41.11743450928367 
41.401642235298574 
41.61821968907128 
41.37755760418868 
41.64596575330742 
41.40431456732449 
41.11265156332559 
41.63448356436472 
41.392266191061424 
41.400639076668746 
41.1114174157279 
41.634180701216 
41.5965580912456 
41.61590573681859 
41.15014302618505 
41.600333632526485 
41.614283981967944 
41.61820761538888 
41.628470802733744 
41.632412246591215 
41.62859689951447 
41.61997437193036 
41.320511862627455 
41.62998734995155 
41.633624351287615 
41.61820761538888 
41.63586040089372 
41.13363899311122 
41.628603395396645 
41.39042478919691 
41.63934785891768 
41.402063066753186 
41.32789972296485 
41.38997049064599 
41.64640260357265 
41.64694674801832 
41.624368287598266 
41.41310010628058 
41.6107380412931 
41.64596672763474 
41.63986897801076 
41.64360952118646 
41.64596672763474 
41.63986897801076 
41.351453776124146 
41.63096733252945 
41.64046098440696 
41.611646946562146 
41.158258483131334 
41.61334726176012 
41.41978173814302 
41.63070375241621 
41.37936385687502 
41.61856156884205 
41.364429764193254 
41.62662968290931 
41.64611255683357 
41.64619683407776 
41.13599984278999 
41.63055681459861 
41.413572939245775 
41.38721255069395 
41.34319117143646 
41.114821257969936 
41.6466938181234 
41.63741488880176 
41.39838477205995 
41.38180790482253 
41.63385955733523 
41.404819530617765 
41.63619920270825 
41.64564185237017 
41.154115408077246 
41.60774604925825 
41.62719859705034 
41.635603410010496 
41.12758975925961 
41.63510623159981 
41.62234003927072 
41.620867871644585 
41.6248863713037 
41.6219178646991 
41.63212765462319 
41.40457625507968 
41.61720189879675 
41.629299237354324 
41.39629243514561 
41.08135679984846 
41.10749420516971 
41.64690913517072 
41.38439141447543 
41.64656362454598 
40.37631333083057 
