45.63585205370732 
45.6358169719488 
45.63581457815945 
45.6252162743654 
45.63253503395489 
45.40094644033406 
45.407861204526576 
45.635814192721654 
45.635814192721654 
45.63250380179642 
45.397771645631174 
45.63585205370732 
45.6358169719488 
45.6358169719488 
45.63581457815945 
45.63579348017799 
45.63581627106794 
45.63581627106794 
45.63581457815945 
45.39924365050938 
45.635814192721654 
45.63577330651127 
45.63585205370732 
45.635814192721654 
45.629243720524606 
45.63585205370732 
45.63575769782337 
45.63585205370732 
45.63585205370732 
45.63581627106794 
45.6358169719488 
45.635814192721654 
45.63585205370732 
45.6358169719488 
45.63585205370732 
45.63581627106794 
45.635814192721654 
45.63585205370732 
45.6358169719488 
45.635814192721654 
45.63581627106794 
45.635814192721654 
45.63585205370732 
45.63542449012973 
45.6358169719488 
45.63585205370732 
45.63585205370732 
45.63581457815945 
45.63581627106794 
45.635814192721654 
45.63569375078545 
45.6358169719488 
45.63582494651393 
45.63581627106794 
45.63585205370732 
45.63585205370732 
45.63585205370732 
45.63579282839282 
45.63571270228413 
45.6358169719488 
45.6358169719488 
45.63585205370732 
45.63577330651127 
45.63585205370732 
45.63542449012973 
45.63581627106794 
45.63581627106794 
45.635426232282725 
45.63585205370732 
45.63581457815945 
45.63542449012973 
45.6358169719488 
45.63581457815945 
45.63585205370732 
45.6358169719488 
45.63575506441412 
45.63581457815945 
45.63585205370732 
45.63581627106794 
45.63585205370732 
45.635814192721654 
45.6358169719488 
45.635831201419 
45.63239629441642 
45.6356773680681 
45.635772865811404 
45.63579300282078 
45.63585205370732 
45.63585205370732 
45.635814192721654 
45.63581457815945 
45.63581627106794 
45.63583104980929 
45.635814192721654 
45.63581457815945 
45.63581377609703 
45.63585205370732 
45.6358169719488 
45.63585205370732 
45.63585205370732 
