51.391026299398725 
51.3910216175312 
51.391021966242484 
51.38866159791447 
51.3894101973726 
51.161496946409024 
51.16246882338222 
51.39102162077475 
51.39102162077475 
51.390898955786255 
51.38781403861722 
51.391026299398725 
51.3910216175312 
51.3910216175312 
51.391021966242484 
51.39101066639176 
51.390999844087204 
51.3910217211577 
51.391021966242484 
51.387860301838465 
51.39102162077475 
51.39100003916899 
51.391026299398725 
51.39101616343582 
51.38860645656552 
51.391026299398725 
51.39100608812867 
51.391026299398725 
51.391026299398725 
51.3910217211577 
51.3910216175312 
51.39102162077475 
51.391026299398725 
51.3910216175312 
51.391026299398725 
51.3910217211577 
51.39102162077475 
51.391026299398725 
51.3910216175312 
51.39102162077475 
51.3910217211577 
51.39102162077475 
51.391026299398725 
51.39089962969569 
51.3910216175312 
51.391026299398725 
51.391026299398725 
51.39101643920719 
51.3910217211577 
51.39102162077475 
51.39101524453909 
51.3910216175312 
51.391025890058884 
51.3910217211577 
51.391026299398725 
51.391026299398725 
51.391026299398725 
51.39101560098952 
51.39101619051224 
51.3910216175312 
51.3910216175312 
51.391026299398725 
51.39100003916899 
51.391026299398725 
51.39089962969569 
51.3910217211577 
51.3910217211577 
51.390898529183346 
51.391026299398725 
51.391021966242484 
51.39089962969569 
51.3910216175312 
51.391021966242484 
51.391026299398725 
51.3910216175312 
51.39100520564847 
51.391021966242484 
51.391026299398725 
51.39101624415322 
51.391026299398725 
51.39102162077475 
51.3910216175312 
51.39102627937132 
51.390907048210174 
51.3910054941602 
51.39099451160229 
51.39102194628809 
51.391026299398725 
51.391026299398725 
51.39102162077475 
51.391021966242484 
51.3910217211577 
51.390993255075934 
51.39102162077475 
51.391021966242484 
51.39102188635566 
51.391026299398725 
51.3910216175312 
51.391026299398725 
51.391026299398725 
