45.179583491098334 
44.701321340301256 
45.17475648630547 
43.96289668169073 
44.95748509531792 
45.18401025652671 
45.151482766984415 
44.6802639628115 
44.95709413214432 
45.175454882807855 
44.9416617854434 
45.193893060482864 
44.95887062264843 
44.67744408001003 
45.18622333355921 
44.9511517679487 
44.95665097452821 
44.67615016102671 
45.18611903495286 
45.16177266094774 
45.173907166162856 
44.70192709710092 
45.163956666713105 
45.17321616056596 
45.175435556035275 
45.18257099292111 
45.18481179955783 
45.182084039730476 
45.17674943924968 
44.9045002254589 
45.18323900095386 
45.18638178511298 
45.175435556035275 
45.18736077705488 
44.69102766905646 
45.182617726136854 
44.94973565307805 
45.189945923399506 
44.95726523500534 
44.90890934791194 
44.94953661728096 
45.19408287497429 
45.19432295893325 
45.17971192710241 
44.96454505434331 
45.170625102998876 
45.1938895126212 
45.19018719895433 
45.19284455030617 
45.1938895126212 
45.19018719895433 
44.92411516173607 
45.18418044263615 
45.1904491808969 
45.171523196174 
44.70694428263327 
45.172802133329654 
44.96866740821968 
45.18406123562122 
44.942450622342655 
45.17613099094379 
44.93284752786393 
45.18122658282491 
45.19395160978788 
45.193980171174665 
44.69278387920815 
45.18346004140931 
44.96475165176373 
44.94770729936721 
44.91865767386714 
44.67839109313648 
45.19420279782671 
45.18804767812697 
44.95504166562738 
44.944753981717575 
45.186485743028996 
44.959077698530585 
45.1874986557469 
45.19374403694617 
44.704387703564194 
45.168780761478914 
45.18146232235692 
45.18727394682724 
44.686915655892754 
45.187047286809225 
45.17829179770547 
45.17713415642096 
45.179940689100945 
45.17811033420908 
45.18468633488605 
44.9589823045314 
45.17499482089927 
45.182937360074746 
44.953516496215784 
44.65714271127674 
44.67370302544128 
45.19432746847577 
44.94587391057406 
45.19416841925853 
43.94049652092322 
