45.19070172085542 
45.18163935485408 
44.96809765742536 
45.18473986315843 
45.183197921480804 
45.194389159039204 
45.183267798008174 
45.19326952774716 
45.17136902948113 
45.167299504336356 
45.1910593949922 
45.19040414605596 
45.19420822169415 
45.194239900183526 
45.18778317843532 
44.94633530692451 
45.1943718091603 
44.7022612477167 
45.18121888016333 
45.178479437470244 
44.96967683805533 
44.9425638008972 
44.95724862962454 
44.96297831489714 
45.18361961784827 
44.944603282667316 
45.187888732777694 
45.182780342375054 
44.9403161179221 
44.94450660280551 
44.95383284930571 
44.953516128885944 
44.96234761083461 
44.96654570041805 
44.94233531503368 
45.16410678013049 
44.94048265579975 
45.184935606688946 
45.17949255011853 
45.17326408546083 
45.16884542237527 
45.179971337746565 
45.178291829933926 
45.18300692817253 
45.18774394953948 
45.19057627712551 
45.17683501062018 
45.187399062928996 
45.1797471382025 
44.959115341780105 
45.19411559527672 
45.18694948682212 
44.9570776059245 
44.959271081121884 
45.18454755666519 
45.17993212759706 
45.18642938603523 
45.18275137458622 
44.96679750421341 
45.19379197910899 
44.959040642583595 
44.94356064718476 
44.955214767581346 
44.937729050717266 
44.96264997972733 
45.19056140275931 
45.19070172085542 
45.19103845742544 
45.19114336205142 
45.181187957204216 
45.18640715814537 
45.18792251676729 
44.955339739537045 
45.194495381447034 
45.16699198936439 
45.18458496829319 
44.959056549196674 
44.944776977503345 
45.19328615993687 
44.34623346892909 
45.18786143009344 
44.69089531461665 
45.159962746026544 
44.95641491514492 
44.9644343867242 
45.186221398232796 
45.19138685255446 
45.17369074008583 
45.187691463228475 
45.177857245343986 
45.19079242703868 
45.17232898819509 
44.7022612477167 
45.1939236124072 
45.19333442543902 
45.19122568455631 
45.177824055545486 
44.924390882078654 
44.9455786270341 
44.96686512364966 
