45.19365532223744 
45.17991952611825 
44.968058198322694 
45.19384304271344 
44.96283834162382 
45.194304575731785 
45.18468633488605 
44.96577162069928 
44.94709121140337 
43.96179861702686 
45.17839357631813 
45.184289902697266 
45.19422284085067 
45.19430166128778 
45.18615386524878 
44.6697155260281 
45.191127977457086 
44.94582275277958 
45.18224991246086 
45.1753757306005 
44.9641843603103 
45.162332933008905 
45.16740487670341 
45.18759126817603 
45.163594584338874 
44.95160973161712 
45.18442013182334 
45.16876601224111 
45.17913417526402 
44.92253965702857 
44.951994318985264 
44.960779326508906 
44.956858496781834 
45.187790071371666 
44.95329322006711 
44.942333039585336 
45.1592184696155 
45.17505047047248 
45.179340255073406 
45.16974950676516 
45.170355418584535 
45.17041794942085 
45.178013804828744 
45.175193593282906 
45.19349359518474 
44.96056495792346 
45.1855601998432 
45.187422619268226 
44.962550323975925 
44.957036321119155 
45.19106482941581 
44.95840316781294 
44.96442893650203 
45.17374011667558 
45.184256299731565 
45.179880382341516 
45.1910588362133 
44.957054107111446 
44.953848617952495 
44.959077698530585 
44.70252202283271 
44.929262189396496 
44.6871774215239 
44.672418772910085 
45.18587392496005 
45.18419004924706 
45.19365532223744 
45.19105696103684 
44.96463688112709 
44.9640385631249 
45.18791199626405 
44.964743995678496 
44.960259980246974 
45.19447963700694 
44.95000101653652 
45.18288621445954 
45.18128939518497 
44.94838614317772 
45.188661905621856 
44.94587295504421 
45.19396276004146 
44.957878424345516 
44.95221911969871 
44.6728412066902 
44.95544725673437 
45.17835337988318 
45.19141690136444 
45.18403247908239 
45.18137836929845 
45.17260445282161 
45.186150360741294 
44.69625369780686 
44.949439535216754 
45.18603975497613 
45.18728622289882 
45.188071227810866 
44.94415397203435 
45.15148817635972 
45.16530483411017 
44.96305080154258 
