42.30409910034667 
42.28114128322917 
42.30412352132706 
42.30403076192598 
42.30293664906204 
42.30411059902777 
42.30400441793463 
42.07338701752561 
42.30383234174234 
42.304020130615086 
42.302558699739535 
42.30402559871737 
42.29644456548849 
42.30407547539751 
42.3041041368032 
42.30404675428398 
42.303297385674036 
42.30405551839317 
42.303609930996004 
42.29928759766913 
42.30408112530817 
42.29478507681866 
42.30366187853698 
42.3037948220038 
42.29915321895853 
42.3038903087293 
42.303569149180824 
42.30337477673598 
42.29941666065658 
42.30310919254593 
42.30373036636957 
42.30277920988197 
42.30409552158631 
42.30373990433963 
42.303959747580826 
42.299662244459086 
42.29922702430258 
42.30366384895551 
42.29253672871569 
42.2864230924556 
42.2983397304132 
42.303871909898845 
42.29279354197783 
42.304018153377335 
42.304020130615086 
42.30398790731353 
42.2951078590369 
42.30404987149088 
42.30401492387518 
42.295360436876244 
42.30273095574549 
42.304121134833245 
42.30353402742431 
42.303894730336715 
42.26619616837617 
42.30363086871245 
42.30406982978941 
42.30363026443814 
42.304137844880316 
42.30406988649766 
42.30307945511655 
42.30374787521982 
42.30368137394979 
42.30366707447127 
42.304104118781645 
42.30282193995522 
42.30405875343747 
42.30382965925822 
42.30349884384976 
42.30404069382709 
42.304073520746414 
42.303698647283476 
42.303718326700896 
42.30406918696562 
42.30404987149088 
42.30390216293637 
42.30401535022571 
42.30407111610489 
42.304035068517045 
42.29481122813195 
42.29772860814393 
42.303451666271556 
42.30404030792551 
42.07899650929947 
42.29928759766913 
42.30408112530817 
42.29478507681866 
42.29042031667792 
42.30280589263347 
42.30368080423385 
42.290713882929936 
42.30411051780497 
42.30403076192598 
42.30407724709184 
42.292830511798414 
42.3040094055066 
42.30407314884925 
42.293243846279864 
42.30407547539751 
42.3041041368032 
