41.64110244053112 
41.62756867431052 
41.41842470709106 
41.63226114857908 
41.629929302651995 
41.647174600419696 
41.6301020111729 
41.64457733036037 
41.61128418151501 
41.6055790093055 
41.64190211427854 
41.64042893570873 
41.646741159739385 
41.646771500270745 
41.636844538825144 
41.38547900490951 
41.64711515603621 
41.15093087075769 
41.62660796117396 
41.62277340118721 
41.42062946688192 
41.37963355183523 
41.40201728002467 
41.41091476429086 
41.629701906506135 
41.38291434720883 
41.63707373493789 
41.62896475437512 
41.375881059444154 
41.3826922438381 
41.39706760899971 
41.39630842920794 
41.40945306089636 
41.416293904089486 
41.379190055842436 
41.60070554615148 
41.376293737183744 
41.63270578388521 
41.623912006694624 
41.6144524200266 
41.60795748286416 
41.62495631393126 
41.622343561412386 
41.62951453653473 
41.63675014689398 
41.64081942897528 
41.62019156122019 
41.635967832028165 
41.62447887912976 
41.40490554510854 
41.64653034572269 
41.63491952835357 
41.401639986466606 
41.405255931290085 
41.63182874427035 
41.624872893629735 
41.634875507652694 
41.6289183852656 
41.416825726954464 
41.645782465954724 
41.40469872758801 
41.380506541356205 
41.39877009804163 
41.37281718811649 
41.41015795210017 
41.64078110941611 
41.64110244053112 
41.64184444306228 
41.642110201541115 
41.62656794395573 
41.634865989221765 
41.63716273359486 
41.39905352855169 
41.64735386634858 
41.60488437199471 
41.63189054381117 
41.40472595335196 
41.38331573783488 
41.644607404590936 
40.777097431583066 
41.63699388759298 
41.13336826992225 
41.593590071276225 
41.40011648218233 
41.412852045296276 
41.634454960941035 
41.642677438393974 
41.61540837679065 
41.63662397411641 
41.62133358530373 
41.64130636581646 
41.613508378860544 
41.15093087075769 
41.64606068260308 
41.644707245702364 
41.642298282176725 
41.621259447234124 
41.35209467300482 
41.38375224846112 
41.416981776881265 
