45.63581457815945 
45.63585205370732 
45.635814192721654 
45.63581457815945 
45.6358169719488 
45.63577797434727 
45.635814192721654 
45.635814192721654 
45.635814192721654 
45.63585205370732 
45.635814192721654 
45.6358169719488 
45.63577841088714 
45.63585205370732 
45.6358169719488 
45.63581457815945 
45.63581457815945 
45.635814192721654 
45.63585205370732 
45.63585205370732 
45.63585205370732 
45.63528930914944 
45.635426232282725 
45.63585205370732 
45.63585205370732 
45.40814421017434 
45.6358169719488 
45.635393669417816 
45.63581627106794 
45.63540881526814 
45.63585205370732 
45.63585205370732 
45.6358169719488 
45.63585205370732 
45.635831201419 
45.63581457815945 
45.63585205370732 
45.63089999031152 
45.635814192721654 
45.63581627106794 
45.635814192721654 
45.63581627106794 
45.63581457815945 
45.63581457815945 
45.635814192721654 
45.6358169719488 
45.6358169719488 
45.635393669417816 
45.6358169719488 
45.63585205370732 
45.6358169719488 
45.63542449012973 
45.63585205370732 
45.63585205370732 
45.635524472199855 
45.635814192721654 
45.635814192721654 
45.63585205370732 
45.63585205370732 
45.63581457815945 
45.6358169719488 
45.6358169719488 
45.63579348017799 
45.63585205370732 
45.63581457815945 
45.63577841088714 
45.63581627106794 
45.6358169719488 
45.63585205370732 
45.63528908381604 
45.635814192721654 
45.63585205370732 
45.63581627106794 
45.635831201419 
45.63585205370732 
45.63585205370732 
45.635814192721654 
45.6358169719488 
45.63581457815945 
45.635814192721654 
45.63585205370732 
45.6358169719488 
45.635814192721654 
45.63581457815945 
45.63581457815945 
45.6358169719488 
45.63585205370732 
45.63585205370732 
45.63585205370732 
45.63585205370732 
45.63528930914944 
45.635393669417816 
45.63528930914944 
45.635426232282725 
45.6358169719488 
45.63585205370732 
45.635393669417816 
45.63581627106794 
45.63585205370732 
45.635393669417816 
