51.64024946918598 
51.6402678642164 
51.64026695327727 
51.64026564579471 
51.640250443708425 
51.63875588913623 
51.6402023013018 
51.640230455121554 
51.640268703542 
51.64017103850994 
51.640137490550046 
51.64024947866856 
51.64021027036196 
51.63727486433203 
51.640270550710774 
51.64024992968449 
51.64021030153025 
51.64025028487594 
51.6402664544845 
51.64026731839616 
51.640269507343056 
51.64026535970694 
51.64018690972319 
51.640247050658715 
51.64022752976088 
51.640203033501244 
51.63585606863027 
51.41542567407578 
51.64015800561844 
51.640217380708485 
51.640205653196084 
51.64010679607741 
51.64021626439929 
51.640200760624175 
51.640222998592314 
51.640230363833616 
51.640268700768814 
51.64021868686167 
51.64021588094312 
51.64016506735809 
51.638766775030895 
51.64023421855505 
51.640267479967214 
51.640081391941585 
51.64019238456798 
51.63657300194605 
51.64024787596667 
51.64022875922758 
51.640267754112415 
51.64025666631344 
51.64007868777977 
51.64026901184255 
51.63864642494956 
51.6402663253453 
51.63875900735409 
51.640266908520786 
51.640268095341625 
51.640220360770726 
51.64026483279467 
51.64023387444401 
51.64026756656598 
51.64023971035039 
51.63510261583007 
51.640249218601014 
51.64020680928224 
51.63655591698226 
51.64014784349295 
51.64024947866856 
51.64021027036196 
51.63727486433203 
51.640270550710774 
51.64024992968449 
51.640177096084656 
51.632739534026655 
51.63870833754925 
51.64026703530344 
51.640270550710774 
51.636576615820495 
51.640211389964605 
51.6402642132499 
51.64022847183797 
51.638803508577915 
51.63801711596261 
51.63876885522958 
51.64025764153599 
51.640267479967214 
51.6402643781957 
51.63729305153454 
51.640247050658715 
51.64023421855505 
51.64026703530344 
51.640266660624775 
51.64026919471898 
51.64019163486079 
51.640235748415236 
51.64022142682707 
51.640268124909205 
51.63848526895512 
51.640268068480715 
51.64018801246056 
