41.64562379413715 
41.62932358171762 
41.42122279165411 
41.63696005097176 
41.6322551400062 
41.64712370860363 
41.6372219153069 
41.63570618100209 
41.141669604037595 
41.5931940718981 
41.629178842000016 
41.64050287220978 
41.64206115515548 
41.64202561301325 
41.64118128121406 
41.141616963927824 
41.637609807596014 
41.39558515839347 
41.63002012305812 
41.62053206931234 
41.41544572668233 
40.82763466685863 
41.60588196853495 
41.41559843856019 
41.61282469709462 
41.38588830772729 
41.627292087880164 
41.395942181502235 
41.618542954043676 
41.58855539600845 
41.61133459137491 
41.62742950168677 
41.40411289242758 
41.62998775386649 
41.37953154979162 
41.13227037034712 
41.382974117389935 
41.63184073807873 
41.62174950166198 
41.61694419361799 
41.59596166454304 
41.610003266146784 
41.631931924725706 
41.61497026814775 
41.63329351295031 
41.418616963992285 
41.63052750809825 
41.63592383541796 
41.40776038141292 
41.40474740925788 
41.64690905231716 
41.628270567094965 
41.404628986907206 
41.41568745013579 
41.636546044326934 
41.61309015196978 
41.646618761943266 
41.409679995980845 
41.63281174183467 
41.63451316880403 
41.63872305416911 
41.37068823219371 
41.3931733274973 
41.148403486908606 
41.41575551548233 
41.631391575654426 
41.64562379413715 
41.646552195205615 
41.41378877383262 
41.619160996158435 
41.635082002750096 
41.416545214195615 
41.62654011569139 
41.64740749393948 
41.623987307500755 
41.638507702286525 
41.6411027688471 
41.380546295704086 
41.634933261709584 
41.621019110367 
41.63964955136338 
41.632207020998905 
41.39343885866222 
41.62735446871784 
41.41599294042228 
41.39938701509677 
41.64278043088078 
41.633635234144684 
41.63686042622688 
41.625799105433295 
41.636781652824304 
41.14210848295051 
41.3956173055316 
41.40782052125294 
41.64041564518622 
41.64680667433113 
41.609844717465705 
41.379619366558465 
41.40832906325088 
41.41626062854472 
