51.64026901184255 
51.63279454511075 
51.64026997035056 
51.64026626928529 
51.640139355159576 
51.64026945127525 
51.640261855991376 
51.415310455434785 
51.6402413728968 
51.64026585966982 
51.64009708687747 
51.640266102984356 
51.637942684199395 
51.64026804585962 
51.64026919471898 
51.640266908520786 
51.640186057427485 
51.640267244514476 
51.64021892875251 
51.63875095454084 
51.64026827944556 
51.6372663216256 
51.64022264465686 
51.640239899093935 
51.638738791971555 
51.640247053848725 
51.64021556937623 
51.64018912805233 
51.63876458443152 
51.640164945893 
51.64023393121424 
51.6401262908534 
51.64026885472314 
51.640229176296046 
51.64025663896434 
51.63878799714296 
51.638748523425775 
51.640219338486595 
51.636527207555446 
51.63436924148827 
51.63864518559177 
51.6402480242189 
51.636554456742445 
51.640265808926515 
51.64026585966982 
51.64026458438442 
51.63730129560572 
51.64026703530344 
51.64026223341237 
51.63733181440403 
51.64011927455652 
51.64026987768117 
51.64021074138694 
51.64024894896823 
51.62768618102173 
51.64022313630231 
51.640267824641164 
51.64022139565956 
51.640270550710774 
51.64026784346021 
51.640158645080064 
51.64023632327283 
51.64022343343392 
51.64021948498407 
51.640269194507596 
51.6401296533714 
51.64026739090459 
51.64024125792709 
51.640205960412175 
51.64026666946445 
51.64026799535178 
51.64022752477 
51.64023173957028 
51.64026780380127 
51.64026703530344 
51.640249218601014 
51.64026567444896 
51.64026787216819 
51.6402664544845 
51.6372725254315 
51.63857659543989 
51.640200691177235 
51.64026665201489 
51.41708399452723 
51.63875095454084 
51.64026827944556 
51.6372663216256 
51.63579821919954 
51.64012731110283 
51.640230241399294 
51.63582519486793 
51.64026945010862 
51.64026626928529 
51.64026811827066 
51.63655591698226 
51.6402654610837 
51.64026794800782 
51.636599609336905 
51.64026804585962 
51.64026919471898 
