45.6358214070937 
45.63585295999195 
45.635818701321945 
45.6358214070937 
45.63581886234087 
45.63576454675027 
45.635818701321945 
45.635818701321945 
45.635818701321945 
45.63585295999195 
45.635818701321945 
45.63581886234087 
45.63578518122315 
45.63585295999195 
45.63581886234087 
45.6358214070937 
45.6358214070937 
45.635818701321945 
45.63585295999195 
45.63585295999195 
45.63585295999195 
45.63538886446008 
45.63535563925218 
45.63585295999195 
45.63585295999195 
45.40482265104756 
45.635798298267716 
45.63540724312277 
45.635819439189966 
45.63535755180928 
45.63585295999195 
45.63585295999195 
45.63581886234087 
45.63585295999195 
45.63585281309999 
45.6358214070937 
45.63585295999195 
45.63097497288991 
45.635818701321945 
45.635819439189966 
45.635818701321945 
45.635819439189966 
45.6358214070937 
45.6358214070937 
45.635818701321945 
45.63581886234087 
45.63581886234087 
45.63540724312277 
45.63581886234087 
45.63585295999195 
45.63581886234087 
45.6353732672406 
45.63585295999195 
45.63585295999195 
45.63542348643468 
45.635818701321945 
45.635818701321945 
45.63585295999195 
45.63585295999195 
45.6358214070937 
45.63581886234087 
45.63581886234087 
45.63577743342779 
45.63585295999195 
45.6358214070937 
45.63578518122315 
45.635819439189966 
45.635798298267716 
45.63585295999195 
45.635416810409396 
45.635818701321945 
45.63585295999195 
45.635819439189966 
45.63585281309999 
45.63585295999195 
45.63585295999195 
45.635818701321945 
45.63581886234087 
45.6358214070937 
45.635818701321945 
45.63585295999195 
45.63581886234087 
45.635818701321945 
45.6358214070937 
45.6358214070937 
45.63581886234087 
45.63585295999195 
45.63585295999195 
45.63585295999195 
45.63585295999195 
45.63538886446008 
45.63540724312277 
45.63538886446008 
45.63535563925218 
45.63581886234087 
45.63585295999195 
45.63540724312277 
45.635819439189966 
45.63585295999195 
45.63540724312277 
