45.63585295999195 
45.63540724312277 
45.63585295999195 
45.635818701321945 
45.635818701321945 
45.63575964056531 
45.63575725957184 
45.635819439189966 
45.63585295999195 
45.63585295999195 
45.63585295999195 
45.63585295999195 
45.635818701321945 
45.63581886234087 
45.63578518122315 
45.63585295999195 
45.63581886234087 
45.63585295999195 
45.635819439189966 
45.63585295999195 
45.63585295999195 
45.63585295999195 
45.6358214070937 
45.63585295999195 
45.635818701321945 
45.6358214070937 
45.635818701321945 
45.6358214070937 
45.63585295999195 
45.635819439189966 
45.63585295999195 
45.63585295999195 
45.635819439189966 
45.6358214070937 
45.63585295999195 
45.63581886234087 
45.63581886234087 
45.635818701321945 
45.63585295999195 
45.635819439189966 
45.63585295999195 
45.63581886234087 
45.63585295999195 
45.635818701321945 
45.63578518122315 
45.63585295999195 
45.63585295999195 
45.6358214070937 
45.63581886234087 
45.635818701321945 
45.635818701321945 
45.635818701321945 
45.63540724312277 
45.63581886234087 
45.635819439189966 
45.63585295999195 
45.63585295999195 
45.63585295999195 
45.6358214070937 
45.6358214070937 
45.63585295999195 
45.63581886234087 
45.63585295999195 
45.6358214070937 
45.6358214070937 
45.63581886234087 
45.6358214070937 
45.635818701321945 
45.63581886234087 
45.63585295999195 
45.63538886446008 
45.63578518122315 
45.63581886234087 
45.63581886234087 
45.63581886234087 
45.635819439189966 
45.63585295999195 
45.63585295999195 
45.63578518122315 
45.63581886234087 
45.63585295999195 
45.63576462196669 
45.635818701321945 
45.6358214070937 
45.635819439189966 
45.6358214070937 
45.63581886234087 
45.6358214070937 
45.63578518122315 
45.63581886234087 
45.635819439189966 
45.6358214070937 
45.6358214070937 
45.635818701321945 
45.63585295999195 
45.63585295999195 
45.63581886234087 
45.63585295999195 
45.635819439189966 
45.635818701321945 
