45.635811555513214 
45.63585118323298 
45.635812153914074 
45.635811555513214 
45.635810752996015 
45.6357733692608 
45.635812153914074 
45.635812153914074 
45.635812153914074 
45.63585118323298 
45.635812153914074 
45.635810752996015 
45.63577387765807 
45.63585118323298 
45.635810752996015 
45.635811555513214 
45.635811555513214 
45.635812153914074 
45.63585118323298 
45.63585118323298 
45.63585118323298 
45.635347909280966 
45.63526524754649 
45.63585118323298 
45.63585118323298 
45.620745867419345 
45.63579019457844 
45.63521541274934 
45.63581290625529 
45.63525164636022 
45.63585118323298 
45.63585118323298 
45.635810752996015 
45.63585118323298 
45.635830189051916 
45.635811555513214 
45.63585118323298 
45.63531297527596 
45.635812153914074 
45.63581290625529 
45.635812153914074 
45.63581290625529 
45.635811555513214 
45.635811555513214 
45.635812153914074 
45.635810752996015 
45.635810752996015 
45.63521541274934 
45.635810752996015 
45.63585118323298 
45.635810752996015 
45.63526685567573 
45.63585118323298 
45.63585118323298 
45.63529077842312 
45.635812153914074 
45.635812153914074 
45.63585118323298 
45.63585118323298 
45.635811555513214 
45.635810752996015 
45.635810752996015 
45.63575008965116 
45.63585118323298 
45.635811555513214 
45.63577387765807 
45.63581290625529 
45.63579019457844 
45.63585118323298 
45.63533921781726 
45.635812153914074 
45.63585118323298 
45.63581290625529 
45.635830189051916 
45.63585118323298 
45.63585118323298 
45.635812153914074 
45.635810752996015 
45.635811555513214 
45.635812153914074 
45.63585118323298 
45.635810752996015 
45.635812153914074 
45.635811555513214 
45.635811555513214 
45.635810752996015 
45.63585118323298 
45.63585118323298 
45.63585118323298 
45.63585118323298 
45.635347909280966 
45.63521541274934 
45.635347909280966 
45.63526524754649 
45.635810752996015 
45.63585118323298 
45.63521541274934 
45.63581290625529 
45.63585118323298 
45.63521541274934 
