42.48256841697192 
42.48281818248798 
42.48279956865312 
42.48275713050609 
42.48259433979064 
42.47369316333661 
42.482150822100415 
42.48231019360954 
42.482452456870526 
42.482299158988205 
42.47786085512429 
42.48275850267826 
42.482166736450665 
42.48241013644932 
42.48212868554576 
42.48176573841699 
42.477445233573185 
42.48284732681512 
42.48192927551664 
42.48243531806226 
42.482337566077206 
42.48287041539625 
42.482337566077206 
42.47762086317685 
42.48273386668236 
42.48254048564765 
42.48227954252219 
42.4820819458195 
42.48275425411369 
42.482324026437354 
42.482337566077206 
42.48280738289286 
42.482699567379335 
42.48233933032036 
42.482755529619965 
42.482424855967366 
42.48277492175486 
42.48278823184026 
42.482607568812696 
42.482771102319944 
42.48239852161954 
42.482819305413116 
42.480941240641364 
42.48228902218307 
42.48288688273211 
42.48263231894971 
42.481767268258686 
42.482873353464036 
42.48229205722114 
42.48172618411409 
42.48230715422352 
42.482755529619965 
42.482413446833455 
42.48284732681512 
42.482788839294095 
42.48283667256347 
42.48288877288433 
42.482799114815755 
42.482337566077206 
42.48256841697192 
42.48281818248798 
42.47764161895681 
42.482640011587335 
42.48216198781514 
42.48283140230591 
42.48212965911108 
42.48223269207331 
42.48183296066971 
42.48187300133779 
42.48189652155966 
42.476321181603595 
42.482866968041925 
42.48083251401252 
42.482303539133646 
42.48258775239516 
42.48227674256822 
42.482174438289675 
42.48281503237249 
42.482337932727624 
42.482795878216365 
42.47809827123657 
42.48279956865312 
42.482824931837335 
42.47749837735463 
42.482748797329826 
42.481825614047345 
42.48191844568615 
42.48274173910628 
42.48127558198051 
42.48284615274759 
42.48209645066594 
42.48244827263686 
42.48254557335008 
42.48281981027079 
42.47014226248017 
42.48278308720229 
42.48223222935066 
42.48205073927716 
42.48274268164971 
42.48284302959086 
