41.64544408755818 
41.62482722832783 
41.41831737015172 
41.645860739212864 
41.41056630217008 
41.64697425360347 
41.63212765462319 
41.414507457081704 
41.38576752334324 
40.40817758816552 
41.62254248001509 
41.63123550033691 
41.64676105590746 
41.646886682145905 
41.63431232008855 
41.10171967816384 
41.64209173818402 
41.38427822027186 
41.62775596559086 
41.61805475157056 
41.41225047508585 
41.59781211164902 
41.60581602256881 
41.63635761129392 
41.59949385463627 
41.39331470784509 
41.631534631430185 
41.60769689533118 
41.62301469582557 
41.349245045354685 
41.394252040379655 
41.4073025681589 
41.40108613253347 
41.636838552788554 
41.39582022329179 
41.37909722644791 
41.59311236610044 
41.61729980543174 
41.62355921558894 
41.60878971468742 
41.61019967659827 
41.61030897976572 
41.62169320317299 
41.6176314551196 
41.6450752901295 
41.40680282014948 
41.63291800187389 
41.636005490764184 
41.409956434158914 
41.40153622061518 
41.641942198672446 
41.40323765087957 
41.41283227936631 
41.615521061900374 
41.631146344584714 
41.62474513433169 
41.641818284584716 
41.40156408943471 
41.39703935570238 
41.404819530617765 
41.151510462698575 
41.35900792852808 
41.12819267143929 
41.10624327570139 
41.63363324368754 
41.630999571948045 
41.64544408755818 
41.64186465287339 
41.41331021901317 
41.41193970467095 
41.63708449217523 
41.41355540990741 
41.40609023494301 
41.64729662626188 
41.39103685971251 
41.62919081111073 
41.62672671547982 
41.388749422991644 
41.63761142253856 
41.38440009385795 
41.64612479373959 
41.40204881153972 
41.39327465911319 
41.10546018869575 
41.39928194858489 
41.62245774234425 
41.642736758154314 
41.63063303388169 
41.626976830104205 
41.61291878104647 
41.63427447780066 
41.14225658700977 
41.38974656453693 
41.63402890806866 
41.635671228427626 
41.637468968665964 
41.38186421729422 
41.58144606015226 
41.602231256753065 
41.41103540707769 
