45.179764202796726 
44.96200727492558 
45.17950268200288 
44.368638508695874 
44.954052575236176 
45.19056392883483 
44.94770526379157 
44.96278026404926 
44.95540440469114 
45.18794740620867 
44.63891730768553 
45.193897563711595 
45.173368689415284 
44.938309754455375 
45.18482006788363 
44.6887301004982 
44.95897388205541 
44.355140271948834 
45.19093455535621 
44.93635507674578 
45.18333272480781 
44.96431477596928 
44.93532667715186 
45.18713535339075 
45.17235476889158 
45.19041403743283 
45.187946958557504 
45.19136143816054 
45.18629016242322 
44.637342950009405 
45.19407840476257 
44.94906728736543 
45.17235476889158 
45.18749714009345 
44.697786916764834 
45.17182945053801 
44.95183795977731 
45.19026208221342 
44.96487881992827 
44.3100821452293 
45.173622284115076 
45.1943708555485 
45.191375925703284 
45.173956610725675 
45.18764792001093 
45.181750715721186 
44.687366638450484 
45.193697558903715 
45.18710427090296 
44.687366638450484 
45.193697558903715 
44.68291767436796 
45.1907298168042 
45.18751280700154 
45.16843806454718 
45.187275749850784 
44.943980684354365 
45.19141148739704 
45.18461612275162 
45.178036148838416 
45.187551413745076 
44.67825341011053 
45.193990609039844 
45.1907513538672 
45.19392922700917 
44.955880406945084 
45.19122323995796 
45.19093556493739 
45.18761051886704 
44.68082939145527 
44.68733934578849 
45.19122605937358 
45.19120329851655 
44.953390510028655 
44.95420261874536 
45.18114138478231 
45.19379197910899 
45.17226927583066 
45.1939985839465 
44.950103178259454 
45.173097710404186 
45.18766117025069 
44.96990282278789 
44.36000958803735 
45.18901964188535 
44.69862465864197 
45.18031566537924 
45.178605949785684 
45.18302718462657 
45.183267798008174 
45.17810687835616 
45.16900961063416 
45.19102001790354 
44.96286149959025 
44.65085857560533 
44.69352721184272 
45.19442029114116 
44.95134330691256 
45.19418821144976 
44.95362387999791 
