51.64026863466814 
51.62982014347047 
51.64027002334828 
51.640265674775584 
51.63721986316823 
51.640269286894295 
51.64026660418362 
51.631367707080756 
51.6401999346988 
51.6402660336566 
51.63855740831461 
51.64026555910777 
51.63725903610142 
51.64026815425051 
51.64026842715579 
51.640266277800464 
51.64021172927944 
51.64026700611676 
51.64021551355371 
51.640202153173874 
51.64026738207655 
51.63873907814499 
51.64021179831568 
51.64022894078427 
51.637988451959046 
51.640262091139796 
51.64018645062704 
51.640214661672665 
51.41627771563406 
51.64015151685957 
51.64022305523114 
51.64013868405239 
51.64026389903176 
51.6402321952992 
51.64026668747169 
51.64023916579334 
51.63874877041562 
51.64021900332392 
51.63727666130762 
51.63657476225942 
51.63864462932799 
51.640229746733574 
51.638012750047395 
51.64026554154272 
51.6402660336566 
51.64026413486999 
51.63730332695156 
51.64026670547994 
51.64025178875233 
51.6373313088722 
51.638672302344524 
51.64026976735876 
51.635797955187016 
51.640251181926196 
51.41367950829165 
51.64019650516383 
51.640267959198326 
51.64020545968198 
51.64027051383956 
51.64026747518756 
51.64015898158301 
51.64023533921156 
51.640236182706694 
51.64021947592766 
51.64026873994101 
51.64017024365099 
51.64026733418422 
51.640243306540405 
51.64022073107484 
51.64026591042809 
51.640267791183085 
51.638770747755885 
51.640176966453936 
51.640267315779816 
51.64026670547994 
51.64025658334098 
51.64026502038323 
51.64026736929662 
51.64026570580367 
51.640155646385935 
51.64002736512709 
51.64018672262357 
51.64026620173161 
51.64021270620929 
51.640202153173874 
51.64026738207655 
51.63873907814499 
51.634334270637474 
51.63868840254743 
51.64020614491797 
51.63799818579346 
51.64026957679322 
51.640265674775584 
51.640267726053104 
51.640254264644085 
51.64026472501508 
51.640268063845916 
51.64026961313867 
51.64026815425051 
51.64026842715579 
