51.39102073538875 
51.39102617466656 
51.39102084530742 
51.39102073538875 
51.39102062557491 
51.39101554768892 
51.39102084530742 
51.39102084530742 
51.39102084530742 
51.39102617466656 
51.39102084530742 
51.39102062557491 
51.39101561738253 
51.39102617466656 
51.39102062557491 
51.39102073538875 
51.39102073538875 
51.39102084530742 
51.39102617466656 
51.39102617466656 
51.39102617466656 
51.39089758371689 
51.390875665821895 
51.39102617466656 
51.39102617466656 
51.38338212347837 
51.39101515855035 
51.39086223414672 
51.39102094672843 
51.390869831278124 
51.39102617466656 
51.39102617466656 
51.39102062557491 
51.39102617466656 
51.39102064787723 
51.39102073538875 
51.39102617466656 
51.39089279443571 
51.39102084530742 
51.39102094672843 
51.39102084530742 
51.39102094672843 
51.39102073538875 
51.39102073538875 
51.39102084530742 
51.39102062557491 
51.39102062557491 
51.39086223414672 
51.39102062557491 
51.39102617466656 
51.39102062557491 
51.39087192384417 
51.39102617466656 
51.39102617466656 
51.39088313394777 
51.39102084530742 
51.39102084530742 
51.39102617466656 
51.39102617466656 
51.39102073538875 
51.39102062557491 
51.39102062557491 
51.39100439265104 
51.39102617466656 
51.39102073538875 
51.39101561738253 
51.39102094672843 
51.39101515855035 
51.39102617466656 
51.39089510198343 
51.39102084530742 
51.39102617466656 
51.39102094672843 
51.39102064787723 
51.39102617466656 
51.39102617466656 
51.39102084530742 
51.39102062557491 
51.39102073538875 
51.39102084530742 
51.39102617466656 
51.39102062557491 
51.39102084530742 
51.39102073538875 
51.39102073538875 
51.39102062557491 
51.39102617466656 
51.39102617466656 
51.39102617466656 
51.39102617466656 
51.39089758371689 
51.39086223414672 
51.39089758371689 
51.390875665821895 
51.39102062557491 
51.39102617466656 
51.39086223414672 
51.39102094672843 
51.39102617466656 
51.39086223414672 
