51.39102617466656 
51.39102062557491 
51.39102073538875 
51.38786957237571 
51.38784275176597 
51.165049391584475 
51.381046385364 
51.39102084530742 
51.39102084530742 
51.38939371636426 
50.89513354022475 
51.39102617466656 
51.39102062557491 
51.39102062557491 
51.39102073538875 
51.39100439265104 
51.391020906819634 
51.39102094672843 
51.39102073538875 
51.38479944071947 
51.39102084530742 
51.39102073538875 
51.39102617466656 
51.39101535776625 
51.386336040192276 
51.39102617466656 
51.390999164666134 
51.39102617466656 
51.39102617466656 
51.39102094672843 
51.39102062557491 
51.39102084530742 
51.39102617466656 
51.39102062557491 
51.39102617466656 
51.39102094672843 
51.39102084530742 
51.39102617466656 
51.39102062557491 
51.39102084530742 
51.39102094672843 
51.39102084530742 
51.39102617466656 
51.39087192384417 
51.39102062557491 
51.39102617466656 
51.39102617466656 
51.39102073538875 
51.39102094672843 
51.39102084530742 
51.39097900126392 
51.39102062557491 
51.39102000929758 
51.39102094672843 
51.39102617466656 
51.39102617466656 
51.39102617466656 
51.391008911879275 
51.39097669766347 
51.39102062557491 
51.39102062557491 
51.39102617466656 
51.39102073538875 
51.39102617466656 
51.39087192384417 
51.39102094672843 
51.39102094672843 
51.390875665821895 
51.39102617466656 
51.39102073538875 
51.39087192384417 
51.39102062557491 
51.39102073538875 
51.39102617466656 
51.39102062557491 
51.390987772286444 
51.39102073538875 
51.39102617466656 
51.391015509553526 
51.39102617466656 
51.39102084530742 
51.39102062557491 
51.39102064787723 
51.389387514266375 
51.389483049756294 
51.39102067530928 
51.3909795317506 
51.39102617466656 
51.39102617466656 
51.39102084530742 
51.39102073538875 
51.39102094672843 
51.3910041457968 
51.39102084530742 
51.39102073538875 
51.39102055562825 
51.39102617466656 
51.39102062557491 
51.39102617466656 
51.39102617466656 
