41.63255244382086 
41.63654495976424 
41.630896592416725 
41.407317766215435 
41.626583335523904 
41.61966683907762 
41.612174978583695 
41.620504742891185 
41.37308146418875 
41.39075013151626 
41.12512747491827 
41.14124943325586 
41.344812309522645 
41.409641082146116 
41.635765939559604 
41.64143407626511 
41.614206649958376 
41.63912733408671 
41.39463561700858 
41.42130741232444 
41.635543084349955 
41.42191888547589 
41.393899873361164 
41.631254851152384 
41.646057001340466 
41.144192935046284 
41.12541196690277 
41.13270358642014 
41.39898277807795 
41.598331246944866 
41.14335893699954 
41.63701923805939 
40.81519860052159 
41.64693568876099 
41.63768753934385 
40.816219414774075 
41.63617162361863 
41.631012999961555 
41.581757218455 
41.61455883501683 
41.64042920202062 
41.41323266796156 
41.636359239834825 
41.62346531585526 
41.642440150623166 
41.377734272197415 
41.623049759144415 
41.644664647045246 
40.366847059664664 
41.62528499856815 
41.12225645415113 
41.40871073968466 
41.36842795800695 
41.12135040246269 
41.62400670674398 
41.63397457604172 
41.598689666026665 
41.63318882319674 
41.637349818647486 
41.41507549493973 
41.63736841111945 
41.636711420256646 
41.60577951331209 
41.36901146159943 
41.61702626148633 
41.63332087729181 
41.64739919954773 
41.606155122703996 
41.3954358880816 
41.392574388659135 
41.36243746117422 
41.39499776648043 
41.57824699980148 
41.64736086498437 
41.62595973731827 
41.615361885075394 
41.411115542437216 
41.398266555135244 
41.5934620519543 
41.636211499482684 
41.12138483572238 
41.633244697975094 
41.40873770020226 
41.61844364255703 
41.63966934415969 
41.38172837926884 
41.144305386663646 
41.63515217635821 
41.12787505469656 
41.59358991836006 
41.40433244241116 
41.626144049065815 
41.406730379239114 
40.31869797489979 
41.635176909062466 
41.582065140521564 
41.612505573543025 
41.63334882467156 
41.13712416594897 
41.627927981908115 
