42.48267193601002 
42.48282842020557 
42.482806665044066 
42.48277582861698 
42.48265536147721 
42.47819019237299 
42.482272923916284 
42.48250137913151 
42.482591162221034 
42.482534809019825 
42.47742475242743 
42.48275860339458 
42.47357425716636 
42.482312207190255 
42.48229198628936 
42.481969263292044 
42.4815442614725 
42.48285959726623 
42.48172546492655 
42.482326809818595 
42.48243640784562 
42.48286881875311 
42.48243640784562 
42.48167508739911 
42.48275626096908 
42.48251065412859 
42.4822194613616 
42.482323080704006 
42.48280783567484 
42.48239666575922 
42.48243640784562 
42.482819134819785 
42.48284439592018 
42.48238158524496 
42.48276058306348 
42.47826884164118 
42.48279061735274 
42.48280120249031 
42.482643529666774 
42.48278510617697 
42.482510371037044 
42.482818533285254 
42.48124594957917 
42.482158548098454 
42.482889433698205 
42.482607480853346 
42.48178184442138 
42.482874016082015 
42.48225664983269 
42.4818684143378 
42.482339395468316 
42.48276058306348 
42.482533593124835 
42.48285959726623 
42.48280367675195 
42.482841939653845 
42.48289131930713 
42.48280858983442 
42.48243640784562 
42.48267193601002 
42.48282842020557 
42.48176064778283 
42.48272675775185 
42.48238429576561 
42.48283046671164 
42.47797772281179 
42.48243645238297 
42.481759811534396 
42.48184784151649 
42.48214026403753 
42.48256911449271 
42.4828738307738 
42.480907422254084 
42.48210828604096 
42.48237189482086 
42.482162157241085 
42.48218362662168 
42.48282855904986 
42.48226805830766 
42.482807426798594 
42.475987900740606 
42.482806665044066 
42.482836389431675 
42.47521225278035 
42.48277948662338 
42.482170688119524 
42.48216086000063 
42.48273835297249 
42.47745979423097 
42.48284696526801 
42.4821814774298 
42.482546180153165 
42.48240718963004 
42.482833964696496 
42.47589252837474 
42.482780630813025 
42.482261091271646 
42.48244853431676 
42.482767273913474 
42.48285002690728 
