38.274167377246954 
38.27416289090628 
38.274167377246954 
38.274167377246954 
38.274167377246954 
38.27416646278696 
38.27416685715249 
38.274167377246954 
38.274167377246954 
38.274167377246954 
38.274167377246954 
38.274167377246954 
38.274167377246954 
38.274166961471735 
38.274167377246954 
38.274167377246954 
38.274166961471735 
38.274167377246954 
38.274167377246954 
38.274167377246954 
38.274167377246954 
38.274167377246954 
38.274166973758625 
38.274167377246954 
38.274167377246954 
38.274166973758625 
38.274167377246954 
38.274166973758625 
38.274167377246954 
38.274167377246954 
38.274167377246954 
38.274167377246954 
38.274167377246954 
38.274166973758625 
38.274167377246954 
38.274166961471735 
38.274166961471735 
38.274167377246954 
38.274167377246954 
38.274167377246954 
38.274167377246954 
38.274166961471735 
38.274167377246954 
38.274167377246954 
38.274167377246954 
38.274167377246954 
38.274167377246954 
38.274166973758625 
38.274166961471735 
38.274167377246954 
38.274167377246954 
38.274167377246954 
38.27416289090628 
38.274166961471735 
38.274167377246954 
38.274167377246954 
38.274167377246954 
38.274167377246954 
38.274166973758625 
38.274166973758625 
38.274167377246954 
38.274166961471735 
38.274167377246954 
38.274166973758625 
38.274166973758625 
38.274166961471735 
38.274166973758625 
38.274167377246954 
38.274166961471735 
38.274167377246954 
38.27416194836707 
38.274167377246954 
38.274166961471735 
38.274166961471735 
38.274166961471735 
38.274167377246954 
38.274167377246954 
38.274167377246954 
38.274167377246954 
38.274166961471735 
38.274167377246954 
38.274167377246954 
38.274167377246954 
38.274166973758625 
38.274167377246954 
38.274166973758625 
38.274166961471735 
38.274166973758625 
38.274167377246954 
38.274166961471735 
38.274167377246954 
38.274166973758625 
38.274166973758625 
38.274167377246954 
38.274167377246954 
38.274167377246954 
38.274166961471735 
38.274167377246954 
38.274167377246954 
38.274167377246954 
