34.949903532050996 
34.949544714297105 
34.95004235145267 
34.94985301621347 
34.949831177084256 
34.950055773594876 
34.94982619481107 
34.950028848205115 
34.94962988701338 
34.94958031870382 
34.94998140403335 
34.949979856658906 
34.95004972341417 
34.950050405065944 
34.949913909283765 
34.941499662502125 
34.950056721087655 
34.9330761857751 
34.94983564552578 
34.949507518690694 
34.94454856416412 
34.94954832811266 
34.94403384325385 
34.94171406439601 
34.94987232556685 
34.94424463661217 
34.94998365482403 
34.94972193413236 
34.94443891587485 
34.94378156031974 
34.9500544123825 
34.950054115285425 
34.94180393340535 
34.94998282378065 
34.94114077943808 
34.949377377678736 
34.94107791625857 
34.949831962524115 
34.94949990036228 
34.94939056926562 
34.949987692406566 
34.9499786964204 
34.950037687308566 
34.94982549249019 
34.94990267148773 
34.95004412139974 
34.94950207859085 
34.94997890142159 
34.94968355774943 
34.94413455529963 
34.95005653105016 
34.94991997072794 
34.94989489996435 
34.944457545281665 
34.949841527231854 
34.94949990036228 
34.949888917751245 
34.94972515755944 
34.94452268398002 
34.95003465940153 
34.94429077157565 
34.9444330247126 
34.94979996034003 
34.92770975067611 
34.94444791631819 
34.94998550304401 
34.949903532050996 
34.949985796547274 
34.949987107313376 
34.94972239411929 
34.95004396778621 
34.94992989752887 
34.94407067511451 
34.95005408390223 
34.95004577141844 
34.95004421381127 
34.94997781916628 
34.950054446721445 
34.950048643081075 
34.36156751288692 
34.94985566902548 
34.94451518633033 
34.949716998176385 
34.94982588601599 
34.938830330989134 
34.94998140403335 
34.95005529506689 
34.949540611033584 
34.94990851901286 
34.94972875740175 
34.94998436524011 
34.949682684750606 
34.938492278341826 
34.95003870405693 
34.95003551332247 
34.95005487169837 
34.94959644591508 
34.944142047071516 
34.9441082183029 
34.94458780337544 
