37.90634561407308 
37.9061865876321 
37.9064041188651 
37.906321834324004 
37.906310911816774 
37.9064079728786 
37.90630940550051 
37.90640018208012 
37.9062295842884 
37.906201463664786 
37.90637743600909 
37.906376900208926 
37.906406191376654 
37.906406625464996 
37.90634860703228 
37.90082863812121 
37.90640822448736 
37.895308456930536 
37.90631664196378 
37.9061711333029 
37.90277997333139 
37.906187559511174 
37.902552826325504 
37.90092309374837 
37.90633658777764 
37.9026414666616 
37.906378008250734 
37.90626544029327 
37.90272981875763 
37.90244287765323 
37.90640757371393 
37.90640748226155 
37.90096754061448 
37.90637777971029 
37.90067410696293 
37.906115022732685 
37.90064675097791 
37.90631116522906 
37.90616428667675 
37.906118830388465 
37.90637902944662 
37.906376640597344 
37.906402707974244 
37.90630910130121 
37.906345312676066 
37.90640479850952 
37.90616953726082 
37.9063766470994 
37.90624962139047 
37.90259576485908 
37.9064081874024 
37.906350323701254 
37.9063384367904 
37.90273528904389 
37.90631842418677 
37.90616428667675 
37.90633686944576 
37.906266235363056 
37.902763415146815 
37.90640201746427 
37.90266401325549 
37.90272810218824 
37.90629729167635 
37.89173505402769 
37.90273254403577 
37.906378569453814 
37.90634561407308 
37.90637886104881 
37.906379183401036 
37.90626549627346 
37.906404768637636 
37.906353295682486 
37.902568019735185 
37.906407710573276 
37.90640518700083 
37.90640481646402 
37.90637636930891 
37.90640778125986 
37.90640594735031 
37.319291000236966 
37.906322551856036 
37.90276115028313 
37.906259484677 
37.9063139707898 
37.899050997070354 
37.90637743600909 
37.90640801354213 
37.90618531955898 
37.906347054708036 
37.906267405563675 
37.90637824745988 
37.90624495985893 
37.898902472374814 
37.90640324093107 
37.9064022171986 
37.90640793102221 
37.906210637748785 
37.90259782682896 
37.90258345243658 
37.90279130035224 
