34.95001574160876 
34.94969393678196 
34.95004115270883 
34.95003069745389 
34.944394430143014 
34.95005523634299 
34.949822855099434 
34.94996454566077 
34.94425790755345 
34.933543237230765 
34.94972122323922 
34.9499763953714 
34.950046928951494 
34.950049697681614 
34.94984454615402 
34.93308710402755 
34.950055980888855 
34.94147508185685 
34.949945847603765 
34.94951132327406 
34.944397214237014 
34.949514388892595 
34.949502096419145 
34.94990285958927 
34.94950867991695 
34.9442092386918 
34.94992351909274 
34.94950985644845 
34.94984543848748 
34.93754338270923 
34.95005421508571 
34.949930719560825 
34.94171837508581 
34.949979290471674 
34.944256492067844 
34.94412116987456 
34.94906396504458 
34.949684917485676 
34.9494662222594 
34.94933027768836 
34.95005047183146 
34.94972020978874 
34.95002873132024 
34.94973380422649 
34.95001524381108 
34.94991712371814 
34.94985399827007 
34.94991628116004 
34.94434662916015 
34.9441910238827 
34.95005713328464 
34.94439040746679 
34.94998542940737 
34.94998652700154 
34.94984125978329 
34.9494662222594 
34.94998473798781 
34.944249713306604 
34.94439914472814 
34.944322455259005 
34.68412973559936 
34.943844253288674 
34.92780517238574 
34.93886520426842 
34.949848262076266 
34.94985608375787 
34.95001574160876 
34.949983390096904 
34.94448435440534 
34.9444370906884 
34.95004291052997 
34.94998607970485 
34.94437619497994 
34.950053043996775 
34.94998954214278 
34.95004282190003 
34.94991035785234 
34.949992975404804 
34.94992297144551 
34.944174096489185 
34.95003822513207 
34.94979482231913 
34.94986785132666 
34.94445957605465 
34.9388307521448 
34.9497219039593 
34.950055052608015 
34.949902562026274 
34.94978405682263 
34.94947742349348 
34.94992318971325 
34.94433918139189 
34.94412370257086 
34.94985176910061 
34.949971845947424 
34.950054528135155 
34.94370663557401 
34.94957596878446 
34.949348551451614 
34.936248867535284 
