37.90617479356139 
37.906399369583205 
37.90623447113945 
37.63283988597901 
37.9063523570027 
37.90630470589278 
37.90602579451998 
37.64139577938023 
37.90267464858732 
37.90632435180321 
37.89881682333812 
37.90640068668919 
37.90270334927034 
37.902442214250385 
37.90640719482213 
37.906318795608264 
37.89546772942729 
37.63907766944317 
37.906334886908276 
37.90613903055942 
37.90622809665045 
37.63939179206058 
37.90610310928697 
37.9062935187231 
37.90631103336753 
37.90630217783882 
37.90635203997615 
37.90638091265686 
37.90630979019786 
37.90232649224952 
37.90632271283963 
37.90634441180576 
37.90631103336753 
37.90640284938709 
37.63483636284836 
37.9063796055799 
37.90634838915612 
37.90637164430864 
37.90632342235117 
37.89853517081828 
37.90275685616145 
37.906402904387505 
37.90640593191595 
37.90622369002289 
37.90091748161135 
37.90635253846393 
37.90640287424116 
37.90637314285377 
37.90639898381208 
37.90640287424116 
37.90637314285377 
37.90240611505911 
37.90634490347475 
37.906401371297086 
37.90633085396307 
37.89914779282303 
37.90640201445132 
37.906408421375886 
37.906279256167544 
37.90255092192849 
37.90627877707791 
37.90078074081895 
37.906276958540914 
37.90640680716021 
37.90640558986794 
37.637001006496554 
37.9064075374802 
37.902706014813646 
37.90626380099392 
37.902271542371224 
37.639354191597754 
37.90640501222736 
37.90640786558868 
37.89704128338552 
37.900608608397306 
37.90630271088319 
37.90267777081575 
37.90633642973589 
37.906399918748534 
37.63718303307937 
37.90608864584977 
37.90632344475355 
37.90637314285377 
37.89902548726997 
37.906340774934144 
37.90632395267141 
37.90640598291205 
37.906323497970405 
37.906362763927575 
37.906308454812375 
37.90630802175301 
37.90621261772372 
37.90631138076418 
37.90626526957466 
37.89336094890817 
37.90255686947512 
37.9064075646751 
37.90093314651437 
37.90640435638423 
37.63058690686621 
