43.0707284381362 
43.07072847005219 
43.07072847005219 
43.0707284381362 
43.070728438133855 
43.070728469754215 
43.07072847005219 
43.07072847005219 
43.07072847005219 
43.07072847005219 
43.07072847005219 
43.070728438133855 
43.07072847005219 
43.07072847005219 
43.070728438133855 
43.0707284381362 
43.0707284381362 
43.07072847005219 
43.07072847005219 
43.07072847005219 
43.07072847005219 
43.070727808308014 
43.070727704326934 
43.07072847005219 
43.07072847005219 
43.07072185416328 
43.07072841477042 
43.070727661083865 
43.07072847005219 
43.070728459145855 
43.07072847005219 
43.07072847005219 
43.070728438133855 
43.07072847005219 
43.07072847005219 
43.0707284381362 
43.07072847005219 
43.07072789086354 
43.07072847005219 
43.07072847005219 
43.07072847005219 
43.07072847005219 
43.0707284381362 
43.0707284381362 
43.07072847005219 
43.070728438133855 
43.070728438133855 
43.070727661083865 
43.070728438133855 
43.07072847005219 
43.070728438133855 
43.07072847005219 
43.07072847005219 
43.07072847005219 
43.07072820518608 
43.07072847005219 
43.07072847005219 
43.07072847005219 
43.07072847005219 
43.0707284381362 
43.070728438133855 
43.070728438133855 
43.07072847005219 
43.07072847005219 
43.0707284381362 
43.07072847005219 
43.07072847005219 
43.07072841477042 
43.07072847005219 
43.07072847005219 
43.07072847005219 
43.07072847005219 
43.07072847005219 
43.07072847005219 
43.07072847005219 
43.07072847005219 
43.07072847005219 
43.070728438133855 
43.0707284381362 
43.07072847005219 
43.07072847005219 
43.070728438133855 
43.07072847005219 
43.0707284381362 
43.0707284381362 
43.070728438133855 
43.07072847005219 
43.07072847005219 
43.07072847005219 
43.07072847005219 
43.070727808308014 
43.070727661083865 
43.070727808308014 
43.070727704326934 
43.070728438133855 
43.07072847005219 
43.070727661083865 
43.07072847005219 
43.07072847005219 
43.070727661083865 
