35.49719377163031 
35.49719559924305 
35.49719526618737 
35.49719559924305 
35.4971959716549 
35.49719554834468 
35.49719679965289 
35.49719554834468 
35.49719611655607 
35.49718139697983 
35.49718804338786 
35.49719377163031 
35.49719000987083 
35.49719000987083 
35.49719679965289 
35.49719244612845 
35.49717835895931 
35.49719377163031 
35.49719618229854 
35.49719505206311 
35.49719679965289 
35.49719679965289 
35.49718804338786 
35.49719578528537 
35.497188786579216 
35.49719679965289 
35.49711507148384 
35.492055424626884 
35.49718482159846 
35.497188786579216 
35.49719490430605 
35.49708636559021 
35.497196647255365 
35.497186221120174 
35.4971894170853 
35.49719679965289 
35.4971960441501 
35.49719255604656 
35.49718554236153 
35.49719054568901 
35.49719363839003 
35.49719578528537 
35.49719679965289 
35.497181696572184 
35.49719423352389 
35.49719679965289 
35.49719391257525 
35.497188786579216 
35.49719655224117 
35.497195125093825 
35.49718833652354 
35.49719679965289 
35.49719678852725 
35.49719559924305 
35.49719679965289 
35.49719578528537 
35.49719644761845 
35.49719319517786 
35.49719578528537 
35.49719559924305 
35.49719573144198 
35.49719387375441 
35.4971960441501 
35.497194401777236 
35.497194279365196 
35.497195116645464 
35.49718804338786 
35.49719377163031 
35.49719000987083 
35.49719000987083 
35.49719679965289 
35.49719244612845 
35.497189273938574 
35.49671783235514 
35.49718460190978 
35.49719527701555 
35.49719679965289 
35.49706515428836 
35.49719048247484 
35.49719526618737 
35.497193652193 
35.49706520150228 
35.49710878539316 
35.49719363839003 
35.49719679965289 
35.49719679965289 
35.49719526618737 
35.49718561241794 
35.49719578528537 
35.49719578528537 
35.49719527701555 
35.49719650940445 
35.4971960441501 
35.49718288396398 
35.49719191988977 
35.49719255604656 
35.49719679965289 
35.49700196219916 
35.49719679965289 
35.49719559924305 
