37.9063528022466 
37.90637389349784 
37.9063253980829 
37.90274725686116 
37.90637271690394 
37.90628684262091 
37.90611253288405 
37.90630774031448 
37.90604998094478 
37.90269195400274 
37.641496832665766 
37.893611875142625 
37.906023364646636 
37.90272320436636 
37.90637630550367 
37.90637485485082 
37.9062035249461 
37.906371986935945 
37.90266217105468 
37.9027877810373 
37.90634811858484 
37.90640700997402 
37.90257233339264 
37.906372304803774 
37.906407676383644 
37.89709859344317 
37.895467534758644 
37.89909186028748 
37.90086849074163 
37.906407604044986 
37.89888668840433 
37.90634936338483 
37.89001322529662 
37.90640755575947 
37.906341664756894 
37.634876724261 
37.90632004666143 
37.90626087047615 
37.90587096452317 
37.90637575184344 
37.90636943465487 
37.902734086307525 
37.90634571954746 
37.90626218592752 
37.90637946363274 
37.90243574947377 
37.90640835068935 
37.90639411124463 
37.88794344372074 
37.90624216886077 
37.64135183375634 
37.90634493968206 
37.90240655912461 
37.89880791029392 
37.906266962483336 
37.90629888382464 
37.90586622085855 
37.906354603074504 
37.90634372188394 
37.906371402494216 
37.90640559255047 
37.90640298085941 
37.90640678488233 
37.902343432321324 
37.906250829606506 
37.906355201927454 
37.906407366207176 
37.90617605566171 
37.90263611735255 
37.90634871073108 
37.90230872135963 
37.902595134425326 
37.90620532628521 
37.90640842411442 
37.90635318876374 
37.906270602671874 
37.90273326507885 
37.90640574336589 
37.906130344216535 
37.906407600124794 
37.89714144241578 
37.90632908135482 
37.906369025986834 
37.906173369205064 
37.90636769055536 
37.90259148747224 
37.9027451168106 
37.90635189212337 
37.90640524755663 
37.90618124546972 
37.902788423031005 
37.90631954358113 
37.90634633230455 
37.63272329294983 
37.906338268847094 
37.90640658524944 
37.90627935509388 
37.90631898208066 
37.89709859344317 
37.906407884310376 
