35.646189182194426 
35.64619029484085 
35.64618994850721 
35.64619029484085 
35.64619047786724 
35.6461903232526 
35.64619132463899 
35.6461903232526 
35.646187926629636 
35.64618672912153 
35.646122126143936 
35.646189866813344 
35.646185000614025 
35.646182604009056 
35.646183101257485 
35.64617810754359 
35.646184612667405 
35.64619089167528 
35.64617916345511 
35.64619130926607 
35.64618430939287 
35.64619100290764 
35.64618430939287 
35.64618232187535 
35.64619050037664 
35.64619098538841 
35.64618159810933 
35.64618511611263 
35.646189998999105 
35.64618995561685 
35.64618430939287 
35.64619029484085 
35.64619096738626 
35.64619050037664 
35.646189620980515 
35.64619132463899 
35.6461903232526 
35.64619091826266 
35.646187585473406 
35.646190712592784 
35.64619050037664 
35.64619132463899 
35.64617814118726 
35.6461880758251 
35.64619132463899 
35.64618871751834 
35.64617916345511 
35.64619132463899 
35.64618234484097 
35.64618578581659 
35.64619086642935 
35.646189620980515 
35.64619086642935 
35.64619089167528 
35.64619079841824 
35.64619100038573 
35.64619132463899 
35.64618995934606 
35.64618430939287 
35.646189182194426 
35.64619029484085 
35.646174553142885 
35.64618994850721 
35.64618962951209 
35.64619036682265 
35.64613652552702 
35.64618462431117 
35.64617397902599 
35.64618077563897 
35.64618941764456 
35.64619132463899 
35.64619104296309 
35.64617335616026 
35.64617916345511 
35.64618478177029 
35.64618334513292 
35.6461846335135 
35.6461903232526 
35.64618842803472 
35.64619132463899 
35.64608205373601 
35.64618994850721 
35.64619050037664 
35.646094603602116 
35.64619086642935 
35.64618614607544 
35.64618248596148 
35.646191059999396 
35.64612429350591 
35.646191093159835 
35.64618123178598 
35.64618599264082 
35.64618486633514 
35.64619132463899 
35.64610259172866 
35.64619073402903 
35.64617939531178 
35.64618493270996 
35.646189606036835 
35.646190712592784 
