38.27416692049661 
38.27416737513332 
38.27416737513332 
38.27416692049661 
38.27416692043151 
38.27416737089302 
38.27416737513332 
38.27416737513332 
38.27416737513332 
38.27416737513332 
38.27416737513332 
38.27416692043151 
38.27416737513332 
38.27416737513332 
38.27416692043151 
38.27416692049661 
38.27416692049661 
38.27416737513332 
38.27416737513332 
38.27416737513332 
38.27416737513332 
38.27416230817331 
38.27416155360091 
38.27416737513332 
38.27416737513332 
38.27414145406765 
38.27416674908336 
38.274161422016505 
38.27416737513332 
38.274167219804625 
38.27416737513332 
38.27416737513332 
38.27416692043151 
38.27416737513332 
38.27416737513332 
38.27416692049661 
38.27416737513332 
38.274162838464406 
38.27416737513332 
38.27416737513332 
38.27416737513332 
38.27416737513332 
38.27416692049661 
38.27416692049661 
38.27416737513332 
38.27416692043151 
38.27416692043151 
38.274161422016505 
38.27416692043151 
38.27416737513332 
38.27416692043151 
38.27416737513332 
38.27416737513332 
38.27416737513332 
38.27416521679257 
38.27416737513332 
38.27416737513332 
38.27416737513332 
38.27416737513332 
38.27416692049661 
38.27416692043151 
38.27416692043151 
38.27416737513332 
38.27416737513332 
38.27416692049661 
38.27416737513332 
38.27416737513332 
38.27416674908336 
38.27416737513332 
38.27416737513332 
38.27416737513332 
38.27416737513332 
38.27416737513332 
38.27416737513332 
38.27416737513332 
38.27416737513332 
38.27416737513332 
38.27416692043151 
38.27416692049661 
38.27416737513332 
38.27416737513332 
38.27416692043151 
38.27416737513332 
38.27416692049661 
38.27416692049661 
38.27416692043151 
38.27416737513332 
38.27416737513332 
38.27416737513332 
38.27416737513332 
38.27416230817331 
38.274161422016505 
38.27416230817331 
38.27416155360091 
38.27416692043151 
38.27416737513332 
38.274161422016505 
38.27416737513332 
38.27416737513332 
38.274161422016505 
