34.949928391439926 
34.94996940400261 
34.94986563304677 
34.94448313990744 
34.94996525565157 
34.949764367440125 
34.94936871652471 
34.94982022192084 
34.949232520472286 
34.94435582528944 
34.68412579700666 
34.93059945524953 
34.949172263043025 
34.94443167895578 
34.949977488234296 
34.94997261913925 
34.94957161572131 
34.949962539575175 
34.94428440865804 
34.9445752375141 
34.949912258027474 
34.95005237429969 
34.944085601362985 
34.94996434370043 
34.95005390460075 
34.93576688959429 
34.93343509124544 
34.93890786856415 
34.94158908459765 
34.950053877129584 
34.938453500329764 
34.94991641153009 
34.92516784398614 
34.95005431605959 
34.94988995690558 
34.67403513796544 
34.94984710207971 
34.94970637914005 
34.948820443644394 
34.94997550490118 
34.94995442478724 
34.9444532559467 
34.94990372476041 
34.9497103826298 
34.94998888532651 
34.943772204412824 
34.950057021878884 
34.95000730745324 
34.92183916640563 
34.94967350942663 
34.68379648059324 
34.949901441023954 
34.94370365652035 
34.93827700933236 
34.949727338969566 
34.94980589449142 
34.9488198423726 
34.949918363080116 
34.949896736125936 
34.94996074179426 
34.950047504935775 
34.950038224871264 
34.95005173433379 
34.943565140432135 
34.94968717682589 
34.94992040574282 
34.95005231279378 
34.94950886898303 
34.94422628961902 
34.949914780708134 
34.94347701652288 
34.94413200791374 
34.949577943231446 
34.95005739812863 
34.94993003202742 
34.949739836993835 
34.944450409866555 
34.9500477640004 
34.949414575814316 
34.95005402861218 
34.935867397483094 
34.94986217170257 
34.949952841129814 
34.94951538435516 
34.94994770439234 
34.944120158418436 
34.94447575812246 
34.949925438986334 
34.95004573481899 
34.949526227690924 
34.94457766648472 
34.94984520616608 
34.94990584012818 
34.670786781315954 
34.94989369027349 
34.950051053334654 
34.94975414629762 
34.949843011327005 
34.93576688959429 
34.95005531501824 
