38.27416737610116 
38.274166975520714 
38.27416694947563 
38.27416737610116 
38.27414011734136 
38.274142179592936 
38.27070539270956 
38.27416737610116 
38.27416737610116 
38.27416737610116 
38.270655289937544 
38.27416737610116 
38.274166975520714 
38.274166975520714 
38.27416694947563 
38.27416737610116 
38.27416737610116 
38.27416737610116 
38.27416694947563 
38.274052581826766 
38.27416737610116 
38.27416661657065 
38.27416737610116 
38.27416737610116 
38.2740658523937 
38.27416737610116 
38.27416737610116 
38.27416737610116 
38.27416737610116 
38.27416737610116 
38.274166975520714 
38.27416737610116 
38.27416737610116 
38.274166975520714 
38.27416737610116 
38.27416737610116 
38.27416737610116 
38.27416737610116 
38.274166975520714 
38.27416737610116 
38.27416737610116 
38.27416737610116 
38.27416737610116 
38.27416737610116 
38.274166975520714 
38.27416737610116 
38.27416737610116 
38.27416694947563 
38.27416737610116 
38.27416737610116 
38.27416702368308 
38.274166975520714 
38.27416717862986 
38.27416737610116 
38.27416737610116 
38.27416737610116 
38.27416737610116 
38.27416680175079 
38.27416603498932 
38.274166975520714 
38.274166975520714 
38.27416737610116 
38.27416661657065 
38.27416737610116 
38.27416737610116 
38.27416737610116 
38.27416737610116 
38.27416296847755 
38.27416737610116 
38.27416694947563 
38.27416737610116 
38.274166975520714 
38.27416694947563 
38.27416737610116 
38.274166975520714 
38.27416646331211 
38.27416694947563 
38.27416737610116 
38.27416737610116 
38.27416737610116 
38.27416737610116 
38.274166975520714 
38.27416737610116 
38.27413775513043 
38.27416677084042 
38.27416661657065 
38.27416694947563 
38.27416737610116 
38.27416737610116 
38.27416737610116 
38.27416694947563 
38.27416737610116 
38.27416737610116 
38.27416737610116 
38.27416694947563 
38.27416694947563 
38.27416737610116 
38.274166975520714 
38.27416737610116 
38.27416737610116 
