37.90638007906929 
37.906373392956496 
37.90638008052538 
37.900962891300374 
37.90639720313348 
37.90275262850799 
37.906196044144835 
37.9062540212626 
37.902635964721966 
37.63929594865083 
37.906235995563364 
37.634955117381026 
37.63687705335211 
37.900925728965824 
37.9064042542071 
37.9062120712764 
37.906042994312145 
37.90267515630911 
37.90258387512123 
37.31961559601055 
37.90640276528758 
37.906407689981094 
37.906296166736844 
37.90626712958921 
37.90640762789092 
37.902511961145755 
37.895521977596445 
37.90628329079159 
37.90634966636593 
37.90640801056279 
37.90247023893358 
37.90634929437554 
37.895335950341604 
37.90640817617947 
37.90639933521977 
37.895418889255986 
37.906281651142876 
37.90076900280037 
37.902578465915184 
37.90637813526182 
37.90634698353685 
37.90640324093107 
37.90623827046506 
37.90260594974986 
37.906405177301146 
37.902570996126684 
37.906408392965744 
37.9063294590182 
37.62815695945341 
37.90628210040193 
37.90618630642193 
37.64148017074471 
37.900849265092766 
37.31392933849401 
37.906105905477816 
37.902775214652905 
37.90571665018865 
37.90636771098571 
37.90637230727356 
37.90640112789716 
37.90640729147158 
37.9063489897142 
37.906406287326135 
37.900839173687444 
37.630592838377694 
37.90636890864128 
37.906407602219296 
37.902614216796096 
37.639083619268796 
37.64151357876247 
37.90249524497071 
37.90633486495972 
37.906235591971175 
37.906408425592886 
37.90640687533791 
37.90628165631797 
37.90629457506722 
37.9063114062751 
37.90231305669028 
37.906407746050974 
37.89895284527654 
37.90633071417854 
37.906331841700975 
37.90612073430501 
37.90275160807135 
37.902674544663405 
37.898959548141555 
37.906405963910316 
37.906405242885995 
37.90623316410904 
37.90278941323089 
37.90090837997689 
37.902746774929675 
37.63060743329053 
37.90624336889453 
37.9063791385532 
37.90633629964643 
37.89892916209464 
37.902511961145755 
37.90640769069233 
