43.070728441797414 
43.070728470128245 
43.070728470128245 
43.070728441797414 
43.07072844093989 
43.07072844659428 
43.070728470128245 
43.070728470128245 
43.070728470128245 
43.070728470128245 
43.070728470128245 
43.07072844093989 
43.070728470128245 
43.070728470128245 
43.07072844093989 
43.070728441797414 
43.070728441797414 
43.070728470128245 
43.070728470128245 
43.070728470128245 
43.070728470128245 
43.07072775463054 
43.07072778856331 
43.070728470128245 
43.070728470128245 
43.06896029238943 
43.07072841761941 
43.0707278604733 
43.070728470128245 
43.070728458630185 
43.070728470128245 
43.070728470128245 
43.07072844093989 
43.070728470128245 
43.070728470128245 
43.070728441797414 
43.070728470128245 
43.0707086760159 
43.070728470128245 
43.070728470128245 
43.070728470128245 
43.070728470128245 
43.070728441797414 
43.070728441797414 
43.070728470128245 
43.07072844093989 
43.07072844093989 
43.0707278604733 
43.07072844093989 
43.070728470128245 
43.07072844093989 
43.070728470128245 
43.070728470128245 
43.070728470128245 
43.07072839425598 
43.070728470128245 
43.070728470128245 
43.070728470128245 
43.070728470128245 
43.070728441797414 
43.07072844093989 
43.07072844093989 
43.070728470128245 
43.070728470128245 
43.070728441797414 
43.070728470128245 
43.070728470128245 
43.07072841761941 
43.070728470128245 
43.070728470128245 
43.070728470128245 
43.070728470128245 
43.070728470128245 
43.070728470128245 
43.070728470128245 
43.070728470128245 
43.070728470128245 
43.07072844093989 
43.070728441797414 
43.070728470128245 
43.070728470128245 
43.07072844093989 
43.070728470128245 
43.070728441797414 
43.070728441797414 
43.07072844093989 
43.070728470128245 
43.070728470128245 
43.070728470128245 
43.070728470128245 
43.07072775463054 
43.0707278604733 
43.07072775463054 
43.07072778856331 
43.07072844093989 
43.070728470128245 
43.0707278604733 
43.070728470128245 
43.070728470128245 
43.0707278604733 
