34.949519943611016 
34.950025528740454 
34.949646367244334 
34.6710559697849 
34.94992730636459 
34.94980979867037 
34.94918060530901 
34.68389105527683 
34.94431141039853 
34.94986232211848 
34.93829184265722 
34.950030055696196 
34.94437917028871 
34.943778831179664 
34.95005297575349 
34.94984290981665 
34.93343540708647 
34.68027290846995 
34.949882516050195 
34.94942871313997 
34.94964082762176 
34.68099501846244 
34.94935199302352 
34.94978728863203 
34.94983144957764 
34.94980077449016 
34.949924820177934 
34.94999322535075 
34.949827302873175 
34.94352243846317 
34.949855799618376 
34.94989924309699 
34.94983144957764 
34.950037546734606 
34.67393367200251 
34.94998892297066 
34.94991278346495 
34.94996129442619 
34.94985840973486 
34.937652874782025 
34.94450018812142 
34.95003817314493 
34.950047353582896 
34.94962560033286 
34.94169504430715 
34.94992720664247 
34.95003784722555 
34.949966750443394 
34.95002440839876 
34.95003784722555 
34.949966750443394 
34.943702060834774 
34.949900735479325 
34.95003236687452 
34.94986851676213 
34.93905343839787 
34.95003446388421 
34.950057380785324 
34.94975415116694 
34.94402698505278 
34.94975151803685 
34.9413816600144 
34.94974579269592 
34.950051330220155 
34.95004714376658 
34.67720538996237 
34.950054219171605 
34.94438855280693 
34.94971643410332 
34.943396244535016 
34.680903439927505 
34.95004503886427 
34.950054528135155 
34.935632353236265 
34.94099365207344 
34.94980316711592 
34.944322455259005 
34.949887685884626 
34.950026800392855 
34.67762422087286 
34.949318163604424 
34.94985869709083 
34.949966750443394 
34.93877373450418 
34.94988641863069 
34.94986061685333 
34.95004830295029 
34.949859313623534 
34.94994718679223 
34.949822855099434 
34.9498211466575 
34.949603334433654 
34.949832545897806 
34.94972122323922 
34.93001965574635 
34.94404823815926 
34.95005367131318 
34.94173306657186 
34.95004270449467 
34.667582287128376 
