38.27416737513332 
38.274161422016505 
38.27416737513332 
38.27416737513332 
38.27416737513332 
38.274165893028076 
38.274167113914274 
38.27416737513332 
38.27416737513332 
38.27416737513332 
38.27416737513332 
38.27416737513332 
38.27416737513332 
38.27416692043151 
38.27416737513332 
38.27416737513332 
38.27416692043151 
38.27416737513332 
38.27416737513332 
38.27416737513332 
38.27416737513332 
38.27416737513332 
38.27416692049661 
38.27416737513332 
38.27416737513332 
38.27416692049661 
38.27416737513332 
38.27416692049661 
38.27416737513332 
38.27416737513332 
38.27416737513332 
38.27416737513332 
38.27416737513332 
38.27416692049661 
38.27416737513332 
38.27416692043151 
38.27416692043151 
38.27416737513332 
38.27416737513332 
38.27416737513332 
38.27416737513332 
38.27416692043151 
38.27416737513332 
38.27416737513332 
38.27416737513332 
38.27416737513332 
38.27416737513332 
38.27416692049661 
38.27416692043151 
38.27416737513332 
38.27416737513332 
38.27416737513332 
38.274161422016505 
38.27416692043151 
38.27416737513332 
38.27416737513332 
38.27416737513332 
38.27416737513332 
38.27416692049661 
38.27416692049661 
38.27416737513332 
38.27416692043151 
38.27416737513332 
38.27416692049661 
38.27416692049661 
38.27416692043151 
38.27416692049661 
38.27416737513332 
38.27416692043151 
38.27416737513332 
38.27416230817331 
38.27416737513332 
38.27416692043151 
38.27416692043151 
38.27416692043151 
38.27416737513332 
38.27416737513332 
38.27416737513332 
38.27416737513332 
38.27416692043151 
38.27416737513332 
38.27416737513332 
38.27416737513332 
38.27416692049661 
38.27416737513332 
38.27416692049661 
38.27416692043151 
38.27416692049661 
38.27416737513332 
38.27416692043151 
38.27416737513332 
38.27416692049661 
38.27416692049661 
38.27416737513332 
38.27416737513332 
38.27416737513332 
38.27416692043151 
38.27416737513332 
38.27416737513332 
38.27416737513332 
