38.274166973758625 
38.274167377246954 
38.274167377246954 
38.274166973758625 
38.274166961471735 
38.274167203468394 
38.274167377246954 
38.274167377246954 
38.274167377246954 
38.274167377246954 
38.274167377246954 
38.274166961471735 
38.274167377246954 
38.274167377246954 
38.274166961471735 
38.274166973758625 
38.274166973758625 
38.274167377246954 
38.274167377246954 
38.274167377246954 
38.274167377246954 
38.27416194836707 
38.27416218948353 
38.274167377246954 
38.274167377246954 
38.27070626589532 
38.27416679073989 
38.27416289090628 
38.274167377246954 
38.27416721355485 
38.274167377246954 
38.274167377246954 
38.274166961471735 
38.274167377246954 
38.274167377246954 
38.274166973758625 
38.274167377246954 
38.274090295989915 
38.274167377246954 
38.274167377246954 
38.274167377246954 
38.274167377246954 
38.274166973758625 
38.274166973758625 
38.274167377246954 
38.274166961471735 
38.274166961471735 
38.27416289090628 
38.274166961471735 
38.274167377246954 
38.274166961471735 
38.274167377246954 
38.274167377246954 
38.274167377246954 
38.274166619391735 
38.274167377246954 
38.274167377246954 
38.274167377246954 
38.274167377246954 
38.274166973758625 
38.274166961471735 
38.274166961471735 
38.274167377246954 
38.274167377246954 
38.274166973758625 
38.274167377246954 
38.274167377246954 
38.27416679073989 
38.274167377246954 
38.274167377246954 
38.274167377246954 
38.274167377246954 
38.274167377246954 
38.274167377246954 
38.274167377246954 
38.274167377246954 
38.274167377246954 
38.274166961471735 
38.274166973758625 
38.274167377246954 
38.274167377246954 
38.274166961471735 
38.274167377246954 
38.274166973758625 
38.274166973758625 
38.274166961471735 
38.274167377246954 
38.274167377246954 
38.274167377246954 
38.274167377246954 
38.27416194836707 
38.27416289090628 
38.27416194836707 
38.27416218948353 
38.274166961471735 
38.274167377246954 
38.27416289090628 
38.274167377246954 
38.274167377246954 
38.27416289090628 
