43.070728470128245 
43.07072844093989 
43.070728441797414 
43.070728470128245 
43.07072154833449 
43.07071211463022 
43.06895370836692 
43.070728470128245 
43.070728470128245 
43.070728470128245 
43.07072127885497 
43.070728470128245 
43.07072844093989 
43.07072844093989 
43.070728441797414 
43.070728470128245 
43.07072837633377 
43.070728470128245 
43.070728441797414 
43.070711898955835 
43.070728470128245 
43.0707283496705 
43.070728470128245 
43.070728470128245 
43.070718289596755 
43.070728470128245 
43.070728470128245 
43.070728470128245 
43.070728470128245 
43.070728470128245 
43.07072844093989 
43.070728470128245 
43.070728470128245 
43.07072844093989 
43.070728470128245 
43.070728470128245 
43.070728470128245 
43.070728470128245 
43.07072844093989 
43.070728470128245 
43.070728470128245 
43.070728470128245 
43.070728470128245 
43.070728470128245 
43.07072844093989 
43.070728470128245 
43.070728470128245 
43.070728441797414 
43.070728470128245 
43.070728470128245 
43.07072844650901 
43.07072844093989 
43.070728469872435 
43.070728470128245 
43.070728470128245 
43.070728470128245 
43.070728470128245 
43.07072841761941 
43.07072841757646 
43.07072844093989 
43.07072844093989 
43.070728470128245 
43.0707283496705 
43.070728470128245 
43.070728470128245 
43.070728470128245 
43.070728470128245 
43.07072778856331 
43.070728470128245 
43.070728441797414 
43.070728470128245 
43.07072844093989 
43.070728441797414 
43.070728470128245 
43.07072844093989 
43.07072837140619 
43.070728441797414 
43.070728470128245 
43.070728470128245 
43.070728470128245 
43.070728470128245 
43.07072844093989 
43.070728470128245 
43.07072775463054 
43.0707283951997 
43.0707283496705 
43.07072844171214 
43.070728470128245 
43.070728470128245 
43.070728470128245 
43.070728441797414 
43.070728470128245 
43.070728470128245 
43.070728470128245 
43.070728441797414 
43.070728441797414 
43.070728470128245 
43.07072844093989 
43.070728470128245 
43.070728470128245 
