35.64619095236211 
35.646075714716474 
35.64619086642935 
35.64619079841824 
35.64619132463899 
35.64619050037664 
35.646191059999396 
35.6461333572136 
35.64619089167528 
35.64619086642935 
35.055028156706825 
35.64619047786724 
35.64619086642935 
35.64619050037664 
35.64617916345511 
35.64619017864511 
35.64619132463899 
35.64613418942342 
35.64619086642935 
35.64618995934606 
35.64613335729409 
35.646187788541326 
35.64619132463899 
35.64619088695341 
35.64619029484085 
35.64619029484085 
35.6461903232526 
35.64619089167528 
35.64608185376559 
35.64611017158745 
35.64619050037664 
35.646190437758115 
35.64614016896215 
35.646190913057865 
35.64619086642935 
35.64619046568695 
35.64619089167528 
35.64618430939287 
35.64619132463899 
35.64618994850721 
35.64619100038573 
35.64619029484085 
35.64619130926607 
35.6461903232526 
35.64618639904536 
35.64619050037664 
35.64619089167528 
35.64618611012469 
35.646191059999396 
35.64619089167528 
35.64619029484085 
35.64619046568695 
35.64619100290764 
35.646183202939326 
35.64619132463899 
35.64619115945388 
35.64618234484097 
35.64618784676003 
35.64618817302617 
35.64619132463899 
35.64619089167528 
35.64617489620707 
35.64619095236211 
35.64619084872231 
35.64618132732411 
35.64619050037664 
35.64619086642935 
35.64619068238351 
35.64618357331335 
35.64618801881371 
35.64618511611263 
35.64617916345511 
35.64619046568695 
35.646187581341756 
35.64618430939287 
35.646182604009056 
35.646190437758115 
35.6461903232526 
35.646139464277795 
35.64619084872231 
35.64618132732411 
35.64619050037664 
35.64619086642935 
35.64617916345511 
35.646188683901755 
35.64618995934606 
35.64619132463899 
35.64618994850721 
35.64619047786724 
35.64619029484085 
35.6461854766936 
35.64618689865344 
35.64619086642935 
35.64619047786724 
35.64619086642935 
35.64619132463899 
35.64619088695341 
35.64618804644747 
35.64619095236211 
35.64619089167528 
