37.906120846623914 
37.90637218466388 
37.906302344739 
37.89885860184785 
37.90640778141106 
37.90637494968231 
37.89901316617477 
37.906346406623264 
37.90634643006138 
37.90632524873763 
37.89158289865644 
37.90639889597695 
37.906294854828104 
37.90230683859974 
37.906407307902775 
37.906346811035725 
37.637161992034514 
37.89717802077521 
37.906349560494206 
37.90620920312753 
37.906243465694985 
37.641499319525245 
37.902581186156105 
37.90633383917372 
37.90089830538354 
37.90631519742282 
37.90640676735908 
37.906407732005505 
37.90640601761135 
37.898851617773154 
37.9064040850226 
37.90271316146068 
37.90089830538354 
37.90635077582878 
37.898911035556004 
37.906380047102346 
37.906306957594616 
37.90634733919117 
37.90636459532702 
37.887849583026195 
37.9063752535653 
37.906403421058634 
37.90640676735908 
37.906332992660865 
37.90278490406836 
37.90629765722256 
37.906319650653586 
37.90278634850475 
37.90634682527781 
37.906319650653586 
37.90278634850475 
37.89883211488426 
37.90637356190938 
37.90637555237428 
37.906316228906704 
37.90630729092899 
37.90640468593271 
37.906408421135076 
37.90630912988133 
37.90627537646664 
37.906306412415184 
37.902537552703954 
37.90637335649788 
37.90637988374499 
37.906407445759 
37.90073956328881 
37.90638092538651 
37.90640185110766 
37.90621167773137 
37.63695139106146 
37.637081944000606 
37.9063784488384 
37.90640790117838 
37.90613854991646 
37.898864861575824 
37.9061273904677 
37.90632257751798 
37.90629803955395 
37.906400811698965 
37.90637616274974 
37.90611708952046 
37.90269398085555 
37.90278634850475 
37.621933203112576 
37.90629064902233 
37.90634900474033 
37.906406825881916 
37.90637914479202 
37.90637807040378 
37.90634997960147 
37.90625334728802 
37.90621375635566 
37.906338780579304 
37.90629188918411 
37.898710981240654 
37.90596985997416 
37.9064077840824 
37.902732215685496 
37.90640489525994 
37.639274545173436 
