35.64619093886721 
35.64602828690795 
35.64619062891363 
35.646190781838015 
35.64619132466582 
35.646190390512515 
35.64619105737017 
35.64618546145476 
35.64619075613599 
35.64619062891363 
35.64123307473828 
35.64619056213664 
35.64619062891363 
35.646190390512515 
35.64618309994287 
35.646190130755606 
35.64619132466582 
35.64618365178809 
35.64619062891363 
35.64618992251004 
35.64613547360878 
35.64618545091099 
35.64619132466582 
35.64619100046621 
35.646190219183495 
35.646190219183495 
35.646190172313496 
35.64619075613599 
35.64617743512633 
35.646157571457664 
35.646190390512515 
35.64619050668142 
35.6412317338738 
35.64619086076846 
35.64619062891363 
35.64619050265709 
35.64619075613599 
35.6461835147457 
35.64619132466582 
35.64618991252971 
35.646191031748636 
35.646190219183495 
35.64619131441721 
35.646190172313496 
35.646188390206 
35.646190390512515 
35.64619075613599 
35.64618668992449 
35.64619105737017 
35.64619075613599 
35.646190219183495 
35.64619050265709 
35.646191064909075 
35.64618340472008 
35.64619132466582 
35.64619117439754 
35.64618139579175 
35.646188114163586 
35.6461889725268 
35.64619132466582 
35.64619075613599 
35.64617972863587 
35.64619093886721 
35.64619084263217 
35.64618381536433 
35.646190390512515 
35.64619062891363 
35.64619074301669 
35.646184031525316 
35.64618969095018 
35.64618077080974 
35.64618309994287 
35.64619050265709 
35.64618653973621 
35.6461835147457 
35.646184890883625 
35.64619050668142 
35.646190172313496 
35.64618737274705 
35.64619084263217 
35.64618381536433 
35.646190390512515 
35.64619062891363 
35.64618309994287 
35.64618763824585 
35.64618992251004 
35.64619132466582 
35.64618991252971 
35.64619056213664 
35.646190219183495 
35.64618779691194 
35.64618584513536 
35.64619062891363 
35.64619056213664 
35.64619062891363 
35.64619132466582 
35.64619100046621 
35.64618778505357 
35.64619093886721 
35.64619075613599 
