38.274167377246954 
38.274166961471735 
38.274166973758625 
38.274167377246954 
38.274139278314266 
38.27410431051311 
38.270680771791845 
38.274167377246954 
38.274167377246954 
38.274167377246954 
38.27413721572436 
38.274167377246954 
38.274166961471735 
38.274166961471735 
38.274166973758625 
38.274167377246954 
38.274166687002214 
38.274167377246954 
38.274166973758625 
38.27410269151456 
38.274167377246954 
38.274166307345325 
38.274167377246954 
38.274167377246954 
38.27412677658567 
38.274167377246954 
38.274167377246954 
38.274167377246954 
38.274167377246954 
38.274167377246954 
38.274166961471735 
38.274167377246954 
38.274167377246954 
38.274166961471735 
38.274167377246954 
38.274167377246954 
38.274167377246954 
38.274167377246954 
38.274166961471735 
38.274167377246954 
38.274167377246954 
38.274167377246954 
38.274167377246954 
38.274167377246954 
38.274166961471735 
38.274167377246954 
38.274167377246954 
38.274166973758625 
38.274167377246954 
38.274167377246954 
38.27416720225316 
38.274166961471735 
38.27416737360125 
38.274167377246954 
38.274167377246954 
38.274167377246954 
38.274167377246954 
38.27416679073989 
38.274166790123594 
38.274166961471735 
38.274166961471735 
38.274167377246954 
38.274166307345325 
38.274167377246954 
38.274167377246954 
38.274167377246954 
38.274167377246954 
38.27416218948353 
38.274167377246954 
38.274166973758625 
38.274167377246954 
38.274166961471735 
38.274166973758625 
38.274167377246954 
38.274166961471735 
38.27416645539139 
38.274166973758625 
38.274167377246954 
38.274167377246954 
38.274167377246954 
38.274167377246954 
38.274166961471735 
38.274167377246954 
38.27416194836707 
38.27416663291991 
38.274166307345325 
38.27416697254339 
38.274167377246954 
38.274167377246954 
38.274167377246954 
38.274166973758625 
38.274167377246954 
38.274167377246954 
38.274167377246954 
38.274166973758625 
38.274166973758625 
38.274167377246954 
38.274166961471735 
38.274167377246954 
38.274167377246954 
