37.9063964914629 
37.90625281696423 
37.90640378624753 
37.90640091226345 
37.90270786326372 
37.90640783612008 
37.906308454812375 
37.906372344684264 
37.90265453105849 
37.89551279299883 
37.90626526957466 
37.90637592604362 
37.906405380490405 
37.90640645569834 
37.90631928162937 
37.895311521595175 
37.90640801470699 
37.900821574592044 
37.90636692739111 
37.9061722777088 
37.90271317636753 
37.90617314267663 
37.906169643151365 
37.906345518113966 
37.906176119274164 
37.90262662065966 
37.90635138469139 
37.90617185788336 
37.90631955561684 
37.898489685438115 
37.906407536701764 
37.906353356727706 
37.90092901178972 
37.90637675795908 
37.902649418111174 
37.90259185284122 
37.905978246627534 
37.90625012243964 
37.906149920530765 
37.90609220985984 
37.90640643900953 
37.90626497166698 
37.906400093937044 
37.90626879216173 
37.90639632778259 
37.90634960307475 
37.90632668558453 
37.906349338272214 
37.9026893265911 
37.90262133131414 
37.906408373107205 
37.902706576846164 
37.9063784561357 
37.90637890425014 
37.90631837360202 
37.906149920530765 
37.90637848878032 
37.90264736095399 
37.90270925058088 
37.90267777081575 
37.64149799321418 
37.90247019006686 
37.89177646132186 
37.89906582438406 
37.9063204743406 
37.906322701308 
37.9063964914629 
37.90637819264334 
37.90274779589749 
37.90272933151455 
37.90640449709127 
37.90637878361796 
37.90270253617667 
37.90640744252204 
37.906379726178415 
37.90640444635834 
37.90634761520629 
37.906380796785164 
37.90635114402166 
37.902611822676214 
37.906403048432466 
37.906295722954056 
37.90632619925788 
37.90274059255253 
37.899051180623076 
37.906265469171096 
37.90640796768715 
37.90634535981556 
37.906292621253684 
37.90615779987529 
37.90635135410153 
37.90268270313727 
37.902592546322715 
37.90632149220004 
37.90637457075953 
37.90640786558868 
37.9024074078153 
37.9062000826591 
37.906102037348234 
37.89730702422445 
