38.27416737610116 
38.274162975868805 
38.27416737610116 
38.27416737610116 
38.27416737610116 
38.274166606779325 
38.27416737488593 
38.27416737610116 
38.27416737610116 
38.27416737610116 
38.27416737610116 
38.27416737610116 
38.27416737610116 
38.274166975520714 
38.27416737610116 
38.27416737610116 
38.274166975520714 
38.27416737610116 
38.27416737610116 
38.27416737610116 
38.27416737610116 
38.27416737610116 
38.27416694947563 
38.27416737610116 
38.27416737610116 
38.27416694947563 
38.27416737610116 
38.27416694947563 
38.27416737610116 
38.27416737610116 
38.27416737610116 
38.27416737610116 
38.27416737610116 
38.27416694947563 
38.27416737610116 
38.274166975520714 
38.274166975520714 
38.27416737610116 
38.27416737610116 
38.27416737610116 
38.27416737610116 
38.274166975520714 
38.27416737610116 
38.27416737610116 
38.27416737610116 
38.27416737610116 
38.27416737610116 
38.27416694947563 
38.274166975520714 
38.27416737610116 
38.27416737610116 
38.27416737610116 
38.274162975868805 
38.274166975520714 
38.27416737610116 
38.27416737610116 
38.27416737610116 
38.27416737610116 
38.27416694947563 
38.27416694947563 
38.27416737610116 
38.274166975520714 
38.27416737610116 
38.27416694947563 
38.27416694947563 
38.274166975520714 
38.27416694947563 
38.27416737610116 
38.274166975520714 
38.27416737610116 
38.274161913667655 
38.27416737610116 
38.274166975520714 
38.274166975520714 
38.274166975520714 
38.27416737610116 
38.27416737610116 
38.27416737610116 
38.27416737610116 
38.274166975520714 
38.27416737610116 
38.27416737610116 
38.27416737610116 
38.27416694947563 
38.27416737610116 
38.27416694947563 
38.274166975520714 
38.27416694947563 
38.27416737610116 
38.274166975520714 
38.27416737610116 
38.27416694947563 
38.27416694947563 
38.27416737610116 
38.27416737610116 
38.27416737610116 
38.274166975520714 
38.27416737610116 
38.27416737610116 
38.27416737610116 
