43.07072847005219 
43.070728438133855 
43.0707284381362 
43.07072847005219 
43.070721406413064 
43.070721705188184 
43.07072177260565 
43.07072847005219 
43.07072847005219 
43.07072847005219 
43.06718627772301 
43.07072847005219 
43.070728438133855 
43.070728438133855 
43.0707284381362 
43.07072847005219 
43.07072846988165 
43.07072847005219 
43.0707284381362 
43.0706955906341 
43.07072847005219 
43.0707284381362 
43.07072847005219 
43.07072847005219 
43.070705554175554 
43.07072847005219 
43.07072847005219 
43.07072847005219 
43.07072847005219 
43.07072847005219 
43.070728438133855 
43.07072847005219 
43.07072847005219 
43.070728438133855 
43.07072847005219 
43.07072847005219 
43.07072847005219 
43.07072847005219 
43.070728438133855 
43.07072847005219 
43.07072847005219 
43.07072847005219 
43.07072847005219 
43.07072847005219 
43.070728438133855 
43.07072847005219 
43.07072847005219 
43.0707284381362 
43.07072847005219 
43.07072847005219 
43.07072844583608 
43.070728438133855 
43.07072846851752 
43.07072847005219 
43.07072847005219 
43.07072847005219 
43.07072847005219 
43.07072839098082 
43.07072822854951 
43.070728438133855 
43.070728438133855 
43.07072847005219 
43.0707284381362 
43.07072847005219 
43.07072847005219 
43.07072847005219 
43.07072847005219 
43.070727704326934 
43.07072847005219 
43.0707284381362 
43.07072847005219 
43.070728438133855 
43.0707284381362 
43.07072847005219 
43.070728438133855 
43.07072829821065 
43.0707284381362 
43.07072847005219 
43.07072847005219 
43.07072847005219 
43.07072847005219 
43.070728438133855 
43.07072847005219 
43.070727808308014 
43.070728414516964 
43.0707284381362 
43.070728286530965 
43.07072847005219 
43.07072847005219 
43.07072847005219 
43.0707284381362 
43.07072847005219 
43.07072847005219 
43.07072847005219 
43.0707284381362 
43.0707284381362 
43.07072847005219 
43.070728438133855 
43.07072847005219 
43.07072847005219 
