37.90621583475291 
37.90637234010313 
37.90627694809547 
37.63489136413157 
37.906407381647114 
37.90640308473912 
37.90257122658492 
37.89910957856409 
37.89716699565157 
37.906379945416326 
37.891569578404585 
37.90639864425455 
37.906209148965495 
37.902429917448785 
37.90640739059635 
37.90267712452242 
37.89185578343686 
37.89341690071161 
37.906349367573995 
37.90615480277859 
37.90628309853461 
37.90637680956666 
37.90220489813382 
37.906346499003604 
37.90624418872687 
37.906369458193424 
37.9063794570019 
37.90638077850555 
37.90640485362747 
37.63474624949345 
37.90640272446709 
37.906251920925726 
37.90624418872687 
37.906402406605956 
37.6414888922092 
37.9063798540462 
37.906377736111295 
37.90634649993329 
37.90637957118798 
37.8986582289433 
37.906377536401585 
37.906406767364686 
37.90637965657693 
37.90618700436142 
37.906320544964245 
37.906271623994186 
37.89897266661563 
37.90640175655235 
37.90634752898658 
37.89897266661563 
37.90640175655235 
37.89532239210582 
37.9063735720293 
37.906401490896926 
37.906302306525575 
37.906346098281794 
37.90640667533542 
37.90640842410322 
37.906322486704276 
37.906263672393344 
37.906375135357784 
37.63703296379644 
37.906402488157354 
37.90637891044416 
37.906406013439145 
37.90072725506397 
37.90640707619721 
37.90637614922479 
37.90634821719282 
37.89695229440642 
37.63935518563706 
37.90637900094069 
37.9064075355593 
37.898938879272386 
37.90248887813581 
37.906291820552916 
37.90640201746427 
37.906121727121594 
37.90640196680965 
37.90632252501237 
37.90620425460726 
37.90636395548837 
37.90640175655235 
37.89534948867565 
37.90635758297718 
37.90273397676773 
37.90640530124649 
37.9064058819783 
37.90635055617759 
37.90630940550051 
37.90624137433782 
37.9060939486013 
37.90637949837748 
37.90637743600909 
37.89500762337012 
37.898919310088964 
37.90640801427017 
37.90275770069915 
37.90640311750079 
37.89905326190635 
