47.03017054782894 
47.342502906687535 
46.79216902660568 
46.500083301550475 
46.4501885627217 
46.444283198868334 
46.48543532452231 
44.33394960051255 
45.57233903878357 
46.98452617391825 
47.07933302143834 
46.779953374447274 
47.0894421094262 
44.51777295891294 
44.42937434471923 
46.780397867478904 
46.059729382091355 
46.735546943327364 
46.83941327826262 
46.73908758665762 
47.29898520326961 
46.75024348381848 
47.12966471515816 
47.032707728947926 
46.44151002969819 
47.29097289806235 
46.080485358022386 
47.25242288591592 
46.86662538242358 
46.44025893053819 
46.800559319587556 
47.32696498455996 
47.02561406381934 
46.956592318570145 
44.23648070694878 
44.59084865812859 
47.048534388664116 
46.04332685616419 
46.43058631770067 
47.071405782152496 
46.43265642398275 
46.518255343879936 
45.95818471138152 
45.48788338649943 
46.77429370397284 
46.492266119810445 
46.46414949309242 
47.064569957771 
46.79413006318448 
46.06270945370852 
46.84575529525901 
46.77644124590529 
46.026701471723364 
47.267125674770234 
46.486589628263346 
46.81428620712959 
46.44528801098287 
46.45154531066062 
46.534775180553446 
47.0872424306652 
46.5145215269141 
46.04676024166341 
46.7414475518142 
47.099772332603244 
44.51777295891294 
44.42937434471923 
46.780397867478904 
46.059729382091355 
46.735546943327364 
46.83941327826262 
46.73908758665762 
47.29898520326961 
46.75024348381848 
47.12966471515816 
47.032707728947926 
46.501254910271456 
46.4850806192007 
46.13223165285682 
45.433032719747665 
46.413210606491965 
46.421922786821675 
47.31121797990887 
46.88918643493377 
45.46691392689657 
47.062469333246675 
46.014853866130565 
47.0550955633364 
46.048709123018455 
46.493217607923306 
47.03017054782894 
47.342502906687535 
46.79216902660568 
46.80029769753857 
47.060029142920264 
45.49472078215358 
46.041926507138434 
46.77382176479899 
46.037927802095716 
46.52367377614119 
47.504353262985866 
