46.987080794696325 
46.74089231234283 
46.5528412728533 
46.9357940055062 
47.2542919778618 
47.02311211151627 
46.78595835708739 
46.97981304027372 
46.11183366112887 
46.76133658919878 
45.34564101371238 
46.099908229706735 
45.15814915816247 
46.768471187185476 
45.822420690559646 
47.234003188117356 
46.98361076175587 
46.8031897846862 
46.11183366112887 
46.76133658919878 
45.34564101371238 
46.099908229706735 
45.15814915816247 
46.768471187185476 
45.822420690559646 
47.234003188117356 
46.98361076175587 
46.8031897846862 
45.961925623755505 
46.53597894928504 
44.45867940539002 
45.42949031486336 
46.7560309244878 
45.43100040814211 
0.0 
46.797607895090636 
46.394012972342914 
46.83130093038281 
45.99623992358029 
46.8409335129303 
47.00642499421838 
47.03226816441984 
47.48236525909117 
46.110428751196416 
46.70796756881905 
44.51586662504648 
47.05914716726257 
46.78149657678513 
46.75966212231321 
44.51279587578884 
45.51102734339121 
46.72340475168681 
46.70676387279302 
44.44750466747225 
46.77048099508686 
45.99969160147427 
44.535728919100606 
45.34605689748521 
46.35843050263737 
47.036005205421205 
47.07266877393088 
47.297758275233605 
45.455267418878776 
46.092746392500025 
46.78756298544491 
46.74774877818177 
46.02753315278866 
46.48930275780498 
44.4385908785093 
46.826112178270314 
47.458317814933 
46.35762609027333 
46.340827149534206 
46.77501296495534 
45.34605689748521 
46.35843050263737 
47.036005205421205 
47.07266877393088 
47.297758275233605 
45.455267418878776 
46.092746392500025 
46.78756298544491 
46.74774877818177 
46.02753315278866 
46.48930275780498 
44.4385908785093 
46.826112178270314 
47.458317814933 
46.35762609027333 
45.34605689748521 
46.35843050263737 
47.036005205421205 
47.07266877393088 
47.297758275233605 
45.455267418878776 
46.092746392500025 
46.78756298544491 
46.74774877818177 
46.02753315278866 
46.48930275780498 
