59.22298169447289 
59.471340086443085 
58.966641015729394 
58.65521456374927 
58.63964590868048 
58.638160784764096 
58.651138550954386 
56.60875161246295 
57.67484160983464 
59.21144538751465 
59.23786619228061 
58.96420519801256 
59.24118000291058 
56.65890431445432 
56.63228239018874 
58.96340093530521 
58.23231541711846 
58.95049249124739 
58.98141191037669 
58.953056618493456 
59.45939965732237 
58.95553066929833 
59.25289098775076 
59.224988151926674 
58.636203174888806 
59.4571402610762 
58.23810956323141 
59.44523910217524 
58.9896564449226 
58.63698702184054 
58.97037316701615 
59.467802000017194 
59.22250600432712 
59.20335453119378 
56.5780216222248 
56.680315742101136 
59.22759919266747 
58.22599823675302 
58.63411386744929 
59.23531371771748 
58.63428489846335 
58.65978427790588 
58.202253648504694 
57.650378518376144 
58.96285485323535 
58.65176710806455 
58.642912973971285 
59.232817635777096 
58.96975841755881 
58.232618265837274 
58.98338353621048 
58.96298401850688 
58.22446182389614 
59.449725511529174 
58.650320756443584 
58.97531589864828 
58.638252615864324 
58.64156134918225 
58.66496770465386 
59.24042631475515 
58.65929638007699 
58.22754800894438 
58.95326967252369 
59.244022651230416 
56.65890431445432 
56.63228239018874 
58.96340093530521 
58.23231541711846 
58.95049249124739 
58.98141191037669 
58.953056618493456 
59.45939965732237 
58.95553066929833 
59.25289098775076 
59.224988151926674 
58.65359135052318 
58.64927078685256 
58.25251672140212 
57.63455651262694 
58.62801004927349 
58.63239870444153 
59.462631401919936 
58.9962105216635 
57.64293856007956 
59.23265360146684 
58.21838762964148 
59.23007086789753 
58.22897161752046 
58.652668846057345 
59.22298169447289 
59.471340086443085 
58.966641015729394 
58.97051158296774 
59.23121765903626 
57.65305692643906 
58.22835187368345 
58.96209063089315 
58.226766519025325 
58.66015256113771 
59.655643795774566 
