56.64266634463571 
57.634199158486226 
58.95771756719973 
57.63433242197204 
0.0 
58.96962054998015 
58.62535022888618 
58.980745111180504 
58.215725897927264 
59.46905103115427 
58.645400946722766 
57.618049802253594 
58.24956139180496 
58.959586971263256 
57.612260648034606 
58.247234994179216 
57.56388014432956 
58.960279540934685 
58.16707967900014 
59.44157239788598 
59.2103220589542 
58.97225801048766 
58.205246832598775 
58.6660109384012 
59.437599543030075 
59.23551105406172 
58.23230451938708 
57.6425266261402 
58.24956139180496 
58.959586971263256 
57.612260648034606 
58.247234994179216 
57.56388014432956 
58.960279540934685 
58.16707967900014 
59.44157239788598 
59.2103220589542 
56.61564007943679 
56.621298753193194 
58.22835993940188 
58.96062224894596 
58.223073862551274 
57.663582319392255 
58.62741400162617 
57.6330637727266 
58.650349227561286 
59.238068594850986 
58.963795931017366 
58.22522206136787 
58.6441704097557 
58.968340666946474 
58.640422275055826 
59.23353086843492 
59.456874742659494 
59.467505561852875 
58.627262398566884 
58.234688651819994 
59.461828108588044 
58.653772362985634 
58.95977611144447 
59.44793982564827 
58.94188037489081 
58.97328768527601 
59.481506463183194 
58.23432023346904 
57.66604642958262 
59.24506313826903 
58.235291983707704 
56.59891455260341 
56.57127175260132 
58.64845953330975 
58.651344493971855 
57.63988440872674 
58.627593355835955 
59.23997789702694 
58.96025274466293 
56.603832766382034 
58.5909436947649 
58.955909940738714 
57.62576198759856 
59.22718867598488 
58.234169609603 
58.207033232005074 
59.22792992014582 
58.221543935523584 
59.232273997927294 
58.61374645442713 
58.95708535018469 
59.24228036724504 
57.63905260203321 
58.97225801048766 
59.25048767528565 
58.214843592641195 
58.208963877302494 
58.24001891456747 
58.63114876819993 
58.65249351914968 
58.60531269525609 
58.98577964912308 
57.63657281455835 
