59.28879879950874 
59.76162586895209 
59.754415848151815 
59.95269257818082 
59.96611370800011 
59.9553668200897 
59.55130666005502 
59.96445261062659 
59.25945201363143 
59.966711890212636 
59.9660802582052 
59.95613120971369 
59.54346708751195 
59.96579741728506 
59.95794314419657 
59.28167107927061 
59.28207848193922 
59.964042695372676 
59.28282094151387 
59.95718245694291 
59.94784902857651 
59.76537018530606 
59.96305270914297 
59.96066108251864 
59.279226390811566 
59.95988877386589 
59.76892309226805 
59.278413388706205 
59.541368479344456 
59.54713059658268 
59.96467661528003 
59.76996814666539 
59.968644158800224 
59.28367331343315 
