46.395793691460334 
46.83068659394039 
46.79929933187581 
47.02058428914939 
47.0682266099105 
47.03092453850212 
46.653596216933124 
47.058901710266205 
46.28395865015838 
47.07004334811266 
47.067771210346166 
47.028849344061925 
46.624279569988175 
47.06428476191317 
47.040219445915255 
46.371394660032216 
46.36600079450023 
47.059507960977925 
46.36741842596734 
47.03071323795685 
46.99985544176711 
46.84509058446243 
47.058671314422504 
47.05144003377812 
46.35772716582871 
47.0416663164849 
46.85764629797414 
46.35737395541868 
46.61403298764064 
46.6395110123265 
47.06167161995406 
46.86383656957244 
47.07704914181131 
46.377974066336165 
