44.45867940539002 
45.42949031486336 
46.7560309244878 
45.43100040814211 
0.0 
46.797607895090636 
46.394012972342914 
46.83130093038281 
45.99623992358029 
47.32761359747025 
46.46065726030966 
45.37335783013407 
46.11183366112887 
46.76133658919878 
45.34564101371238 
46.099908229706735 
45.15814915816247 
46.768471187185476 
45.822420690559646 
47.234003188117356 
46.98361076175587 
46.8031897846862 
45.961925623755505 
46.53597894928504 
47.21897104896991 
47.07191402401662 
46.05930816222992 
45.45809046915264 
46.11183366112887 
46.76133658919878 
45.34564101371238 
46.099908229706735 
45.15814915816247 
46.768471187185476 
45.822420690559646 
47.234003188117356 
46.98361076175587 
44.36580307535575 
44.38794146787873 
46.04036227922188 
46.76375274057526 
46.02463711755197 
45.52914982948524 
46.40519661157697 
45.41517521817764 
46.48378628873678 
47.08013187485058 
46.77437728250859 
46.03272730166485 
46.45832841107686 
46.792368795800286 
46.445688702089214 
47.06388630769271 
47.286162765803695 
47.32794535941642 
46.401371517257 
46.06773905556251 
47.30597211543192 
46.49297865793523 
46.76399291684353 
47.25743436656404 
46.70352457493767 
46.806214781032146 
47.37193337385988 
46.06573177902478 
45.534815857249654 
47.09695333943626 
46.06441918516924 
44.29943721042265 
44.20328649307901 
46.476808242755325 
46.48461083581604 
45.45101216790597 
46.40560811238286 
47.081530303150885 
46.759646203188424 
44.3127242996173 
46.26459522875791 
46.74364163978099 
45.3994882915031 
47.041028381628635 
46.064809996125554 
45.96704863039389 
47.04377516700982 
46.01916992221612 
47.05803937064646 
46.35657374817548 
46.74955618356504 
47.0922348942873 
45.443122742771976 
46.8031897846862 
47.115392004418936 
46.00056641652922 
45.97616534488555 
46.087609028787924 
46.41417183107194 
46.48912438034917 
46.324831352208825 
46.85396673659474 
45.434261531680505 
