46.853797479431876 
47.08415395236956 
47.0249220068095 
46.88009235114671 
46.6272751512044 
47.029757897093354 
46.63047370689253 
46.81975128677765 
45.585427694707775 
47.02487944762377 
46.84185538455766 
47.05955904713346 
46.84615840216454 
46.86840583294962 
47.078385770001915 
47.026709855699494 
46.62543453198683 
47.06386455230086 
47.058175173742534 
46.5819293504944 
46.82824183714426 
47.071804520694265 
47.02810943992071 
47.0323115438269 
46.85616832140466 
47.06625468393384 
47.02182518338093 
47.07242588790309 
46.84615840216454 
46.86840583294962 
47.078385770001915 
47.026709855699494 
46.62543453198683 
47.06386455230086 
47.058175173742534 
46.5819293504944 
46.82824183714426 
47.0801127138567 
47.05140021828046 
46.65706878979002 
47.06034699762072 
46.308290100090446 
47.072732591572276 
46.83864216359186 
46.879869577553514 
47.071192593833736 
46.86299582951789 
46.34714012339557 
47.04937355511219 
46.82939778902608 
47.06872410258225 
47.00782668949312 
47.04811874352566 
47.070142280328604 
47.04504424903065 
46.85294455575059 
46.325377853988705 
47.069016202012534 
47.047748057955914 
47.02497539056502 
47.00246668193007 
47.015391031462315 
46.83226718072973 
47.069016202012534 
47.013005312635656 
47.03728375911469 
47.06697206065415 
47.046420022647034 
47.04665584715263 
46.65642016673965 
47.08123686033702 
46.57529937399249 
47.05140730197872 
47.082480452634115 
47.04881232000903 
47.03663541435205 
46.78083006480023 
47.030479432165485 
46.322974334519365 
47.067437731211456 
46.84816920789236 
47.06383976528309 
47.04680595233977 
47.07498359297822 
46.582783780152155 
47.09202235331926 
46.79014420834232 
46.82553518016173 
47.062141747072616 
47.044571156575 
47.04132172059477 
47.052797665806644 
47.06087674249359 
47.06957891250776 
46.61639623594179 
47.06191285889439 
46.83587403240229 
47.04878378523414 
46.81961664606733 
47.03431678837637 
