59.767042428885084 
59.96869382384444 
59.95436298866543 
59.77383786622056 
59.543604381529256 
59.95612909100797 
59.54446820011861 
59.75750911547379 
58.53300362382269 
59.953448273414004 
59.76342166688602 
59.963524064038815 
59.7653915109262 
59.77132233325854 
59.968226221344004 
59.95449176503925 
59.542817134898165 
59.96478877160407 
59.963885974723325 
59.53212101122103 
59.76031746024527 
59.96633779723678 
59.955517811401116 
59.955864278404775 
59.7682548985589 
59.964968174825906 
59.95320960294832 
59.96684460880895 
59.7653915109262 
59.77132233325854 
59.968226221344004 
59.95449176503925 
59.542817134898165 
59.96478877160407 
59.963885974723325 
59.53212101122103 
59.76031746024527 
59.96882869821161 
59.960592412875904 
59.551516577114114 
59.96404574474131 
59.26645083350457 
59.96686126621683 
59.764230261628164 
59.77382318606519 
59.96628076005547 
59.768826055348725 
59.27538293760197 
59.95997419739838 
59.7603815966414 
59.96563523095234 
59.95025250277369 
59.959874590157945 
59.965745718323156 
59.96009143274766 
59.766967458084295 
59.26993740386401 
59.96519832518374 
59.959836623410176 
59.955272054239686 
59.9489224164952 
59.9508555765408 
59.761107847568596 
59.96519832518374 
59.950660332087935 
59.957165316338475 
59.96502790701743 
59.959733528675415 
59.96021167107224 
59.552676077849235 
59.96891550086513 
59.52974687729615 
59.961498775408884 
59.96946761897636 
59.9599203291335 
59.95759767601206 
59.74765306443344 
59.95664407988653 
59.26971524390712 
59.96506528005108 
59.76500285084623 
59.96432452801895 
59.960220643428094 
59.96704862686935 
59.53210627311425 
59.971608599559204 
59.750489879113694 
59.76059706012026 
59.963737214924265 
59.959127850912836 
59.95795816888117 
59.961614314360205 
59.964075381380184 
59.96524731680356 
59.54209693471112 
59.96417486930037 
59.76248695845715 
59.95992716607866 
59.757997661563 
59.956485035936026 
