46.74433521399509 
46.77330697927293 
47.1510604963057 
46.688611812884865 
47.29032292343628 
46.79022406338384 
46.08376062641544 
46.75562098051075 
46.470355717729696 
46.44327439122137 
45.44456756185617 
46.050161141767504 
45.87704923725089 
46.428675013951285 
46.4088015895377 
47.273317117329036 
46.76575695843068 
46.81350674118206 
46.470355717729696 
46.44327439122137 
45.44456756185617 
46.050161141767504 
45.87704923725089 
46.428675013951285 
46.4088015895377 
47.273317117329036 
46.76575695843068 
46.81350674118206 
45.93002341173808 
46.77175144245514 
44.518184657710236 
45.3367292733615 
47.04964373248107 
46.071776054874874 
44.48035122722445 
46.83620580451292 
46.51942315306053 
47.500624654586325 
46.00942208610369 
47.10283833876649 
47.008994867152474 
47.06535183628058 
47.09659780233919 
47.08121457826875 
46.77782922553144 
45.50610982116876 
46.1111657175569 
46.76841827772201 
46.77519630402283 
45.47285480255577 
46.06865002101106 
46.4376883239261 
45.4316710946304 
46.3689413648828 
46.72561038263943 
46.7295996127075 
44.316958558214594 
45.34461765272945 
46.03177341656052 
47.07403375321369 
47.06044981121697 
47.114201451953264 
45.37746081056297 
47.07852081344331 
46.47872192754873 
47.041848236740385 
45.47117387559685 
46.810169511269706 
46.5012486966122 
47.322149782682985 
47.04933131657562 
45.99780216770041 
46.67961236055609 
46.47978207590485 
45.34461765272945 
46.03177341656052 
47.07403375321369 
47.06044981121697 
47.114201451953264 
45.37746081056297 
47.07852081344331 
46.47872192754873 
47.041848236740385 
45.47117387559685 
46.810169511269706 
46.5012486966122 
47.322149782682985 
47.04933131657562 
45.99780216770041 
45.34461765272945 
46.03177341656052 
47.07403375321369 
47.06044981121697 
47.114201451953264 
45.37746081056297 
47.07852081344331 
46.47872192754873 
47.041848236740385 
45.47117387559685 
46.810169511269706 
