56.65903440565584 
57.6073063357358 
59.22846564330005 
58.23592865839633 
56.648232769114635 
58.981206345442466 
58.6606895529043 
59.65533101330919 
58.218135747848315 
59.47152294053782 
58.636400794194024 
57.63409096868808 
58.64712578506302 
58.63816622105895 
57.6395034862793 
58.231614179082584 
58.18026801946656 
58.63316113609029 
58.629517439847 
59.45244966898858 
58.96006621702444 
58.97460823507568 
58.19629225263362 
58.96125890148115 
59.22061313006579 
59.45711696933508 
58.96443171014835 
57.64243385915135 
58.64712578506302 
58.63816622105895 
57.6395034862793 
58.231614179082584 
58.18026801946656 
58.63316113609029 
58.629517439847 
59.45244966898858 
58.96006621702444 
58.973917995140035 
56.66330664339868 
58.642770756194516 
59.220601042825194 
56.64206580213427 
58.658692304042205 
59.232625488320096 
58.22153018516843 
58.65460985664054 
58.98882884053363 
58.23760962097041 
57.63137837679577 
58.975505064505334 
59.22727094285958 
58.22170195727344 
59.457382774888394 
59.229023648944754 
59.65900979172395 
58.218148171911785 
58.946235945197714 
59.47255114722534 
58.65545348535378 
58.97116978634133 
59.24155661490824 
59.21669606148345 
58.229041723346704 
59.67477831250278 
58.21450709791664 
58.23824446246602 
59.46641189107548 
58.96329425130906 
58.62481406847227 
57.60739255201184 
58.9683588165526 
59.22059429690786 
58.63435652897336 
58.212684937286674 
59.237594341481525 
59.43996305051727 
57.635295762707585 
58.60169695832064 
58.63341700490748 
56.626855716266306 
59.454056764576414 
58.238058280913634 
58.20521951488276 
59.23558774396894 
58.22519519960526 
58.22161570933715 
58.941438747812356 
59.206859141412195 
59.236508364710296 
59.45417785300649 
58.97460823507568 
58.98001255731926 
57.614909037927646 
59.21018419237064 
58.23472263832918 
58.95405415607808 
58.94923629347303 
58.6319667989432 
59.246226855838444 
58.95858904687608 
