46.83654477757016 
47.08248357805764 
46.583650843052546 
46.65368588159321 
46.82585937948792 
47.02986365216315 
46.84057995041443 
46.979360229369085 
45.53869064555995 
47.04294476283217 
46.63688339905466 
47.054599603970146 
46.861062509891724 
47.05704355121302 
47.07696797496661 
47.01737420344168 
46.63665813194332 
47.06817528798325 
47.04753445913846 
46.56596999887125 
46.8294148338203 
47.085620028774215 
46.61637178302332 
47.044987380825376 
46.3913642235743 
47.05337506565812 
46.800437037908765 
47.06852117395536 
46.861062509891724 
47.05704355121302 
47.07696797496661 
47.01737420344168 
46.63665813194332 
47.06817528798325 
47.04753445913846 
46.56596999887125 
46.8294148338203 
47.0682266099105 
47.03092453850212 
46.653596216933124 
47.058901710266205 
46.28395865015838 
47.07004334811266 
46.61255182705205 
46.64365203601042 
47.056914779072166 
46.85840491446067 
46.61208719258633 
47.04027362279368 
46.373606260421134 
47.06519963733534 
46.99472622394688 
47.04004929752328 
47.05921055450227 
47.01472534801931 
46.656062137646146 
46.784652647349596 
47.062555999093796 
47.04106205946768 
47.022248820765824 
47.00482772065564 
46.98965701726369 
46.36756408901275 
47.062555999093796 
46.61862925565228 
46.86050547030768 
47.061021747285245 
47.05543558807682 
47.03717305106093 
46.63664800222569 
47.083536923293124 
46.35584138166224 
46.847077467527804 
47.08346769223153 
47.06568139601121 
46.83998097870829 
46.764858920204844 
47.019844486753286 
46.57164857055444 
47.05790765843294 
47.039110388800296 
47.03996796878181 
47.04737761770245 
47.070692536127034 
46.329949007832575 
47.09060227383393 
46.30777377238059 
46.81818138328482 
47.06087946718533 
46.856178459226626 
47.04164825333316 
47.04920738380833 
46.86924183933796 
47.072919216594045 
46.591909506399325 
47.05133338256808 
46.82596632904347 
47.04402546391603 
46.81883125652784 
47.044564853574116 
