58.65463894951113 
59.46588616317961 
59.2289885743488 
58.64712578506302 
58.63816622105895 
57.6395034862793 
58.231614179082584 
58.18026801946656 
58.63316113609029 
58.629517439847 
59.45244966898858 
58.96006621702444 
58.97460823507568 
56.65903440565584 
57.6073063357358 
59.22846564330005 
58.23592865839633 
56.648232769114635 
58.981206345442466 
58.6606895529043 
59.65533101330919 
58.218135747848315 
59.47152294053782 
58.636400794194024 
58.633525387935386 
59.249034545336244 
58.63319215675352 
58.6426919536352 
58.983288448731116 
58.636886660420934 
58.958913835105065 
59.230794153986196 
58.96254154624345 
59.217300155189 
58.189418868035055 
57.65857310583128 
59.23620974267519 
58.96520037547922 
58.63542646600917 
59.234939499488746 
58.2204188918053 
58.96638660877457 
58.21814568109212 
56.65856168068037 
58.23397401025757 
58.243002607764126 
58.62913234841403 
58.236394461061266 
59.23608165365021 
58.649000589479115 
59.24412181415729 
59.22541750608203 
58.629742742638165 
59.223078631205624 
58.639830615280886 
58.97290425634897 
59.213537086653545 
58.618649894052666 
58.21846274426004 
59.44860195477419 
58.64669361541112 
58.628820664012345 
58.947831980728424 
59.22985367430942 
56.65903440565584 
57.6073063357358 
59.22846564330005 
58.23592865839633 
56.648232769114635 
58.981206345442466 
58.6606895529043 
59.65533101330919 
58.218135747848315 
59.47152294053782 
58.636400794194024 
57.63409096868808 
58.972969958184514 
58.974917124168236 
57.61008266477175 
58.22504876953511 
59.23678865108779 
59.23187478691526 
59.248506422578195 
57.618210851116615 
59.23787568848992 
58.647883027509 
59.22654686799587 
57.64880092015735 
58.97353213150488 
58.65463894951113 
59.46588616317961 
59.2289885743488 
58.21336353630672 
58.973917995140035 
56.66330664339868 
58.642770756194516 
59.220601042825194 
56.64206580213427 
58.658692304042205 
59.24453460362165 
