51.37242100669906 
51.38785875427417 
51.167663151295166 
50.90150455855995 
51.16329520711615 
50.15876691474697 
50.57470673265796 
51.15147274937927 
51.155159703527744 
51.37874727109478 
51.38560420907476 
51.16494871371055 
51.166941706856335 
50.153612833024916 
50.57869547729446 
51.38702423242571 
50.56824197283167 
50.15712360732252 
51.16416936836133 
51.386320620880326 
51.39088658646749 
50.89834450395929 
51.38108951155033 
51.16056986657769 
51.384757052942646 
51.38945720536793 
50.89932842475405 
51.16232799253825 
51.16336377369573 
51.15965745330431 
51.384609302355486 
51.38251206498498 
51.16316723811684 
51.3892608113837 
50.90136370294075 
50.16426231934711 
51.38787923657693 
51.16321867295679 
51.15715889871609 
51.38859906214936 
51.161597820163436 
51.36575015438728 
50.90150355879004 
50.89200631517958 
51.16163807891657 
50.898383790450566 
50.89731488493382 
51.157156215187825 
51.389423310201934 
51.15266532352565 
51.162430205529795 
51.38712634525858 
50.58141673047155 
51.38247814620703 
50.57206042715666 
51.165063104644794 
51.390851087305634 
51.38170036950668 
51.37343626168087 
51.38634769149999 
50.90143203277921 
51.155284452195886 
51.38238391166179 
51.16501311448312 
50.153612833024916 
50.57869547729446 
51.38702423242571 
50.56824197283167 
50.15712360732252 
51.16416936836133 
51.386320620880326 
51.39088658646749 
50.89834450395929 
51.38108951155033 
51.16056986657769 
50.89191295555086 
51.38107570914711 
51.16686970984271 
50.89194696093485 
50.900211827855124 
51.38941289477239 
51.389376003536576 
51.16419323910475 
51.384719882228005 
51.3877727636816 
51.38326237329844 
51.16418827591669 
50.576165195954104 
51.163295395972476 
51.37242100669906 
51.38785875427417 
51.167663151295166 
51.1535424981869 
50.884406884029815 
49.57484718370472 
50.902567938722974 
51.38788131987784 
50.89830141647558 
51.15618067743235 
51.38944158363136 
