41.024775347924766 
40.809405624052324 
41.02179484729893 
41.02362851314728 
41.035323894495335 
40.813378955377665 
40.48078779066169 
41.035147589875656 
40.74683224606613 
41.00970290378353 
40.47689294574126 
40.512291332639876 
40.48429655340311 
40.80834925464559 
40.77751046876362 
41.0306439228622 
40.80224810509519 
41.028748286910975 
40.74683224606613 
41.00970290378353 
40.47689294574126 
40.512291332639876 
40.48429655340311 
40.80834925464559 
40.77751046876362 
41.0306439228622 
40.80224810509519 
41.028748286910975 
40.98710867351824 
41.02481902035751 
39.78000739844117 
41.009920656260725 
41.0143391070456 
40.75357763316706 
39.203560218882906 
40.800024455663 
41.03054650313326 
40.5492502482513 
40.80248669514119 
40.79824363998636 
41.03208573145594 
41.00947557959569 
41.040382503976744 
40.52786615940971 
40.80454124577944 
40.49209671066234 
41.03527821788386 
41.012332342817295 
40.773145631583354 
40.40208390699029 
40.50482554039331 
40.79251521758644 
40.80896272704888 
40.78156857321305 
41.035836493157156 
41.00398566921856 
40.15470865155795 
40.7363814986773 
40.80437756201476 
41.03582325558985 
41.03591307735113 
41.00464217954232 
40.21672024199886 
40.99972535580822 
41.01413405530684 
40.809866383927364 
40.78878523926625 
40.54237574882094 
40.48002017031919 
41.02550749247362 
41.03948702060172 
40.78216359404117 
41.012599401460655 
40.79189141785773 
40.7363814986773 
40.80437756201476 
41.03582325558985 
41.03591307735113 
41.00464217954232 
40.21672024199886 
40.99972535580822 
41.01413405530684 
40.809866383927364 
40.78878523926625 
40.54237574882094 
40.48002017031919 
41.02550749247362 
41.03948702060172 
40.78216359404117 
40.7363814986773 
40.80437756201476 
41.03582325558985 
41.03591307735113 
41.00464217954232 
40.21672024199886 
40.99972535580822 
41.01413405530684 
40.809866383927364 
40.78878523926625 
40.54237574882094 
