39.78000739844117 
41.009920656260725 
41.0143391070456 
40.75357763316706 
39.203560218882906 
40.800024455663 
41.03054650313326 
40.5492502482513 
40.80248669514119 
41.00783858394912 
40.53476670787829 
40.20246200362158 
40.74683224606613 
41.00970290378353 
40.47689294574126 
40.512291332639876 
40.48429655340311 
40.80834925464559 
40.77751046876362 
41.0306439228622 
40.80224810509519 
41.028748286910975 
40.98710867351824 
41.02481902035751 
41.03519949531673 
41.02524501569826 
40.792222941025955 
40.12540809710768 
40.74683224606613 
41.00970290378353 
40.47689294574126 
40.512291332639876 
40.48429655340311 
40.80834925464559 
40.77751046876362 
41.0306439228622 
40.80224810509519 
39.08209792578207 
39.21273371749075 
40.5242347072163 
41.03106813693453 
40.77603652392837 
39.805163084975796 
40.7857762947513 
40.535304745473184 
40.52303429183482 
40.98637862134506 
40.79746551038083 
40.77905879682904 
41.00571994932222 
40.81708255670531 
40.50976857887182 
41.02515107500403 
41.03421967009434 
41.03041300430421 
40.51539297576633 
40.75731648008941 
41.035757576786565 
40.79467528014232 
41.03604065926683 
41.03513898930572 
41.01638369077813 
40.80829386136154 
41.037090135570736 
40.79741322890304 
40.78126741212646 
41.03134316179853 
41.00653921315077 
39.75657563911115 
40.21033998098507 
40.798625470005575 
40.79360205316133 
40.19849303365582 
40.787879141291754 
41.03184320304495 
40.80540984687598 
39.76828070779452 
40.794593537613736 
41.009672740583504 
40.785298736555134 
41.02797814235862 
40.798433114186 
40.182515696475946 
41.03469741956977 
40.51756089953909 
41.03542656506954 
40.79974983482527 
41.02751954748645 
41.030480388567305 
40.54582500483424 
41.028748286910975 
40.772080524323904 
41.005282793068886 
40.776028115899145 
39.808990305166326 
40.7902772106674 
40.80902613915365 
40.99842512232939 
41.00312595721836 
40.767782880550094 
