40.60204349576232 
40.61389097617574 
40.6131839142821 
40.586393757946425 
40.60754503305671 
40.613464665235156 
40.60224431689806 
40.60239698768181 
40.11680380823952 
40.61313001352827 
40.61312319587125 
40.61338681146004 
40.58308134452167 
40.608209830006174 
40.61365173059068 
40.61273786195118 
40.596116935181904 
40.61348496313168 
40.614059457297145 
40.59874892749775 
40.60711744354919 
40.61376806744142 
40.61313376725518 
40.61298345383387 
40.602877335772014 
40.613379141722916 
40.61270777097497 
40.61362223830721 
40.58308134452167 
40.608209830006174 
40.61365173059068 
40.61273786195118 
40.596116935181904 
40.61348496313168 
40.614059457297145 
40.59874892749775 
40.60711744354919 
40.614028173919856 
40.61346865729516 
40.37616305823808 
40.613296880085464 
40.3714748379913 
40.613575318749156 
40.613354859475216 
40.586472197588755 
40.61348968130484 
40.6048282517503 
40.121527141916346 
40.61349417543269 
40.60693408116128 
40.61361363745762 
40.61268234246234 
40.61357273715511 
40.613964320237145 
40.61303315264025 
40.60752615127247 
40.59715393499021 
40.61345142259718 
40.61322610761392 
40.6131250558531 
40.612911570714 
40.61242980197557 
40.61363725447441 
40.61345142259718 
40.61211290958981 
40.61345228792445 
40.613405608824316 
40.61286189011873 
40.61237403380857 
40.60171168334171 
40.614024519627925 
40.60213394374114 
40.613268895701175 
40.61400334202877 
40.613519918215076 
40.613471144853314 
40.59704041215072 
40.613020868573116 
40.38094899309145 
40.61350450909547 
40.60760228656141 
40.61355798139505 
40.61354750266241 
40.61364428809582 
40.602923381568075 
40.61408115957778 
40.607221099182134 
40.6050202414256 
40.61345308173315 
40.613420123364165 
40.61353950746651 
40.613242954045695 
40.61347274658845 
40.6134605254426 
40.60774879651028 
40.61357246659692 
40.60760347593072 
40.613028157073515 
40.612621026800895 
40.61263183440348 
