51.63722827661358 
51.64025098746391 
51.64020555766725 
51.632843046707094 
51.63870476481828 
51.64022661054274 
51.637245711775414 
51.63724913145383 
51.15191995423968 
51.64019693358761 
51.64019860455316 
51.64022123698549 
51.632056914935404 
51.638764134736284 
51.64024196719583 
51.640173309954314 
51.635711622056235 
51.64022710560395 
51.64026770436159 
51.636444082235805 
51.63867478649292 
51.640244555934025 
51.64020811835101 
51.64019178509292 
51.63728951453421 
51.640221005045575 
51.64016337676226 
51.640235748415236 
51.632056914935404 
51.638764134736284 
51.64024196719583 
51.640173309954314 
51.635711622056235 
51.64022710560395 
51.64026770436159 
51.636444082235805 
51.63867478649292 
51.64026703530344 
51.640222998592314 
51.4136786611293 
51.64021364685267 
51.41270344099693 
51.640234705069126 
51.64022050435353 
51.632848508665035 
51.64022905249061 
51.63796737645332 
51.153030176878424 
51.640221720529524 
51.63866330632953 
51.640235543144755 
51.640175830430245 
51.640227204108136 
51.64025820412831 
51.64019105957618 
51.63871549234215 
51.63579031943635 
51.640222607978686 
51.64020645307159 
51.64019862881407 
51.640188319435794 
51.64014605723798 
51.64023235624329 
51.640222607978686 
51.64012040530999 
51.64022640825613 
51.640221591453546 
51.64018168476158 
51.640144820781536 
51.63720602457393 
51.64026695327727 
51.63722839051792 
51.64021672754019 
51.64026648516297 
51.64022972831535 
51.640221182247004 
51.63577849666427 
51.640190732981914 
51.41528315063961 
51.640229382039834 
51.63871160890168 
51.64023057766665 
51.64023593533133 
51.64023251201402 
51.63729240013241 
51.6402682083733 
51.63869013744344 
51.6379828032723 
51.64022264465686 
51.64022007364414 
51.640230160058515 
51.64021059010466 
51.640230521794166 
51.64021914600325 
51.63872786649569 
51.640229040579534 
51.63870978394864 
51.64018909150568 
51.640159563163984 
51.640163569899165 
