51.38632358779497 
51.38553803531241 
51.3879817158072 
51.38471609864095 
51.38935964741906 
51.165122039999844 
50.8834409482901 
51.38939796822254 
50.90150455855995 
51.16329520711615 
50.15876691474697 
50.57470673265796 
51.15147274937927 
51.155159703527744 
51.37874727109478 
51.38560420907476 
51.16494871371055 
51.166941706856335 
50.90150455855995 
51.16329520711615 
50.15876691474697 
50.57470673265796 
51.15147274937927 
51.155159703527744 
51.37874727109478 
51.38560420907476 
51.16494871371055 
51.166941706856335 
51.3787845321136 
51.387799185093264 
50.153612833024916 
50.57869547729446 
51.38702423242571 
50.56824197283167 
50.15712360732252 
51.16416936836133 
51.386320620880326 
51.39088658646749 
50.89834450395929 
51.1633772043674 
51.386324223005886 
51.38628585552253 
51.38713424071074 
51.162437140606855 
51.163165245093566 
51.15621741678396 
51.38485639974029 
51.157975058222576 
51.163157799099196 
50.878904515463944 
51.15338180181264 
51.382598613906836 
51.162394659934535 
51.16049132022435 
51.38402698525069 
51.15962551103417 
50.566750528828685 
50.89194696093485 
50.900211827855124 
51.38941289477239 
51.389376003536576 
51.16419323910475 
51.384719882228005 
51.3877727636816 
51.38326237329844 
51.16418827591669 
50.576165195954104 
51.163295395972476 
51.37242100669906 
51.38785875427417 
51.167663151295166 
51.1535424981869 
51.16493191635646 
51.15886311195534 
50.89194696093485 
50.900211827855124 
51.38941289477239 
51.389376003536576 
51.16419323910475 
51.384719882228005 
51.3877727636816 
51.38326237329844 
51.16418827591669 
50.576165195954104 
51.163295395972476 
51.37242100669906 
51.38785875427417 
51.167663151295166 
51.1535424981869 
50.89194696093485 
50.900211827855124 
51.38941289477239 
51.389376003536576 
51.16419323910475 
51.384719882228005 
51.3877727636816 
51.38326237329844 
51.16418827591669 
50.576165195954104 
51.163295395972476 
