41.009824012437576 
41.030873235056305 
41.030132269785554 
40.77401824000069 
40.79187106425668 
40.75241074820724 
41.00678976294716 
40.1516641170556 
40.988745714094634 
41.008070756769264 
41.02570250432499 
40.802503663795825 
41.03633778547331 
40.20461277253888 
40.20264705705991 
41.0300956637325 
40.51717354378994 
41.02424239047515 
40.794527326761155 
41.015961710976065 
41.0406650652553 
40.80828257270345 
41.0156007265609 
41.02462550010304 
40.800134835329 
41.04107640325938 
40.52442184481272 
41.01966692522833 
40.80786981176069 
40.996902594500405 
41.0288137414073 
41.022626706340866 
41.019079820573225 
41.03483401234307 
40.211049875643376 
39.79290339589481 
41.04097556603446 
40.53705663222188 
40.77767684091012 
41.02559447617369 
40.55274636164971 
40.99096458566328 
40.80318331895013 
40.74717770905116 
40.779950524288765 
40.79762884257209 
40.52487729131172 
41.02013520733654 
40.813454977367094 
40.75651892949528 
40.80110013618561 
41.02628720777643 
40.212871962837745 
41.03508420495767 
40.519488274754885 
40.80359036986262 
41.028339084103145 
41.01878966549088 
40.98777786359407 
41.01816920184124 
40.54591941702917 
40.50546250775786 
40.99642132426323 
40.809902178328464 
40.20461277253888 
40.20264705705991 
41.0300956637325 
40.51717354378994 
41.02424239047515 
40.794527326761155 
41.015961710976065 
41.0406650652553 
40.80828257270345 
41.0156007265609 
41.02462550010304 
40.97798903426425 
41.022986839639536 
40.796296249025836 
40.49867590015702 
40.80764732479425 
40.54942827435997 
41.04127062995194 
40.7954011977309 
40.77080802342479 
41.02281631031774 
40.80304544938261 
41.020854110756815 
40.7855951861356 
40.80447840384705 
41.009824012437576 
41.030873235056305 
41.030132269785554 
40.54185836728005 
40.97285401572868 
40.197569489449414 
40.221077180895016 
41.03056800522397 
40.20893926915915 
40.20841267391478 
41.04162724862767 
