51.63574752931893 
51.640248139470486 
51.63577450033364 
51.40849029900886 
51.64018209443058 
51.64020814889423 
51.63872326260991 
51.64012466392719 
51.627593455068926 
51.64020128825057 
51.63728921367843 
51.64022619438017 
51.62249614806846 
51.64024860832184 
51.64024341132289 
51.640151725009666 
51.415350507965414 
51.64025493597067 
51.64026215471022 
51.634962058323374 
51.63793072832751 
51.64026265656107 
51.63724966044512 
51.640201854530005 
51.63581928287076 
51.640202405979274 
51.64016586238946 
51.64022494566045 
51.62249614806846 
51.64024860832184 
51.64024341132289 
51.640151725009666 
51.415350507965414 
51.64025493597067 
51.64026215471022 
51.634962058323374 
51.63793072832751 
51.64026670547994 
51.64021477861343 
51.63507185019535 
51.64022106565508 
51.63127789253971 
51.640223828672504 
51.63874023647572 
51.62399436320591 
51.64020778862905 
51.63724527179442 
51.63872458707858 
51.64022150902773 
51.62987984792285 
51.64022462833052 
51.6401485239133 
51.64022417491482 
51.640252904982425 
51.640156821759675 
51.6357771079884 
51.63723096221622 
51.64021172492983 
51.640208820808866 
51.64019829089012 
51.64020487620957 
51.640122248666245 
51.63877324373502 
51.64021172492983 
51.63716958743121 
51.63875988093718 
51.64021088140961 
51.640212865196155 
51.6401624313685 
51.41446626071437 
51.64026672408363 
51.635799009373116 
51.638700247518855 
51.640265896231234 
51.640245113544225 
51.63877001980553 
51.63795661291066 
51.640195447028795 
51.638687029541245 
51.64020831115919 
51.640181554319554 
51.640183602579384 
51.640233092518024 
51.64023278521318 
51.63730013711065 
51.64026807208935 
51.63723873413103 
51.638737495914114 
51.64021179831568 
51.64021454986207 
51.640204127679894 
51.64022305317094 
51.638771435260296 
51.64023513542783 
51.636526444733356 
51.64022635770972 
51.636490595997024 
51.640214542977226 
51.64015636603114 
51.64020254045909 
