41.025379459258126 
41.02250632990935 
41.03201120907588 
41.019232027235496 
41.0355561764617 
40.807373898205455 
40.48101340830795 
41.03603973218054 
40.54195280029223 
40.80071995338189 
39.7847097807175 
40.20298325975278 
40.758439704036114 
40.77207841730296 
40.99984360692902 
41.02316739735722 
40.805475847772385 
40.81392420064348 
40.54195280029223 
40.80071995338189 
39.7847097807175 
40.20298325975278 
40.758439704036114 
40.77207841730296 
40.99984360692902 
41.02316739735722 
40.805475847772385 
40.81392420064348 
41.00029212160751 
41.029988053616854 
39.76851608290693 
40.216461560444415 
41.02720190044023 
40.182536732453286 
39.780178691897085 
40.803594705499144 
41.025270854599995 
41.040716121436326 
40.53155733997551 
40.80165968762628 
41.025333459574114 
41.02491818624892 
41.02840687381178 
40.79804071144658 
40.799330755833616 
40.776939887510565 
41.02083647623133 
40.78274290655085 
40.799245775421284 
40.46339423647071 
40.76600012431054 
41.013385129694626 
40.79755817351739 
40.79014543874402 
41.01743880702035 
40.78731318974146 
40.176169872363715 
40.50974755501398 
40.53581634048459 
41.03616375854288 
41.03580024761356 
40.80388892693757 
41.019296494783895 
41.02965688587197 
41.01479659288982 
40.80387914446585 
40.20881480099475 
40.80073773266144 
40.97655913302122 
41.03061550916431 
40.815062179666185 
40.7677682976984 
40.805295000683635 
40.785796620377695 
40.50974755501398 
40.53581634048459 
41.03616375854288 
41.03580024761356 
40.80388892693757 
41.019296494783895 
41.02965688587197 
41.01479659288982 
40.80387914446585 
40.20881480099475 
40.80073773266144 
40.97655913302122 
41.03061550916431 
40.815062179666185 
40.7677682976984 
40.50974755501398 
40.53581634048459 
41.03616375854288 
41.03580024761356 
40.80388892693757 
41.019296494783895 
41.02965688587197 
41.01479659288982 
40.80387914446585 
40.20881480099475 
40.80073773266144 
