51.3822852024472 
51.38787915220144 
51.38780878813186 
51.1553389760963 
51.160646309598214 
51.14907080520846 
51.3809509398694 
50.55992548425613 
51.37562801557499 
51.38107269748581 
51.38635921301545 
51.16406315494292 
51.389425251025784 
50.57485934009568 
50.57467334438763 
51.38781158815677 
50.89408787503944 
51.38622299548042 
51.161499912465366 
51.38336733246716 
51.390879287001376 
51.16581956087282 
51.38333433777392 
51.38625656839744 
51.16323638293869 
51.390904162757806 
50.89622302354245 
51.38475298618648 
51.165161953207054 
51.37794349685467 
51.38769750244385 
51.38555079546855 
51.384707910429235 
51.38929541461375 
50.577286272283445 
50.16073844165608 
51.39089563409412 
50.90031849787932 
51.15627830595209 
51.38635049791044 
50.9046891581614 
51.37635880557698 
51.16412432957385 
51.14737082213664 
51.15710281589401 
51.162392096760776 
50.89626268508442 
51.3847985509543 
51.16690595856637 
51.15005662458599 
51.163330372223484 
51.38640615147702 
50.57745400863545 
51.38931955303783 
50.89503895825856 
51.16416871623032 
51.38712072737803 
51.38467693596438 
51.37501403927316 
51.38409500523787 
50.90259884435811 
50.890821479205975 
51.37790522053397 
51.16596982621967 
50.57485934009568 
50.57467334438763 
51.38781158815677 
50.89408787503944 
51.38622299548042 
51.161499912465366 
51.38336733246716 
51.390879287001376 
51.16581956087282 
51.38333433777392 
51.38625656839744 
51.37254669136388 
51.38557997692208 
51.16165621161744 
50.888723227178325 
51.165764079867856 
50.90365358626814 
51.39092487058951 
51.16157778859575 
51.15442236028249 
51.3855713928217 
51.16412046989697 
51.384858727246545 
51.158851070684406 
51.164247047729354 
51.3822852024472 
51.38787915220144 
51.38780878813186 
50.90149425134076 
51.371036133167564 
50.573295497439766 
50.580038053056064 
51.387849622954135 
50.576173024830524 
50.57611747775102 
51.390959638033344 
