40.97655913302122 
41.03061550916431 
40.815062179666185 
40.54195280029223 
40.80071995338189 
39.7847097807175 
40.20298325975278 
40.758439704036114 
40.77207841730296 
40.99984360692902 
41.02316739735722 
40.805475847772385 
40.81392420064348 
39.76851608290693 
40.216461560444415 
41.02720190044023 
40.182536732453286 
39.780178691897085 
40.803594705499144 
41.025270854599995 
41.040716121436326 
40.53155733997551 
41.00825746041496 
40.79105774411088 
41.01967134809814 
41.03672500564462 
40.53427137036948 
40.796924745459314 
40.80159203301876 
40.78781311468242 
41.01800267529797 
41.01233866482857 
40.79925649879812 
41.034409459585525 
40.54045028478987 
39.80465396954788 
41.03093998480811 
40.79990171029137 
40.780593111887654 
41.0329238488977 
40.795649312938956 
40.955311206323806 
40.542020254570666 
40.510366911405704 
40.79603808389986 
40.532013983195725 
40.528376050070996 
40.78048958395645 
41.036195941895315 
40.76494409459287 
40.79793878543242 
41.02839637453312 
40.22605129822516 
41.01194375750681 
40.19411708271514 
40.806640745658996 
41.04040271868195 
41.00919275788258 
40.982025879001384 
41.025558597162366 
40.54118794856676 
40.773342987757346 
41.0108929110375 
40.806112907507455 
39.76851608290693 
40.216461560444415 
41.02720190044023 
40.182536732453286 
39.780178691897085 
40.803594705499144 
41.025270854599995 
41.040716121436326 
40.53155733997551 
41.00825746041496 
40.79105774411088 
40.509402943713525 
41.008173906848235 
40.81308746898059 
40.50974755501398 
40.53581634048459 
41.03616375854288 
41.03580024761356 
40.80388892693757 
41.019296494783895 
41.02965688587197 
41.01479659288982 
40.80387914446585 
40.20881480099475 
40.80073773266144 
40.97655913302122 
41.03061550916431 
40.815062179666185 
40.7677682976984 
40.48344341576013 
39.20451708513354 
40.545558000182716 
41.030876595278365 
40.53106815622057 
40.776563700473005 
41.03650825493763 
