50.15711877867357 
51.38176091054702 
51.38322492386797 
51.14917499878672 
49.57475982483445 
51.16323139936255 
51.3878550425692 
50.90365205813433 
51.16406935983552 
51.38105701056413 
50.89938251477225 
50.574661974569445 
51.147346316561105 
51.38174911187961 
50.882330273016336 
50.89291260688807 
50.88522146647396 
51.16582649651007 
51.156274152013445 
51.3878672612103 
51.16404076091613 
51.38715729680579 
51.374955578739225 
51.3862776023924 
51.38932875925908 
51.38632192333624 
51.160676335856714 
50.552021518993534 
51.147346316561105 
51.38174911187961 
50.882330273016336 
50.89291260688807 
50.88522146647396 
51.16582649651007 
51.156274152013445 
51.3878672612103 
51.16404076091613 
49.53982159264759 
49.57743495961487 
50.89620469351471 
51.38790016819847 
51.15613461054987 
50.16430257718268 
51.158867118586876 
50.89942154293987 
50.896107293881315 
51.37488740171525 
51.16239225122628 
51.15702506812844 
51.380330640791215 
51.167844694976395 
50.89195304434826 
51.38631358253385 
51.38923657028499 
51.387837943770045 
50.89393785576628 
51.15075864401059 
51.38937878254851 
51.1615149910832 
51.389400036403444 
51.389327057670165 
51.383928978643134 
51.16520319655359 
51.38950194451093 
51.16238002472831 
51.15722240819988 
51.38792498344745 
51.38093856344873 
50.1500697710038 
50.577226442433656 
51.162489012493694 
51.16142316620809 
50.573377091952956 
51.15966835622933 
51.38797139746123 
51.16496245209939 
50.153579124217764 
51.16151339334369 
51.38174439427707 
51.15944045524804 
51.387086107206855 
51.16246641530975 
50.56823835446616 
51.389284266627676 
50.89412563385331 
51.389350414595995 
51.163209930369455 
51.38705611864332 
51.38785316235843 
50.90259966166266 
51.38715729680579 
51.15454082535424 
51.38029360658364 
51.15613688446751 
50.1658847438914 
51.16050647137705 
51.16588533543109 
51.378619907921816 
51.37957357778993 
51.15354015379255 
