50.153612833024916 
50.57869547729446 
51.38702423242571 
50.56824197283167 
50.15712360732252 
51.16416936836133 
51.386320620880326 
51.39088658646749 
50.89834450395929 
51.38108951155033 
51.16056986657769 
50.89191295555086 
50.90150455855995 
51.16329520711615 
50.15876691474697 
50.57470673265796 
51.15147274937927 
51.155159703527744 
51.37874727109478 
51.38560420907476 
51.16494871371055 
51.166941706856335 
51.3787845321136 
51.387799185093264 
51.38704182257924 
51.38934359415715 
51.166833604703065 
50.13196564468635 
50.90150455855995 
51.16329520711615 
50.15876691474697 
50.57470673265796 
51.15147274937927 
51.155159703527744 
51.37874727109478 
51.38560420907476 
51.16494871371055 
50.884406884029815 
49.57484718370472 
50.902567938722974 
51.38788131987784 
50.89830141647558 
51.15618067743235 
51.38783886328043 
50.57885079335403 
50.8929849160329 
51.38479357558536 
51.164159783329175 
50.570666610517144 
51.38403886674165 
51.38943618140158 
51.37110480351924 
51.38933051416176 
51.387728525539565 
51.390880920943445 
51.38089789364797 
51.3815168626628 
51.38940673416346 
50.896165564072106 
51.38564067172379 
51.38634139265359 
51.386887614464854 
51.16074209713811 
51.39101288743552 
50.89396822330838 
51.16159100386808 
51.38644519066996 
51.15971122706176 
50.89189392489793 
50.89583220366803 
51.381090150450596 
51.385432528964316 
51.15254376566316 
51.159729872211095 
51.386431767430395 
51.38922645309003 
51.15259326244242 
51.163281983218496 
51.1597169951978 
51.15598128624711 
51.38782335300704 
51.380349939009335 
51.15803908381212 
51.38929227774343 
50.88987223608844 
51.38405162102319 
51.38627411373037 
51.390839908123816 
51.38934530957093 
51.39090384627191 
51.166941706856335 
51.15278817979623 
51.15452893201677 
51.38011862044917 
51.156910097199635 
51.38399374735123 
51.167594772272494 
51.157938194041556 
51.38261827557773 
51.16062153097132 
