51.152983865692526 
51.636527633770065 
51.638728146401526 
51.64011198471613 
51.64026670547994 
51.64021477861343 
51.63507185019535 
51.64022106565508 
51.63127789253971 
51.640223828672504 
51.640232316808984 
51.64021172492983 
51.63655356168075 
51.64026519367621 
51.64019552914964 
51.41453723893748 
51.634338422718095 
51.6402096440881 
51.63359918475384 
51.64019658761918 
51.64015687096609 
51.638691128725235 
51.640232114422986 
51.64019896350251 
51.14781751628343 
51.64020358773563 
51.64021489735314 
51.624718493177056 
51.638722539724306 
51.626258228278346 
51.64021771726587 
51.640270049491775 
51.64025447692408 
51.41627562923946 
