51.159796887526944 
51.38248768443967 
51.39100045625706 
51.38549403072925 
51.3870983416758 
51.160781074843236 
50.87797835952746 
51.38630368414758 
51.1553389760963 
51.160646309598214 
51.14907080520846 
51.3809509398694 
50.55992548425613 
51.37562801557499 
51.38107269748581 
51.38635921301545 
51.16406315494292 
51.389425251025784 
51.1553389760963 
51.160646309598214 
51.14907080520846 
51.3809509398694 
50.55992548425613 
51.37562801557499 
51.38107269748581 
51.38635921301545 
51.16406315494292 
51.389425251025784 
50.89084825994992 
51.38558724785655 
50.57485934009568 
50.57467334438763 
51.38781158815677 
50.89408787503944 
51.38622299548042 
51.161499912465366 
51.38336733246716 
51.390879287001376 
51.16581956087282 
51.16516595124236 
51.38707866726569 
51.38252466899242 
51.38639456350597 
50.89722352627934 
51.38546206972326 
50.89620175572822 
51.386280984014874 
50.900482497601416 
50.896267998910254 
50.87475000442168 
50.88871218112455 
51.163335099321024 
51.16418581074032 
50.892884011916884 
51.39085575841016 
50.90145955303647 
51.15444472875366 
50.888723227178325 
51.165764079867856 
50.90365358626814 
51.39092487058951 
51.16157778859575 
51.15442236028249 
51.3855713928217 
51.16412046989697 
51.384858727246545 
51.158851070684406 
51.164247047729354 
51.3822852024472 
51.38787915220144 
51.38780878813186 
50.90149425134076 
51.3876876963771 
51.38554944892484 
50.888723227178325 
51.165764079867856 
50.90365358626814 
51.39092487058951 
51.16157778859575 
51.15442236028249 
51.3855713928217 
51.16412046989697 
51.384858727246545 
51.158851070684406 
51.164247047729354 
51.3822852024472 
51.38787915220144 
51.38780878813186 
50.90149425134076 
50.888723227178325 
51.165764079867856 
50.90365358626814 
51.39092487058951 
51.16157778859575 
51.15442236028249 
51.3855713928217 
51.16412046989697 
51.384858727246545 
51.158851070684406 
51.164247047729354 
