50.88335233240244 
51.38634264630903 
51.390768384336305 
51.147346316561105 
51.38174911187961 
50.882330273016336 
50.89291260688807 
50.88522146647396 
51.16582649651007 
51.156274152013445 
51.3878672612103 
51.16404076091613 
51.38715729680579 
50.15711877867357 
51.38176091054702 
51.38322492386797 
51.14917499878672 
49.57475982483445 
51.16323139936255 
51.3878550425692 
50.90365205813433 
51.16406935983552 
51.38105701056413 
50.89938251477225 
51.16411288000639 
51.38943518320851 
51.16050282305529 
51.38778617310949 
51.165145407055554 
51.37568075238888 
51.16399392142394 
51.382467724948064 
51.386201229879624 
51.38774734324279 
50.5667383493689 
51.15091684279845 
51.16689647624068 
51.15618097212852 
50.886723952589605 
51.38707544537748 
51.16422958702847 
51.1561520043057 
50.894038763988775 
51.152636937903516 
51.38711153751442 
51.37801349006074 
51.16590786146185 
51.38408370775677 
51.385639026430056 
51.15532960771876 
51.1650531267112 
51.39088467009493 
51.15882221779134 
51.164123456135826 
50.562762495361156 
51.16592228541596 
51.16587102871972 
51.38396477284321 
51.37492615849333 
51.38184144112154 
51.16498617918266 
50.89399743747226 
51.38084943044593 
51.16596602313967 
50.15711877867357 
51.38176091054702 
51.38322492386797 
51.14917499878672 
49.57475982483445 
51.16323139936255 
51.3878550425692 
50.90365205813433 
51.16406935983552 
51.38105701056413 
50.89938251477225 
50.574661974569445 
51.38777227046966 
51.16689563160891 
51.14455471735561 
51.16485988607616 
51.38938252060354 
51.38938694439791 
51.38022990250304 
50.578718918733564 
51.378736443054635 
51.383203945446766 
51.16595762251153 
51.15975844672107 
50.90154260676292 
50.88335233240244 
51.38634264630903 
51.390768384336305 
51.15792176448275 
49.53982159264759 
49.57743495961487 
50.89620469351471 
51.38790016819847 
51.15613461054987 
50.16430257718268 
51.39096982019895 
