51.41448556473576 
51.63797823014043 
51.637262745337644 
51.63719620782797 
51.64026703530344 
51.640222998592314 
51.4136786611293 
51.64021364685267 
51.41270344099693 
51.640234705069126 
51.64023235624329 
51.640222607978686 
51.41196553901319 
51.640265735487986 
51.64023988463619 
51.41709132525767 
51.415363811254466 
51.64021012528684 
51.62924191336561 
51.64019413367447 
51.640139636570744 
51.6358027164586 
51.64024295634553 
51.64022264489423 
51.41181657265047 
51.64020612624681 
51.64021821390495 
50.832031988889895 
51.63872300217424 
51.637241039669604 
51.64021803089858 
51.64027019656072 
51.640226647707856 
51.41537202061051 
