40.59656002790506 
40.613841899352444 
40.59693753232715 
40.356870647151105 
40.612960410773475 
40.61321476568735 
40.6076211259045 
40.61221485355819 
40.566421699404174 
40.613154143080294 
40.60285890367465 
40.6134379142775 
40.548360758561785 
40.61369603979968 
40.61362850121381 
40.61243073727974 
40.38172779773064 
40.61381282575778 
40.61397222929092 
40.59323241751609 
40.60434520386861 
40.61399251521489 
40.60224908128744 
40.61309794504635 
40.59753241385721 
40.61312302702862 
40.612731169264805 
40.61346590879437 
40.548360758561785 
40.61369603979968 
40.61362850121381 
40.61243073727974 
40.38172779773064 
40.61381282575778 
40.61397222929092 
40.59323241751609 
40.60434520386861 
40.614008937151404 
40.61334513087852 
40.59474540350811 
40.613375035344994 
40.57985066897359 
40.613415627816906 
40.60788075971363 
40.55402660553652 
40.61319712681985 
40.60230378364046 
40.6076815101663 
40.613480193303616 
40.575441900128475 
40.61345201848949 
40.612284871631104 
40.613515741557336 
40.61388877655673 
40.61257429584124 
40.59688809976845 
40.602076260776805 
40.61329171918818 
40.61324435679619 
40.61310556706279 
40.61306692304425 
40.61210631073148 
40.60844773548719 
40.61329171918818 
40.60132139159671 
40.608179985802835 
40.61325357645019 
40.613256925747606 
40.61257695488692 
40.37826536928662 
40.61400981134845 
40.59729106476437 
40.6073369261065 
40.61397211719091 
40.61370616007434 
40.60838842889633 
40.604673664051404 
40.613061465899925 
40.60724547993698 
40.61322072555718 
40.61293608385751 
40.6129444735908 
40.61349819924407 
40.6136520535271 
40.603016973106364 
40.61407078677355 
40.602091003493186 
40.60792719886473 
40.613295040932286 
40.61333386340149 
40.613199587524626 
40.6133810406277 
40.608283600235026 
40.61367395704862 
40.59977471950794 
40.613530871154296 
40.599415388264134 
40.61333271520847 
40.61255608496721 
40.61312671549483 
