43.01454491038461 
43.27843140312714 
43.27844338583181 
43.27844880545292 
43.27844964677409 
43.27844941954735 
43.278425142940314 
43.278449609425515 
43.278412388436436 
43.27844948148046 
43.27844966683474 
43.278449385390516 
43.27844356641172 
43.27844964677409 
43.278449667252715 
43.27673820182169 
43.27841909300494 
43.278449659316394 
43.278428313366234 
43.27844953720069 
43.27844939950118 
43.27844301184478 
43.27844950976113 
43.27844929377131 
43.0135066493952 
43.27844966250842 
43.27844942567326 
43.278349158895566 
43.27844959317192 
43.27837373161368 
43.27844966000375 
43.278449665201734 
43.278449667252715 
43.27673218428075 
