34.44456543363515 
34.44543418595664 
34.44556819538936 
34.171194750336156 
34.43374379328875 
33.84864968124534 
34.43344478295237 
34.44505318755851 
34.44501135038467 
34.445081637313244 
34.44557883167847 
34.43945731771908 
34.43973044818916 
33.84876073671951 
33.85690086295477 
34.44546457973089 
33.856638550145135 
33.84853772554558 
34.43064137706861 
34.44551863221159 
34.44557670801569 
34.43946532674527 
34.44469815940745 
34.445407937679875 
34.445363162695735 
34.445596791549626 
34.41261759012775 
34.439465710738986 
34.445417252894465 
34.43958473798131 
34.44523504674021 
34.44478816985606 
34.439544084435134 
34.44558099726866 
34.43968758981077 
33.436396652956745 
34.44558896293747 
34.43658113269392 
34.4359216003782 
34.44543415136044 
34.44534307214717 
34.44402512339505 
34.418932460524985 
34.43928280521147 
34.43973420302875 
34.43950365557599 
34.43329244125435 
34.43954912294706 
34.44558977718664 
34.43912527576788 
34.43607441229081 
34.44559030310319 
33.85763566832934 
34.44512956360535 
34.42438048256564 
34.44550455280382 
34.445581617223745 
34.4454836267905 
34.44442598449429 
34.44557883167847 
34.172428297991985 
34.41272314132069 
34.445368240932396 
34.40687670691971 
33.84876073671951 
33.85690086295477 
34.44546457973089 
33.856638550145135 
33.84853772554558 
34.43064137706861 
34.44551863221159 
34.44557670801569 
34.43946532674527 
34.44469815940745 
34.445407937679875 
34.439183427781 
34.44501908960195 
34.43965183620782 
34.421415530009575 
34.17590887497307 
34.44550982182948 
34.445516710722366 
34.43936500403473 
34.445422169243756 
34.44542633148606 
34.4454475542764 
34.439723220434395 
34.418932460524985 
34.44559506402966 
34.44456543363515 
34.44543418595664 
34.44556819538936 
34.433354043191805 
34.163688514033716 
32.8306223144758 
34.4307244959704 
34.445448842957205 
34.17228728761014 
34.439281137806525 
34.44551593589777 
