43.278437005812435 
43.2784495567545 
43.27844941308986 
43.278412626839724 
43.278443436601606 
43.278449455128246 
43.278431154428084 
43.27844953472956 
43.014559260789106 
43.27844959875111 
43.2784492492488 
43.27844948337809 
43.2784006992689 
43.27844960448378 
43.27844955338303 
43.27844935778516 
43.27844966725259 
43.27844965860266 
43.27844965283483 
43.27843087781671 
43.27844293035831 
43.278449666948596 
43.278449420777505 
43.27844933333506 
43.27844952948276 
43.278449417960054 
43.27844963717136 
43.27844944955933 
43.2784006992689 
43.27844960448378 
43.27844955338303 
43.27844935778516 
43.27844966725259 
43.27844965860266 
43.27844965283483 
43.27843087781671 
43.27844293035831 
43.27844964730811 
43.27844936684956 
43.276722950579384 
43.278449587498876 
43.27671639097282 
43.27844944955933 
43.27844964085183 
43.278412648271434 
43.278449475856505 
43.27843697489605 
43.01454867946812 
43.278449660275555 
43.27844311496386 
43.27844966228449 
43.27844939463869 
43.278449665505995 
43.278449665545615 
43.27844964085183 
43.27844319687602 
43.278431278232446 
43.278449417960054 
43.278449278578705 
43.27844931894637 
43.278449460951116 
43.27844942258292 
43.278449666948596 
43.278449417960054 
43.27844911914035 
43.27844948337809 
43.278449417960054 
43.278449168037326 
43.27844943310858 
43.27843722640428 
43.27844964715395 
43.2784433316916 
43.278449582936325 
43.278449660275555 
43.278449583089 
43.27844948123718 
43.27843095144343 
43.27844927114082 
43.27844313623745 
43.278449475932504 
43.278449294430814 
43.27844962603827 
43.27844964085183 
43.27844966717659 
43.27844959050862 
43.2784496546873 
43.27844343910738 
43.278449504479575 
43.278449417960054 
43.278449615357104 
43.27844947547651 
43.27844964085183 
43.27844959989053 
43.27844966725259 
43.27844956869626 
43.27844959692825 
43.278443403500354 
43.27844916796133 
43.27844930130007 
43.278449168037326 
