34.08235030429081 
34.088364251347116 
34.088320420839466 
34.088361428356926 
34.088563505982016 
34.08855055719834 
34.082197199341415 
34.08856256395754 
34.08209626114991 
34.088556456894615 
34.08856668791628 
34.08855259131765 
34.07601066181553 
34.088563505982016 
34.08856673719711 
34.0823927016301 
34.07917683661057 
34.08856549277659 
34.08833001483304 
34.08855786227638 
34.08854677966469 
34.08831508424179 
34.088560530957956 
34.088553322955455 
34.08213376107452 
34.08856278256287 
34.08855220417496 
34.069523232080094 
34.08844248167989 
34.08832552874456 
34.08856564117204 
34.08856647436598 
34.08856673719711 
34.0884418118292 
