34.43944451451704 
34.44528317818743 
34.44559386852742 
34.44549165571164 
34.445511825034664 
34.43940834610986 
34.42965967632449 
34.44544724032332 
34.43573227052529 
34.439423583399744 
34.44508949668317 
34.44535040088222 
34.438950838928584 
34.44482164595605 
34.44466466581864 
34.44550945769414 
34.43955627287301 
34.44558736274073 
34.43573227052529 
34.439423583399744 
34.44508949668317 
34.44535040088222 
34.438950838928584 
34.44482164595605 
34.44466466581864 
34.44550945769414 
34.43955627287301 
34.44558736274073 
34.179115046843506 
34.445514714060494 
33.85758220778486 
33.85678651780657 
34.44550198405048 
34.17910586648851 
34.44543105157382 
34.439271891517784 
34.44537425785159 
34.44557761932886 
34.44549831122352 
34.439325772413724 
34.44535057578514 
34.445153589284686 
34.445337565996724 
34.154459722395366 
34.445243425828195 
34.4274898331512 
34.4452753900594 
34.17953131713848 
34.43915101030034 
34.178973752640076 
34.427279540502994 
34.43944357702835 
34.44558758330666 
34.433305324107295 
34.44559608700094 
34.433053645851324 
34.444932354017894 
34.143318816454524 
34.43962912270937 
34.17957599315029 
34.44558770323975 
34.4392618527344 
34.44497656398408 
34.44532252826468 
34.43968128394497 
34.445589478063425 
34.41882685579372 
34.445598786186395 
34.44509825843547 
34.44543403184626 
34.44542800382924 
34.42773002065554 
34.44543214792406 
34.445346251372094 
34.143318816454524 
34.43962912270937 
34.17957599315029 
34.44558770323975 
34.4392618527344 
34.44497656398408 
34.44532252826468 
34.43968128394497 
34.445589478063425 
34.41882685579372 
34.445598786186395 
34.44509825843547 
34.44543403184626 
34.44542800382924 
34.42773002065554 
34.143318816454524 
34.43962912270937 
34.17957599315029 
34.44558770323975 
34.4392618527344 
34.44497656398408 
34.44532252826468 
34.43968128394497 
34.445589478063425 
34.41882685579372 
34.445598786186395 
