43.07068776420413 
43.07071495140958 
43.07071478652473 
43.067991187157645 
43.06894046596146 
43.07068304066146 
43.07070815521994 
43.06889830239056 
43.07065998469967 
43.07064445142183 
43.07072151555567 
43.06895303662855 
43.07072812506555 
42.484875308441204 
42.484802926067985 
43.07072130596595 
42.8067666937264 
43.070714844831876 
43.068927319756135 
43.070708804210255 
43.07072787187531 
43.070721177291546 
43.070686056729066 
43.070727009692824 
43.06895307198062 
43.070728348043545 
43.05655536546551 
43.070692599612734 
43.070721942993565 
43.07068968003353 
43.07072121244571 
43.07068573763484 
43.070714368716665 
43.0707278371197 
42.806793890078026 
42.06804577785695 
43.070728271941235 
43.0689531308775 
43.06710612557336 
43.07070859083077 
43.06896646347875 
43.07064365236147 
43.062774427477514 
43.07063472679634 
43.07072846356964 
43.06895680667827 
43.065382242264995 
43.070721787249944 
43.070728255833394 
43.07066704932686 
43.06713794560712 
43.07072825893943 
42.48355359478539 
43.07072110944741 
43.068894545137645 
43.07072122659246 
43.070708793329686 
43.07072164938081 
43.07060565020031 
43.07072151555567 
42.80468997391675 
42.80571642995375 
43.0706735085304 
43.05834224128536 
42.484875308441204 
42.484802926067985 
43.07072130596595 
42.8067666937264 
43.070714844831876 
43.068927319756135 
43.070708804210255 
43.07072787187531 
43.070721177291546 
43.070686056729066 
43.070727009692824 
43.0706725514597 
43.0707053633309 
43.06893777778811 
42.796143345643 
43.0689595355719 
42.80680921528505 
43.0707281360695 
43.06892477310868 
43.07067318803595 
43.07070513527458 
43.06896319468027 
43.07072815920711 
43.06276807301844 
43.070728416843096 
43.07068776420413 
43.07071495140958 
43.07071478652473 
43.06542060251296 
43.07052803663028 
42.47556266713601 
43.06539143931607 
43.07072161091634 
42.48354860880073 
43.062758242159134 
43.07072817218362 
