33.82224807733561 
34.08832947605135 
34.08847756322391 
34.088524571695714 
34.08856341855572 
34.08855284499003 
34.0882412399943 
34.08856361812774 
34.08805681595593 
34.08855788115169 
34.08856666951494 
34.088551060910866 
34.08848683385493 
34.08856341855572 
34.08856673727608 
34.082396634270346 
34.088164576412254 
34.08856545297281 
34.0882862663838 
34.088559417079566 
34.08855210347993 
34.088460700930774 
34.088558718377904 
34.08854746091827 
33.818396129966224 
34.08856597050088 
34.08855259100174 
34.087258983067514 
34.08856223786593 
34.08758610099309 
34.088565565829164 
34.08856640518326 
34.08856673727608 
34.08232104778215 
