33.8529071800955 
34.44512227920812 
34.44542386243598 
34.44455826480332 
33.43671191116776 
34.43657679072567 
34.445516629200846 
34.43375284510768 
34.439649952521364 
34.44483878084086 
34.17953990611443 
34.433400578548735 
34.42042771205173 
34.445210931010045 
34.17885829448021 
34.43915903589218 
34.445014124873545 
34.439543428814275 
34.43897234860225 
34.44558616273075 
34.42757720470776 
34.4455168407128 
34.44484597036537 
34.4454389702774 
34.44556677275948 
34.44537194239772 
34.43668954791986 
34.15316889378601 
34.42042771205173 
34.445210931010045 
34.17885829448021 
34.43915903589218 
34.445014124873545 
34.439543428814275 
34.43897234860225 
34.44558616273075 
34.42757720470776 
33.41067865611964 
34.13997429102894 
34.433394905927386 
34.445447605892724 
34.43923981251325 
34.415771430837644 
34.4451532154989 
34.432434387314345 
34.40080429692438 
34.445433224107745 
34.43960732295488 
34.43585709209431 
34.44504575799995 
34.439725728854505 
34.43310331772839 
34.44535374605105 
34.445493823406004 
34.445435198126624 
34.17913922365473 
34.439033118610595 
34.44551410320314 
34.44536381647893 
34.445514109493004 
34.44550264498567 
34.44524737395095 
34.43958629091816 
34.445527011194315 
34.4394164718299 
34.4392643353875 
34.44544866677117 
34.44532123342702 
34.17224698494241 
34.433771714626225 
34.4455869441155 
34.43938467818384 
34.433656456112864 
34.439283441504045 
34.445593697415376 
34.43961378907846 
34.418536646726764 
34.43623098197974 
34.444832866692074 
34.43949585773486 
34.44550446554669 
34.43956896610403 
34.1682652009759 
34.44558924294551 
34.43917715674943 
34.445577529732965 
34.44543721876433 
34.44550657389938 
34.44542992494327 
34.179533822660304 
34.4455168407128 
34.435509407772145 
34.445163116718625 
34.43954620523159 
34.16544978738996 
34.43948459751797 
34.43973067510069 
34.44527810470873 
34.445161536589076 
34.44515834221541 
