43.06888132173347 
43.070714982495204 
43.0707274450434 
43.0635298860051 
43.070695391789 
42.806743744914414 
43.068917459705006 
43.07067875727546 
43.06895271680507 
43.06889886658886 
43.07072812324931 
43.06540740893384 
43.070721700158444 
42.483529285264645 
43.070686183649336 
43.07071467041456 
43.070634792458826 
42.06807859396971 
43.06806822468002 
43.070721698340165 
43.0671962002729 
43.0689600940829 
43.0706604714028 
42.80680824782573 
43.06895324707621 
43.07072834881423 
43.06098341214925 
43.070721430721576 
43.07072187269525 
43.07070564729029 
43.07071431841462 
43.070666072010795 
43.07070788281924 
43.07071485477397 
42.804659211738375 
43.070656782973366 
43.070728219766906 
43.06894039566621 
42.80458975442332 
43.07070854069109 
43.07071534425419 
43.06882782097774 
43.05920705349794 
43.07066655119204 
43.07072846391726 
43.07070557152443 
43.06895342041209 
43.070715386028695 
43.070721828026656 
43.068928097012105 
43.06893041210152 
43.07072816255115 
43.07070210528952 
43.06894660712608 
43.06712760745706 
43.070721294555284 
43.07072144559857 
43.07071538654203 
43.070640132337815 
43.07072172165467 
43.06543647041144 
42.79722639096059 
43.07068271862316 
43.06100635389969 
42.483529285264645 
43.070686183649336 
43.07071467041456 
43.070634792458826 
42.06807859396971 
43.06806822468002 
43.070721698340165 
43.0671962002729 
43.0689600940829 
43.0706604714028 
42.80680824782573 
43.06716631717056 
43.070714684738945 
43.068960082052556 
43.067988107530105 
43.068959507704626 
43.07072141969385 
43.07071850810076 
43.070679744186215 
42.80574792180142 
43.07068587046379 
43.07072150728464 
43.070728019548426 
43.05920714799738 
43.07072840563848 
43.06888132173347 
43.070714982495204 
43.0707274450434 
43.06803609987115 
42.060804810667804 
42.795104438479555 
43.06716391862834 
43.07071531034799 
43.068924172030194 
43.061876260882535 
43.070728216620886 
