34.438741621308374 
34.445434799191254 
34.44556174683383 
34.42042771205173 
34.445210931010045 
34.17885829448021 
34.43915903589218 
34.445014124873545 
34.439543428814275 
34.43897234860225 
34.44558616273075 
34.42757720470776 
34.4455168407128 
33.8529071800955 
34.44512227920812 
34.44542386243598 
34.44455826480332 
33.43671191116776 
34.43657679072567 
34.445516629200846 
34.43375284510768 
34.439649952521364 
34.44483878084086 
34.17953990611443 
34.4395628563167 
34.445595527480755 
34.41269158557536 
34.44550710114124 
34.44552378186408 
34.44534074221181 
34.44541109641082 
34.44488104622972 
34.44533932583327 
34.445431243672594 
34.172143499854286 
34.44478764031542 
34.4455908476415 
34.43942200136814 
34.17137896549981 
34.4453632624808 
34.44544873318782 
34.438182033134495 
34.40666868484094 
34.444896364696746 
34.445600484227604 
34.44533851545147 
34.4395679654758 
34.44545078846405 
34.44552041895994 
34.43930225988161 
34.43930317597192 
34.44558889048437 
34.44529151733891 
34.43948392954726 
34.43297109988427 
34.44550157717867 
34.44550693334885 
34.445449883977595 
34.44458988614473 
34.445516495202156 
34.42789965741267 
34.14711174517563 
34.44507639429633 
34.41295373223187 
33.8529071800955 
34.44512227920812 
34.44542386243598 
34.44455826480332 
33.43671191116776 
34.43657679072567 
34.445516629200846 
34.43375284510768 
34.439649952521364 
34.44483878084086 
34.17953990611443 
34.433400578548735 
34.44542556123811 
34.439648511784064 
34.43570361165024 
34.43962772585079 
34.44550676302815 
34.445482080558676 
34.4450510190786 
34.17600607300404 
34.44511121246208 
34.44551038477451 
34.4455844831714 
34.40667216861514 
34.44559840178678 
34.438741621308374 
34.445434799191254 
34.44556174683383 
34.43622522285031 
33.41067865611964 
34.13997429102894 
34.433394905927386 
34.445447605892724 
34.43923981251325 
34.415771430837644 
34.44558951123768 
