42.48223065619888 
42.4848127987651 
43.07071802658594 
42.48478877370169 
42.482211032077025 
43.06630025525384 
43.07072174773773 
43.07072784800152 
43.06894380106865 
43.070647624726874 
43.070714226597595 
43.06892037159835 
42.804573972031214 
43.067195977469716 
42.482220872384616 
43.06716978159581 
43.07068206689496 
43.07067866034601 
43.07068282791753 
43.07072791476638 
43.06894358696137 
43.06896680410622 
43.07068628479668 
43.07071513056067 
43.07072107097339 
43.07072798469317 
43.06631965753578 
43.06263521099572 
42.804573972031214 
43.067195977469716 
42.482220872384616 
43.06716978159581 
43.07068206689496 
43.07067866034601 
43.07068282791753 
43.07072791476638 
43.06894358696137 
42.80241982869846 
41.47689744621612 
43.066306987146454 
43.07071534512875 
42.80467395082364 
43.06892753618064 
43.07071522759247 
42.48350521253424 
43.05651263132341 
43.070714996007176 
43.06896639358614 
42.80249391208418 
43.07068245043309 
43.070728102139704 
43.070653432833176 
43.07072127007904 
43.07071462244665 
43.0707278521834 
43.07068916868057 
43.07070134775192 
43.070721746756675 
43.06893091353827 
43.07071212880142 
43.070702236979095 
43.07071764901842 
43.06894737628152 
43.070728440134374 
43.068039237212226 
43.070708800585216 
43.070709000283664 
43.068914519196 
43.068885405727286 
43.06893019239054 
43.07072807578908 
43.07070401428957 
43.06891077623412 
43.06893079603478 
43.07072819572086 
43.07072055797773 
43.0671417112452 
43.06894347541302 
43.06889214787514 
43.070698776285106 
43.0707277522396 
43.07068924295459 
43.068901717033846 
43.07072832523248 
43.063588023199024 
43.070708506738505 
43.070708727554226 
43.07072799389431 
43.07072114504197 
43.070728014857906 
43.06896680410622 
43.067093559755605 
43.068918157874286 
43.070707777279395 
43.070707903225596 
43.07070201613631 
43.070728201937776 
43.06894064306189 
43.070715274405494 
43.070699147070044 
