34.44532098642404 
34.43956370753487 
34.44531240913449 
34.445477694132826 
34.44550989891146 
34.439648511784064 
34.43525268406493 
34.44551931244036 
34.42042771205173 
34.445210931010045 
34.17885829448021 
34.43915903589218 
34.445014124873545 
34.439543428814275 
34.43897234860225 
34.44558616273075 
34.42757720470776 
34.4455168407128 
34.42042771205173 
34.445210931010045 
34.17885829448021 
34.43915903589218 
34.445014124873545 
34.439543428814275 
34.43897234860225 
34.44558616273075 
34.42757720470776 
34.4455168407128 
34.44484597036537 
34.4454389702774 
33.8529071800955 
34.44512227920812 
34.44542386243598 
34.44455826480332 
33.43671191116776 
34.43657679072567 
34.445516629200846 
34.43375284510768 
34.439649952521364 
34.43340119729287 
34.44541358620377 
34.44504352948886 
34.44558353498843 
34.136624863899335 
34.439475883036444 
34.433477996615565 
34.445495567018746 
34.44536373427038 
34.445124988100716 
34.438882932731104 
34.43309892976532 
34.43941194560853 
34.44557967398985 
34.436361129791116 
34.445593697415376 
34.44529771250947 
34.42411371755789 
34.43570361165024 
34.43962772585079 
34.44550676302815 
34.445482080558676 
34.4450510190786 
34.17600607300404 
34.44511121246208 
34.44551038477451 
34.4455844831714 
34.40667216861514 
34.44559840178678 
34.438741621308374 
34.445434799191254 
34.44556174683383 
34.43622522285031 
34.445283475647244 
34.44537994634691 
34.43570361165024 
34.43962772585079 
34.44550676302815 
34.445482080558676 
34.4450510190786 
34.17600607300404 
34.44511121246208 
34.44551038477451 
34.4455844831714 
34.40667216861514 
34.44559840178678 
34.438741621308374 
34.445434799191254 
34.44556174683383 
34.43622522285031 
34.43570361165024 
34.43962772585079 
34.44550676302815 
34.445482080558676 
34.4450510190786 
34.17600607300404 
34.44511121246208 
34.44551038477451 
34.4455844831714 
34.40667216861514 
34.44559840178678 
