42.483529285264645 
43.070686183649336 
43.07071467041456 
43.070634792458826 
42.06807859396971 
43.06806822468002 
43.070721698340165 
43.0671962002729 
43.0689600940829 
43.0706604714028 
42.80680824782573 
43.06716631717056 
43.0635298860051 
43.070695391789 
42.806743744914414 
43.068917459705006 
43.07067875727546 
43.06895271680507 
43.06889886658886 
43.07072812324931 
43.06540740893384 
43.070721700158444 
43.07066065414272 
43.07071508281189 
43.0707276095976 
43.070708801150715 
43.06807799830694 
42.799251927279464 
43.0635298860051 
43.070695391789 
42.806743744914414 
43.068917459705006 
43.07067875727546 
43.06895271680507 
43.06889886658886 
43.07072812324931 
43.06540740893384 
42.060804810667804 
42.795104438479555 
43.06716391862834 
43.07071531034799 
43.068924172030194 
43.061876260882535 
43.07068929454485 
43.06707696216262 
43.0574470404672 
43.07071492848414 
43.06895668637054 
43.06800128253326 
43.07067961838046 
43.06896670743194 
43.06713799715136 
43.07070828944815 
43.07072105818625 
43.070714977688915 
42.806770329653745 
43.06890501122269 
43.07072165262929 
43.07070852908871 
43.07072163638878 
43.07072136869835 
43.07069860615886 
43.06895390059486 
43.07072201390795 
43.06894025961551 
43.06892486733055 
43.07071539255722 
43.070705108252156 
42.80467015613372 
43.067198978820976 
43.070728121708555 
43.06893936452697 
43.067189073997795 
43.06892761268837 
43.07072833335168 
43.06895915409207 
43.0627421741637 
43.06803627059282 
43.07066029934889 
43.06894690316396 
43.070721384076954 
43.068953404452515 
42.803569554114894 
43.070728173674866 
43.06891796263547 
43.0707278631772 
43.07071503542337 
43.07072145885672 
43.070714859935535 
42.806805351308284 
43.070721700158444 
43.06796931257082 
43.07068954088571 
43.068952772824304 
42.802578513669985 
43.06894664551689 
43.06896679790001 
43.070701690920885 
43.07068952754841 
43.070689427318655 
