59.95671438944622 
59.95735721038799 
59.77718472075341 
59.546033699175695 
59.76525143828509 
59.24575510572979 
59.96878437090773 
59.53627966075199 
59.96542705567859 
59.77742722943288 
59.96052839775964 
59.75910494391308 
58.55033726282201 
59.52900492285068 
59.54787172323366 
59.96658258048859 
58.50511709897117 
59.55149978662117 
59.74730973030775 
59.94632880459248 
59.772964629421175 
59.77160963932689 
59.957027137570336 
59.752514134004834 
59.768151363259825 
59.53923003702002 
59.53332563274751 
59.76576948688882 
59.5435720006461 
59.77238897792745 
59.950019241446654 
59.74904859163287 
59.95432984355728 
59.777582593055136 
59.966933078844505 
59.967034378831144 
58.96525462348179 
59.971667529618266 
59.53877555714576 
59.73834161490575 
59.96208892934647 
59.549338800259996 
59.27307029778619 
59.758923164735165 
59.75817238121115 
59.957608466471115 
59.9479024408242 
59.76748870194358 
59.9710106713418 
59.25943675504433 
59.76293416333988 
59.76772939562232 
59.777477555923454 
59.281232158656685 
59.97132040219334 
59.51946619823203 
59.54346787655616 
59.25197754824075 
59.94855294920093 
59.26909638202643 
59.97133878606401 
59.76440966776157 
59.52336416755209 
59.25309895111608 
59.95593815873822 
59.263564058527315 
59.75884568959884 
59.95339688132469 
59.532660686172484 
59.96509789507232 
59.96574628705583 
59.76268624216276 
59.9710106713418 
59.26751906217763 
59.76293416333988 
59.76772939562232 
59.777477555923454 
59.55055333337101 
59.95555433564257 
59.75163142553475 
59.968485513426565 
59.273180966528535 
59.95783594833618 
59.55311049616331 
59.54195080376295 
59.26634807808356 
59.530192147638864 
59.76310973882742 
59.76026919545771 
59.761604812201334 
58.95733361735589 
59.284706655845206 
59.282009056062975 
59.96875303055481 
59.546095638503175 
59.75288477261264 
59.53559957497709 
59.275101110258504 
59.27418358339627 
59.2602280368456 
