59.45472575337895 
58.6395503620907 
58.21889279200473 
58.66022509216619 
59.447578295442604 
59.23598115803302 
56.62126022000878 
59.454090551966296 
58.969519082985535 
58.25566958437584 
59.47007867129241 
59.66236143494737 
59.19030037234188 
57.622321814283175 
58.97821726785606 
59.438653242268146 
59.440494178301236 
58.21769662928774 
58.6553147604632 
58.96367300855035 
57.674462218551206 
58.237838887964145 
59.26051688640689 
58.92945841864426 
59.25818895385913 
59.220721319092846 
58.651841467499885 
59.456917396093104 
58.96440316946442 
59.217574800589745 
59.22130069034737 
59.466887315695395 
59.667826591477706 
58.659305589583354 
59.225280677054194 
59.65772497227329 
58.952798276068414 
59.234002894364465 
59.6639985255644 
59.23898025193191 
59.20428864494795 
59.47140492414607 
58.976355309319345 
59.66872478687416 
58.62203469549428 
59.45030998281576 
59.25555114029164 
58.94923949771776 
58.982474438367426 
59.251782519210145 
58.96843058181585 
59.23776942547288 
58.97665535129521 
59.24674192097414 
59.45217814652305 
59.66315461437714 
59.44952982264629 
59.4578374468142 
59.23662829589285 
59.473183511261695 
59.234134195730704 
59.24844241385772 
59.247184810301334 
58.982108580746 
59.232245002668954 
59.24855715081435 
58.61826292562972 
59.22149738890576 
59.202752646558 
58.65663812658184 
59.4381915494598 
57.642792140627556 
58.97730862880991 
58.20239815775023 
59.25061279906963 
58.6641446588404 
59.459649284361475 
59.22832829692346 
57.628505045093604 
59.232413134474115 
58.99122049611066 
58.20073913760776 
57.628505045093604 
57.62662381743441 
59.67000636196847 
58.64716321737317 
59.45314040622217 
58.62330945698132 
58.97047227316518 
59.46605630454596 
59.464708925490356 
59.652779785564455 
59.24068152571643 
59.199271242175485 
58.647097107224305 
59.24005024261824 
59.235337181088 
58.21868594155301 
58.98985072294166 
59.459879821896834 
