48.64820774338673 
48.20629217296646 
48.44103052505965 
48.28337124402654 
48.655337591909365 
48.24986563225827 
47.9736994102099 
48.43219869191143 
48.00346764813328 
47.65822535721334 
48.65473226445639 
48.70299416376776 
46.527187126391645 
47.22490780532196 
48.00824640410692 
48.42939745750814 
48.62113401992355 
47.19982212921512 
47.299291202344484 
47.98302252297616 
48.44861783432519 
47.207351145355666 
48.065750815662675 
47.55192283167814 
48.32485958599444 
48.2194101889322 
48.27119660081767 
48.45340760727721 
48.25055270708636 
47.970603570217236 
47.95506501834578 
48.6767716903631 
48.70249136247494 
47.67736561065546 
48.24384451133132 
48.69025277703771 
47.64798842190823 
48.45740655515874 
48.51454116481676 
48.01320958441827 
48.56633416896847 
48.731598841560924 
48.02246493222371 
48.726791051671505 
47.89914562988584 
48.01705755355074 
48.51284108201943 
47.57947189324041 
48.290151784421454 
48.31047264593707 
47.946998853819686 
48.24951928606955 
48.66830367555361 
48.210560136054234 
48.435533585284034 
48.69959943361656 
48.473852560118864 
48.47849382608699 
48.49361071610193 
48.51548426101467 
48.47592287606203 
48.499821516055135 
48.29399027555454 
47.998530139388826 
48.460125066871285 
48.28532552520425 
47.985051022531614 
47.9021329121299 
47.631740857776144 
48.041878051651324 
48.57993463127793 
46.666241067431294 
47.72184446925263 
46.640355245108566 
48.29289587852177 
47.29534449897197 
48.261203373341274 
48.00860144103599 
46.59559249965222 
48.22725406585875 
48.26377844330065 
46.64439583290855 
46.59559249965222 
47.96677532285717 
48.702515451754465 
47.67908363480458 
48.493563026693764 
47.92170175145053 
47.677285196421835 
48.686692248860474 
48.6589277082515 
48.67841678935309 
48.66819196164893 
47.92857282224941 
47.209945022929695 
48.48505628623088 
48.49365270383786 
47.95275279638525 
48.03706141537676 
48.48240231188302 
