48.445853198332195 
48.19290737637245 
48.166251928954196 
48.26880157329362 
48.64142598390979 
48.25933787561747 
45.70122860126049 
48.25024115382292 
48.01154955045323 
47.66626845918842 
48.641162013991384 
48.70419766740415 
47.59176955872601 
47.20660950441426 
48.015915387734985 
48.19730100850632 
48.42228106830513 
47.150129447258934 
47.25887806117652 
47.71130629098153 
48.242486044912795 
47.847996281744564 
48.06293383191597 
47.219518286726064 
48.29743713302844 
48.24325275222049 
48.01126549683535 
48.201009884662 
48.25131406590446 
47.986805736304966 
47.96740702688654 
48.500822489503236 
48.70583246495906 
48.00452065796752 
48.45305630883521 
48.6944991035748 
47.95248793896776 
48.45560227081194 
48.51127922573876 
47.99382168089523 
48.60095943560563 
48.73375744648235 
48.26887399570116 
48.72386462264448 
47.18418463672822 
48.01457736227581 
48.491908157416184 
47.91028769991217 
48.221275660937394 
48.51502786047991 
48.169678626128025 
48.254830437345646 
48.27402497574412 
48.465436297365876 
47.980464928214566 
48.70738538825034 
48.250731070519095 
48.466075247430794 
48.51338546845165 
48.28747453486713 
48.499243563802736 
48.50304409809728 
48.69393771823402 
48.0137457597724 
48.440824743186425 
48.291719188422604 
48.22786082321203 
48.20479284158108 
47.956967171329346 
48.01808415897028 
48.584212485276794 
46.6191611004546 
47.97347707629979 
47.171093064593414 
48.023871971615016 
47.97694894680745 
48.45351743451796 
48.00398929316174 
46.5941129976521 
48.22155778518717 
48.25242439548275 
46.64204786899187 
46.5941129976521 
47.58729875892547 
48.703985424164365 
47.96183125430397 
48.663212911997434 
47.95258989916755 
47.971687130329926 
48.47129062769109 
48.27769041246452 
48.68239001410048 
48.04045552882981 
47.90823611498528 
47.6698341681833 
48.50236384751951 
48.238045196017495 
47.65784255428649 
48.02355282989366 
48.64687034616602 
