48.240072168429926 
48.49429338359435 
48.67900551601402 
48.70307913896728 
47.218378445517445 
47.98049553016026 
47.1582133841595 
47.580896287608155 
47.96183663325327 
48.47978629098378 
47.984615267207964 
47.94909425830878 
48.00204376838144 
48.46117998698707 
47.64510406659492 
48.315954436462135 
48.470655033594 
47.95740133243594 
47.115086679407895 
47.924715339785465 
47.8052397250788 
48.20654715390154 
47.99490662664488 
48.00532059244303 
48.49011685103564 
47.62501795838022 
47.976555848778474 
47.96886941520963 
47.99771665618045 
48.25409529273078 
46.63336769691973 
48.66926411671573 
47.98240740721502 
47.633324727047324 
48.01844649922881 
47.95989613599488 
47.69643782161838 
48.30611196564946 
48.00048301697283 
48.501830860005846 
47.9053343981519 
48.25730922498207 
47.75429232476359 
47.93675535535235 
48.260284099397225 
47.960408160894595 
48.25391280460755 
48.23155258078515 
47.93504983363862 
47.477698071768486 
48.29748886596316 
47.131440701790616 
47.98982210679045 
47.18114117424882 
47.30035398781928 
48.41869128746941 
48.02619490480588 
48.18855843998456 
48.4855335373384 
47.275511756753886 
48.24611338448408 
47.59273921512599 
48.26114220566267 
48.25942984787486 
47.68144848301769 
48.636076516577795 
48.25765048779592 
48.67656225469479 
47.949617106189834 
48.01378492163037 
47.91821452227302 
48.618102889144254 
48.47455801705201 
48.22992383321513 
47.605184449560866 
48.182315877827556 
48.29379713038712 
48.519502725938956 
48.70499037944515 
48.4387696024112 
48.24009902876799 
47.6379271734095 
48.41012216866196 
48.70805529306041 
47.639674115869724 
47.974910791584456 
46.58422102222672 
48.50336926361729 
48.0056483472659 
48.45931327847534 
47.98882376802014 
47.19512466686125 
48.69140171298959 
48.526932888625325 
48.29150482233996 
48.710821513646856 
48.45427349205244 
47.63459303769718 
47.956028838095456 
47.23863934791893 
