47.55608015208693 
47.37229881920606 
47.760362887129205 
47.771419231306496 
47.7904516762424 
47.82286455665409 
47.368836924270425 
47.3787116144622 
47.81060534069241 
47.61295609026699 
47.577829112487365 
47.80873155705108 
47.55439860528704 
47.402121147786936 
47.603520048844935 
47.773077257916526 
47.81175120347936 
47.34905959708319 
47.81676854781874 
47.12920244235601 
47.298092411839505 
47.58818379883159 
47.14460238301068 
47.50309103819392 
47.7716342628502 
47.592052806619385 
47.59347543623772 
46.69813184776583 
47.63118018118646 
47.31568051474275 
47.32972926851741 
47.78407852115586 
47.827727360742976 
47.06973695016019 
47.77445999040411 
47.81194662097365 
47.78884793372945 
47.82019742336466 
47.61887143560695 
47.798255926628585 
47.77179553569103 
47.83581693206653 
47.562877354622955 
47.83126734242534 
47.00098868895243 
47.81031503223338 
47.61437361401805 
47.816646656126466 
47.622930693788355 
47.82545752005359 
47.769164090827005 
46.71042227291285 
47.81397354661179 
47.76265713928881 
47.57195919168739 
47.75493975634953 
47.61341117548084 
47.747823840047076 
47.83650355121571 
47.350809992603594 
47.808559239361514 
47.77166278181121 
47.561496902166496 
47.57793228910827 
47.81299943811863 
47.79936937078942 
47.39375857838745 
47.377775751164386 
47.54998439226329 
47.808307401308575 
47.10745140535626 
47.57549929963189 
47.80043735939199 
47.61204768577204 
47.626218095355554 
47.83273685627297 
47.789945175535465 
47.81151092552977 
47.40131889954477 
47.5781206164903 
47.816646656126466 
47.39592802025676 
47.392213363524405 
46.79035997681332 
47.813351169056006 
47.550112167431955 
47.55404036565828 
47.76669672286646 
47.54518512268751 
47.754077392538065 
47.59689456351475 
47.74205251432514 
47.39349765119683 
47.829747371437364 
47.10435650966657 
47.823755427194854 
47.62562556963175 
47.08420268110072 
47.78292019248123 
47.78811243997846 
