48.45161433524604 
47.17375828706355 
48.65317491312594 
48.724975736535384 
47.63253208350132 
48.264962196279924 
48.69384865794065 
48.25378286586397 
48.48338948630596 
47.71612838807005 
47.94179664744808 
47.699259898314374 
48.48250930302254 
48.017576615932455 
48.69203609385554 
48.175198009169485 
47.57947189324041 
48.228802404922305 
47.2302636986674 
47.28719088113335 
48.23599939365352 
48.30110537989106 
48.21458052009389 
48.04967454713178 
47.9565634484595 
48.27747875045365 
48.4993287095021 
48.490381994543355 48.5099875381906 
48.277128158107416 
47.660507428437896 
48.658139604237604 
48.489478618040515 
47.56989368039054 
47.6405651069224 
48.48544048742639 
45.65954164872495 
48.466954031587086 
47.941864205619375 
48.52255982695587 
46.641357003724956 
48.275959453852025 
48.49444276224204 
48.50639567989551 
48.26343265651924 
47.17592450515421 
48.29671375415329 
48.28655110502843 
47.73475410182378 
47.65943299245915 
48.49567209045986 
48.016707301875854 
48.170244943896044 
47.635888675020155 
48.261601394824446 
47.96691199872566 
48.25686103581953 
47.155516324817775 
46.64254473343407 
48.52811686447691 
48.39770013143759 
48.48739783241633 
47.91010507374751 
48.68259814496822 
48.0238501730353 
48.24681004379633 
47.22989004078234 
48.28143900843479 
48.274433526315946 
47.61515277435197 
47.207351145355666 
47.26396688675702 
47.22066752257509 
47.250910022543984 
47.30400319366836 
48.26050190027584 
47.64550255728053 
47.9888653984068 
48.657149548047315 
48.66148010062571 
47.69913134907079 
48.4593785007186 
48.71139447901043 
48.701354411282566 
47.61399515222701 
47.25286260316003 
48.71925486019333 
47.16907223757272 
47.9985326395889 
47.98275459237207 
48.28333685149886 
47.989763849324696 
48.2607436660793 
48.72158887481148 
48.66646286227834 
48.73433124596062 
48.643531674018 
48.73347872443345 
47.946926932036526 
48.01324176005 
48.27114714482929 
