58.661970441818866 
56.65283601453884 
58.97263310444371 
59.67102925437531 
58.92365743848823 
59.23979239272071 
59.46662214624942 
59.438052300087584 
59.245798994824206 
58.66907930313486 
59.22661541093862 
58.95816985979154 
58.64454852960456 
59.245143309045474 
59.467476765239454 
58.62839840880884 
58.63044417465001 
58.65259577622122 
58.20297129456741 
58.6692146647672 
58.95590522906787 
59.25363196480209 
59.23255389418994 
58.99625477655214 
59.22741923441019 
59.650099964319494 
59.475215783298566 
59.465377476933355 59.464842074786674 
59.248613632983464 
58.95698173310411 
59.65174404718483 
59.46827656214611 
58.930423362832016 
58.97044051670488 
59.454528206037836 
57.631594662469205 
59.24269095686074 
58.632383940698155 
59.47508082177678 
58.23783606948605 
59.238659968925596 
59.4678210734658 
59.47016520976662 
59.45723440157131 
57.62172892221178 
59.2487396713855 
59.25467180399218 
58.66902571060234 
59.23893122617498 
59.24605755762098 
58.986023345148865 
58.63920708499738 
58.97169099129705 
59.24376835986544 
59.21895945127636 
59.456715117512395 
58.21757827144311 
57.63056316517715 
59.48024798395 
58.961901506909584 
59.46130059584308 
58.952692952042824 
59.24582438528117 
58.978351929182395 
59.458091806707365 
57.65006385650377 
59.46495002848771 
59.23649479181082 
58.6395911500938 
57.66633590044916 
58.63124794153674 
58.63408249359125 
58.21759239482748 
58.244927182652674 
59.46145852166505 
58.957838805123814 
58.96418678149479 
59.63748848677519 
59.64019380972232 
58.97379615011856 
59.235397996553246 
59.65901521837727 
59.6587342508076 
58.93961855235282 
58.65424870405164 
59.666715049879734 
58.61241626999874 
58.96606523987677 
57.622321814283175 
59.23232268593064 
59.23781508367074 
59.24143475997233 
59.67056817888186 
59.45731586734857 
59.67151261679687 
58.97376712085566 
59.666135873929264 
59.44576507554117 
59.24570875422507 
59.24348060564795 
