59.45488639473883 
58.21335441295694 
59.65029031514291 
59.67246240811773 
58.643668572943824 
59.24358355559172 
59.66321424084786 
59.23989155186623 
59.464965620953805 
58.6705682173026 
58.961759943528925 
58.665212877031685 
59.46539535355242 
58.986454078471056 
59.66345003898741 
59.21469433211237 
58.625306209187876 
59.23179352827549 
58.23367058866707 
58.25076676518943 
59.234401140887215 
59.255780408019255 
59.22795648297196 
58.996401955181895 
58.96549972791592 
59.24843032177895 
59.46977269964535 
59.467788359760355 59.47399480941326 
59.247841027475474 
58.65191389587119 
59.65128133170664 
59.46619134999531 
58.62335290187963 
58.64623304781233 
59.46519224882771 
56.65293187910229 
59.459117512392574 
58.961066007920486 
59.47838875947798 
57.64535885734459 
59.24772636705205 
59.46874032504416 
59.47260786273787 
59.241587969038534 
58.2135456933417 
59.254125340865194 
59.250620386508295 
58.6770510835242 
58.65270687064551 
59.46888577024578 
58.984965407549446 
59.212983771121046 
58.6439182240614 
59.24317469101084 
58.96880798485288 
59.241451287782674 
58.208930791646004 
57.64912731205456 
59.47906788341113 
59.43676083442192 
59.46693626697022 
58.951077319308816 
59.65931877078261 
58.989249512261246 
59.23731961511771 
58.233735054136375 
59.248877135532275 
59.2469468120866 
58.63717778945 
58.22417354424777 
58.24345110023758 
58.22924025622865 
58.23962183890835 
58.25733854572053 
59.243030094789155 
58.64677262459538 
58.97624209806896 
59.65119223780718 
59.65255232375608 
58.66506796379122 
59.457706417799336 
59.66914659094622 
59.66626188559839 
58.63715102520434 
58.238542701743015 
59.67135240908134 
58.21277430834112 
58.979368896315364 
58.97546752824249 
59.25030770407147 
58.97695933106357 
59.24242738225276 
59.67205945184043 
59.65355038235656 
59.677016275272344 
59.64654555993255 
59.67691174017035 
58.961692516998745 
58.98593110570989 
59.24538175569067 
