48.44986089254989 
47.61938665834096 
47.181396624356765 
47.68589679257313 
48.43043931002264 
48.23901087926957 
45.56588930195477 
48.44829573029996 
47.965905797849 
47.298643247200694 
48.496309135093554 
48.68918258466647 
48.097651945158326 
46.55963088580559 
47.99324555385314 
48.39988753077236 
48.40737493395514 
47.1800395343175 
47.665943845719454 
47.950827512620606 
46.72609778509217 
47.24310800994812 
48.3160842297237 
47.840318699159184 
48.305975667335254 
48.19128776075609 
47.65747597529485 
48.455488795843124 
47.951473812613436 
48.18454539041804 
48.191144869150264 
48.485735821127356 
48.702622594269485 
47.67697416656519 
48.20669394191854 
48.67529684538645 
47.917377810404446 
48.231682863044 
48.695819444530294 
48.24906932531233 
48.13974129640452 
48.499529064307794 
47.98277907142295 
48.710483008604356 
47.56450282468919 
48.43717731283794 
48.29835701520025 
47.90359297202456 
48.005853630680384 
48.289879928209906 
47.96257782965939 
48.244582717178105 
47.985382776096806 
48.27188448887402 
48.4403542974739 
48.692385157166896 
48.43424453318783 
48.458988588640175 
48.24405768284885 
48.50622611227464 
48.232521184387885 
48.276748277421994 
48.270491786399305 
48.0025656375434 
48.23105709194808 
48.277402487328935 
47.55521689533894 
48.19361813874534 
48.136253116369694 
47.67019690830836 
48.395902796472704 
46.63228409289329 
47.98544180053616 
47.13767984630445 
48.28464541103553 
47.69735668062543 
48.46664543845848 
48.217111767818494 
46.58367660709356 
48.227545644475285 
48.03287894247881 
47.133280667375935 
46.58367660709356 
46.581290115742675 
48.71032865927417 
47.63894074571482 
48.444848984896105 
47.569289527493844 
47.968404034702125 
48.4829561590671 
48.47986143442205 
48.65866499794269 
48.25385336752509 
48.12610720421111 
47.6403330064852 
48.25370799906942 
48.23776372666642 
47.18857900725854 
48.027957078449816 
48.46406918209567 
