59.45322191659983 
59.220248296535516 
59.21310369348863 
59.2451907268803 
59.64636339034602 
59.24118772904141 
56.66823727227255 
59.24016931651615 
58.984522986916886 
58.65442900245285 
59.64634386018734 
59.66707612989567 
58.630219125807145 
58.2264483275132 
58.985628835593516 
59.223120534437136 
59.445135734171174 
58.20723617062949 
58.242940443748765 
58.66929180342372 
59.238085136523104 
58.93025917567199 
59.000791700514235 
58.23042446278458 
59.2548389825866 
59.2381823053555 
58.98379570075665 
59.22345304640731 
59.23971520678788 
58.976722630657115 
58.97107345315397 
59.471542691748176 
59.66857684348655 
58.98297614056501 
59.45552472531147 
59.663792258655896 
58.964407402620395 
59.45636635241868 
59.473700132655416 
58.97901746969352 
59.63436402535376 
59.677438588704305 
59.24637694390157 
59.67282522851744 
58.21826685728474 
58.98617251143405 
59.46749403726572 
58.95055304123675 
59.229319531642204 
59.47516232727092 
59.212941659358954 
59.24063840535842 
59.2475647486443 
59.459513492425856 
58.97525709488074 
59.667868070028895 
59.2396394924638 
59.459587876852495 
59.475442798811414 
59.25198573959436 
59.47132343557389 
59.47176785880982 
59.66416820860598 
58.985422125375216 
59.45071213971275 
59.2530464776931 
59.232930029686955 
59.22511149094167 
58.967734258511925 
58.98726061725986 
59.62900477084992 
57.63949908547197 
58.972403529687654 
58.21430939830257 
58.98731794340551 
58.972079303772055 
59.455127893365415 
58.981571567663366 
57.63139157187057 
59.22993787725402 
59.23929575679187 
57.64747280322261 
57.63139157187057 
58.630754633788804 
59.66748718015634 
58.96908411605702 
59.65406856018117 
58.96443487405802 
58.97149653378437 
59.46168122072987 
59.248594703652024 
59.66023273865164 
58.99411437957845 
58.95021547201393 
58.65651403279414 
59.47119230098365 
59.235326767130736 
58.651809946863445 
58.98790321218991 
59.64916530996512 
