59.75373165088545 
59.54340070444289 
59.950917861569295 
59.95281926874922 
59.756500096016424 
59.96845139692309 
59.76999003111702 
59.28644866034061 
59.77732549374827 
59.535126180468914 
59.77446366677428 
59.76646003365508 
59.95088317036388 
59.761867516724045 
59.53459972043355 
59.546200745639965 
59.96811506052963 
59.76377628882683 
59.755644335706265 
59.96472990625726 
59.53722060273491 
59.96697580563923 
59.7647607516892 
59.26988679218876 
59.75088098187924 
59.536057159427344 
59.514245760081614 
59.96304839581149 
59.76835818731193 
59.2819624745076 
59.762656998436555 
59.538800698916916 
59.95195444623836 
59.945342920278506 
59.95855822827128 
59.27317206204834 
59.76219579846651 
59.958014524599015 
59.75771286688471 
59.774455243670744 
59.749873205997844 
59.539898611097904 
59.967626373928425 
59.95510907411964 
59.75318717236324 
59.966091426309575 
59.950772358114236 
59.97162160344155 
59.26478971226249 
59.95893478954421 
59.77132274096396 
59.54268493311012 
59.95258925630654 
59.96472787198623 
59.97030652015766 
59.26910766797841 
58.9347419596607 
59.96605283821154 
59.950677692481705 
59.7582986536217 
59.94953513642714 
59.76326966005035 
59.26359826966932 
59.54021576806675 
59.77763267735018 
59.75821452231719 
59.96423018285863 
59.761999616424085 
59.94928560822346 
59.75943123886169 
59.75743275356125 
59.53740823276545 
59.771362170232656 
59.55220739550717 
59.762891247367314 
59.96143000623614 
58.958864950329314 
59.75952958079633 
59.966425820441344 
59.951194247150625 
59.28145792474189 
59.75986003888128 
59.957787739664866 
59.95958135294383 
59.53669716027224 
59.55257283458244 
59.77759970534645 
59.76089885665409 
59.25837889158239 
59.95968212741176 
59.28389273135226 
59.96829186596909 
59.76173402900767 
58.96022938598533 
59.752689918426015 
59.75355188511358 
59.53059224098258 
59.27628581801244 
59.76098240252154 
59.761591617876576 
