58.985215945585395 
59.66599127170542 
59.48261086279324 
59.67691174017035 
58.229288228862494 
59.239766143237546 
58.6268095410859 
58.63330951892363 
59.22908091252202 
59.4693855363711 
58.98174599625276 
58.976322272199376 
59.44865195500348 
59.659397199947186 
58.6516458810406 
59.48248966937527 
59.469875481189554 
59.236368847772326 
57.607808269447716 
58.97191804799871 
58.18924500507091 
59.240316482916974 
59.250347653142974 
58.66152974909085 
59.46944251400714 
59.238936859242855 
59.23791760483185 
58.98044658487713 
59.232691667619946 
58.98427829272676 
58.6562995614154 
59.472026135471076 
59.24464357465251 
58.648037408787836 
58.662675560680725 
59.22492776915491 
58.9762570275314 
59.47774582248846 
59.242000867000826 
59.25406656297782 
58.63312880351946 
59.24407921079339 
58.18769399731977 
58.65697731864575 
59.46942125719915 
57.6661260978204 
58.98053594001774 
58.977871449434566 
59.237971324347264 
58.18924500507091 
59.47068591288567 
57.64808722869889 
58.662879805557175 
58.23863324944243 
58.99281453030925 
58.96017256312129 
58.988589459778254 
59.44674537603892 
59.246361779661434 
58.66777520708886 
59.24690676992569 
58.625306209187876 
59.24910917504389 
59.472751857224054 
58.25053075371171 
59.44995575932909 
59.24880729297842 
59.47423238905375 
58.9751211177537 
58.98782782407601 
58.97157990678076 
59.459617063772356 
59.23982955457175 
58.9942500717615 
58.64551691863198 
58.65029187321932 
59.25959150620965 
59.47613042921446 
59.67426130133555 
59.457445561101544 
59.244287767727535 
58.97037297539381 
58.971084032755925 
59.67441022104119 
58.96985532111951 
58.975658407625986 
56.67993654018206 
59.255155865889265 
58.98591055527728 
59.24341975356811 
59.25378315323822 
58.21649097827541 
59.67085623615331 
59.672866998210424 
59.255780408019255 
59.668141690449275 
59.25218506747936 
59.23676067047974 
58.21531326567935 
59.2398897121717 
