47.59484702701787 
47.59221669200363 
47.80950869130118 
47.80022176587674 
47.57024562560154 
47.76431712788241 
47.3132570237017 
47.7940272355774 
47.555864139565095 
47.322602964057886 
47.75354154560462 
47.59394080263976 
47.617594010527434 
47.795095513107704 
47.791341494092926 
47.74458604216468 
47.36691334905689 
47.331969832331694 
47.29400628306813 
47.8281186839861 
47.02981258761338 
47.77495810705559 
47.36799566174941 
47.53974267288099 
47.59855702171724 
47.79916057871407 
47.369862552559205 
47.57717999980745 
47.61891208053885 
47.81762476020796 
47.54487952263318 
47.80169743208479 
47.38012773424567 
47.35338363159673 
47.774132002095556 
47.54814612711507 
47.395401439326925 
47.56671975018166 
47.80861806066279 
47.82037960249879 
47.08732230817016 
47.79478570147961 
47.83257786633815 
47.072587114570084 
47.6248892955495 
47.070070312856316 
47.362900911723216 
47.05114900640574 
47.739998502992115 
47.34273801023668 
47.80295821049661 
47.542198861280454 
47.549577832147236 
46.75831395075206 
47.080503825465584 
47.54973526569746 
47.560019834788754 
47.59219997445914 
46.35949390602641 
47.813437778541385 
47.609969837282634 
47.62356805603945 
47.82692406289864 
47.06662881025333 
47.59983290724929 
47.83537564608372 
47.60982705733816 
47.77583227100988 
47.78696741787301 
47.59400871217731 
47.06896058125732 
47.74523003764703 
47.82598959664791 
47.350101450325006 
47.515292789459124 
47.78479811889333 
47.57201098910576 
47.34775183458074 
47.78270816762334 
47.323833976147 
47.83209941233955 
47.61735342104854 
47.542773297753165 
47.072772629955146 
47.61427316052875 
46.58890901575911 
47.51088576638442 
47.32897656339552 
47.508276810798435 
47.558449473949295 
47.78200575366597 
46.693319432070524 
47.296160037780865 
47.81377449173529 
47.786393104662835 
47.3241020075267 
47.61332242096463 
47.74261861409544 
47.78310798268363 
47.324199570161 
