47.51905385686684 
46.86909201307427 
47.49374351710564 
47.50774241922515 
47.31691723576029 
47.57240800785177 
47.36597161787008 
47.125866010480266 
47.387880841069055 
47.32015386233716 
47.377400601542234 
47.36528171807025 
47.51814212774622 
47.12174614211568 
46.848840449151716 
47.14572498991677 
47.57883708055391 
47.09451470839808 
47.306083370500815 
47.37174167563806 
47.089264818188845 
47.56962682656008 
47.30091344402739 
46.83194436096677 
47.31478263187598 
47.10979339015463 
47.285350454725545 
47.56801048732528 
47.354207134861824 
47.33349559616155 
47.34907542013196 
47.13107408771753 
47.15674354899007 
47.49015053960777 
47.53407572088414 
46.75922336520612 
47.11481441155772 
47.5194131303759 
47.07049139087705 
47.380379257086844 
47.308160824820575 
47.33103276026991 
47.5757985577563 
47.340486568282174 
47.26845749221491 
47.557325739962465 
47.102872932996746 
47.59285240002439 
47.02828042497339 
47.54218859622639 
47.362757617176555 
47.34160247357206 
47.510136909187075 
47.56602246409986 
47.581105788534536 
46.8361896689856 
46.4293502222197 
47.56560025685076 
47.349661668055695 
47.108277415978726 
47.48297943392425 
47.11753813822225 
47.0451556451619 
47.522544128032784 
47.39517236569824 
47.11478762248162 
47.56515711414368 
47.542098849676584 
47.10845614206679 
47.50892100582508 
47.5259182129517 
47.34013428485284 
47.14708560887227 
47.14609972319403 
47.33656403919707 
47.56483105148785 
46.48924053372854 
47.317835379995635 
47.5626080425273 
47.35247332768281 
46.828102133423585 
47.310331790378584 
47.53969431264535 
47.52843993841227 
46.83359110442528 
47.13327544095301 
47.39551373473271 
47.325901478221176 
47.03848223490484 
47.54514385684618 
46.86764546587718 
47.58273039849747 
47.09431989735266 
47.06503519550975 
46.854566271254264 
47.31507265266157 
47.32263003264996 
47.066125088472546 
47.32032222359634 
47.525910190612265 
