59.95072864742307 
59.281852237230815 
59.9449547301276 
59.947519030913575 
59.75628759502676 
59.967535443635825 
59.769853471286275 
59.54196175776103 
59.77582420661306 
59.75661622296308 
59.772906717279774 
59.76927764082997 
59.950202666328636 
59.54159858886329 
59.27575443471838 
59.54789108439801 
59.968091309197234 
59.53325253646069 
59.75331174309694 
59.7713801169746 
59.53283577464717 
59.965049816619974 
59.750803755067956 
59.269987029584435 
59.75504458068131 
59.53760302451936 
59.74734883771549 
59.964906546320464 
59.76624679148287 
59.76081641679855 
59.76471764144241 
59.5429945616237 
59.55179529795659 
59.94326176453507 
59.95519692440652 
59.2492806131809 
59.5397597176911 
59.95212883374832 
59.528097383435565 
59.77367049530753 
59.75400269424373 
59.760621185887274 
59.966946559719794 
59.762486540787854 
59.742793320786355 
59.96217992816559 
59.53695788089955 
59.97157597068021 
59.5142888671383 
59.95816554050179 
59.76905432804118 
59.76310285575017 
59.94859638025625 
59.96518900511372 
59.96830421888127 
59.271074730644784 
58.9253792164219 
59.96469272396825 
59.765323748353005 
59.537478016273454 
59.94176295685643 
59.54003066184244 
59.51936357251585 
59.95240453937236 
59.7775441223929 
59.538581085791535 
59.964663737730085 
59.957237761345574 
59.5381067272086 
59.94848991117326 
59.95269790007118 
59.762417569981274 
59.5485681166412 
59.54795819892994 
59.76054611913097 
59.96327988960082 
58.944185990458735 
59.756415236852625 
59.962631851099864 
59.76659891323422 
59.26902143512687 
59.75317438551231 
59.957042505494094 
59.954268919789826 
59.271571245958434 
59.54500807074037 
59.77752811362957 
59.75866112593199 
59.51755367477072 
59.95886717717383 
59.28166137560646 
59.968892551152535 
59.53377081849975 
59.5246404130525 
59.27775260915425 
59.755603204148215 
59.757276343299196 
59.52478334647549 
59.757122309307434 
59.95358127733175 
