59.95790467636333 
59.95342951138498 
59.77571768422057 
59.75833072944205 
59.54506468766836 
58.92656143878781 
59.96811836546536 
59.52351626326045 
59.95899887237994 
59.772997105534145 
59.96173295685987 
59.75972952252399 
59.53985086077457 
59.52547256833368 
59.544435529862575 
59.967689834625375 
57.93137477191361 
59.77391421627745 
59.54432392530098 
59.74577081918313 
59.77284091779932 
59.7714418798787 
59.96003058341206 
59.946888712472635 
59.54236319648402 
59.53147730916384 
59.278976303639226 
59.76645695276365 
59.53574750396071 
59.7715081648251 
59.95374417661987 
59.53015447880822 
59.951017253173134 
59.77747251700745 
59.962345443373835 
59.96768364973285 
59.28218301807618 
59.971625244700626 
59.54563041855073 
59.52049695438509 
59.962026560261364 
59.76524033747946 
59.280077340038176 
59.954913388533576 
59.75155459697301 
59.550316423328795 
59.75785191949228 
59.54829158848101 
59.97085250943162 
58.92249402439317 
59.95030437510945 
59.551013154347096 
59.77441809300126 
59.27189437720889 
59.774392404539604 
59.26882070946162 
59.540766032263505 
59.26413877416301 
59.945120357208445 
59.272254948747054 
59.97120600665534 
59.762640865400115 
59.52664171048496 
59.51019453843931 
59.962097932004696 
59.2708167234269 
59.76639802424417 
59.95015668741307 
59.535557697897346 
59.964456610699635 
59.9636873916242 
59.75727253684928 
59.97085250943162 
59.25990520288572 
59.95030437510945 
59.551013154347096 
59.77441809300126 
59.76775878660845 
59.95857688560822 
59.755898538633716 
59.7711102607112 
58.95114076173686 
59.95453942859319 
59.551351342137025 
59.76023499029126 
58.941524042210936 
59.52065648620965 
59.76582879016459 
59.759344150790184 
59.536433691917416 
58.953297482360064 
59.27851903911617 
59.28288740782368 
59.96979630749613 
59.95740890994677 
59.53226594733738 
59.53626984523461 
59.536632736239824 
59.27599868544943 
59.52682480457307 
