48.01962443879525 
48.71218389058934 
48.71306353025727 
48.72041970041235 
47.5429860278384 
47.970434046940014 
47.87932535132806 
47.90058281491611 
47.984787708574316 
48.28121288550765 
48.264226950622664 
48.00026413977583 
48.0091740043042 
48.67232933296272 
48.44601461597602 
48.52129390027297 
48.492067545987354 
48.22768059772771 
46.57035596929048 
47.625246034290086 
47.094398751558415 
48.25325552421474 
48.02140298831537 
48.22672767831008 
48.28084841960322 
48.02292280133681 
47.99008568441684 
47.96835128241867 
48.254642181370436 
48.272606490385655 
47.566498438561005 
48.3060327607115 
48.25272437450645 
46.69542154746898 
48.27350427933936 
48.21852497869449 
48.20574862341939 
48.54177920157734 
48.24980749976934 
48.47350387756703 
47.54795338359623 
48.24346639317124 
47.47996041075088 
47.62038729765269 
48.49918179644425 
46.6811725649101 
48.44932476282378 
47.63955486066318 
47.67505719855891 
47.094398751558415 
48.298101179355434 
47.18827304566279 
48.48495429750338 
47.602851830476204 
48.26672775970609 
48.4141916934884 
47.95647234651231 
48.44221251169964 
48.67932928456814 
47.69843396837482 
48.02196802072647 
48.184787907179754 
48.26396397997669 
48.298875983627205 
47.68769558378625 
48.45633519544906 
48.222648265007024 
48.49635056523124 
47.95932194315131 
48.24891387414371 
47.63771771956056 
48.46924247179805 
48.48192237803997 
48.45261644239831 
47.60091499101176 
48.41359632182249 
48.31379167561891 
48.512094345459616 
48.710269136299374 
48.470539924262496 
48.25946372552957 
47.95440309252909 
48.23052919159582 
48.729314962553396 
48.25172389267646 
48.249259821112595 
47.121335152353595 
48.513176171391166 
48.00385413525848 
48.26603440482238 
48.489116543047125 
47.19956936733637 
48.71796407734729 
48.532367394333555 
48.29348213748571 
48.71219042580668 
48.489928357316096 
48.63024086466677 
48.229795887789116 
47.94358056706778 
