41.04164830238898 
41.02612905120215 
41.039750280475474 
41.04176723138795 
41.04115105333488 
41.04209138685626 
41.03677096798197 
41.022187555912595 
41.042308586979736 
41.02172480107323 
41.03677096798197 
41.021565980955415 
41.041620962487535 
41.02619551871871 
40.81072216497228 
41.016761315983864 
41.042118456851405 
41.021409472470836 
41.03577866213169 
41.02678105735097 
40.804735072692445 
41.04241010875303 
41.020075620818126 
40.80713438535713 
41.04138628178551 
40.995905940609084 
41.04132542600651 
41.04233125425423 
41.03659768467195 
41.04146259329213 
41.04185822516413 
41.029330754340094 
40.8142509304381 
41.04069170854432 
41.04179923906515 
40.81000219198999 
41.036405041226864 
41.040979595036156 
40.81557505213117 
41.036973583661144 
41.03549319849852 
41.036468651915136 
41.04246469928569 
41.03668675033963 
41.04084411249162 
41.041846126581845 
41.03126536355352 
41.04241904388657 
41.0289140726487 
41.04152228772914 
41.0365478919425 
41.02171190165059 
41.04093101667977 
41.04189888392132 
41.04218814378532 
40.7956790485464 
40.54505238773052 
41.042020317526784 
41.03623198476934 
40.81390976556801 
41.04112910565349 
41.02207166083404 
40.80379457233918 
41.04198403016513 
41.02214624425057 
41.01055979924379 
41.0418257243064 
41.04155405501312 
41.02051465199587 
41.040654724463685 
41.041796920121314 
41.02118589200913 
41.031594076565504 
41.01534794016282 
41.04114283890265 
41.04147757635537 
40.77928081269108 
41.036498543074266 
41.04119691972064 
41.03658782213554 
40.794305105600415 
41.03032183377138 
41.04085246581721 
41.0411791315807 
40.79567472543428 
41.01894734045107 
41.04243168759689 
41.0354907967793 
41.02009431144866 
41.04151898351877 
41.02952195239336 
41.04243602329689 
41.02603318897953 
40.81588277575527 
41.02335711384718 
41.04148657864708 
41.04109830559427 
41.009001016306364 
41.023466093344425 
41.04136538879386 
