41.524400040899856 
41.200952666227764 
42.0237052104925 
42.02883863989004 
42.00877098328374 
42.01680025372579 
42.01428060358557 
42.01996302817829 
42.023128181025 
42.00464683667497 
42.01334474271178 
41.531817280463535 
42.005276790006725 
42.02260791189381 
42.02846617795146 
42.002047349064654 
42.00806259885688 
42.01876917058854 
41.51591346038349 
41.97255572317487 
42.01322519283018 
42.01707369933663 
41.79161912999043 
41.790050180758534 
42.02752356612141 
42.02823340314858 
42.02379153073543 
42.013298817298875 42.018420842505165 
41.790534415517385 
42.00403873235696 
42.02786089636937 
42.022590103366014 
41.77460979176823 
42.00223055068757 
42.026897402172345 
41.96726607617756 
42.028646037464064 
41.9940680755611 
42.02828918790979 
41.497526659358876 
41.78672492448794 
42.02384518719042 
42.02277989650121 
42.02756130081806 
41.461553766398495 
41.790032526305936 
42.02418260711342 
41.77646243951259 
42.014363687004824 
42.00473433156975 
41.79234216374688 
42.00889443095782 
42.00267776592083 
42.01451038816712 
42.01079620204242 
42.022064968032566 
41.50988684634823 
41.96584296840109 
42.016547596943454 
41.99929450736329 
42.009079922646116 
42.01591474020959 
42.02112880736736 
41.795327936418374 
42.027743661819244 
41.18583963746245 
42.02862212573531 
42.018602513685465 
41.979434764504624 
41.77235485125575 
41.770646360391225 
41.776699753507174 
41.78060655192976 
41.19346058905487 
42.023361893240406 
41.53235268340752 
42.00868181587566 
42.02613304563234 
42.026149728834 
42.005500793130764 
42.027523615263554 
42.02806047875884 
42.0271041126797 
42.000439377782335 
41.5338031295966 
42.02807623676796 
41.77980928686546 
42.010939211976705 
41.515396646561015 
41.79968681109378 
42.02415915145254 
42.02085227003016 
42.02861358088863 
42.02711993088777 
42.0286732864897 
41.99542049761673 
42.02859799007774 
42.01804373419784 
42.023222033036944 
42.023376568565446 
