51.164211371279876 
51.39098335228226 
51.39098160833297 
51.39101874269789 
51.382335445962205 
51.3756082172479 
51.38170566992907 
51.15509349518266 
51.158020267731615 
51.16781213802403 
51.166779408581746 
51.38321970411991 
51.38243566429077 
51.390945844475795 
51.38707683368362 
51.38640274783729 
51.38782556192249 
51.381803704342246 
50.57592422494205 
51.16046797462181 
51.381732436892555 
51.38482477066473 
51.16071222248351 
51.383271194107344 
51.38715595687434 
51.166005449141096 
51.387885211457096 
51.15618529119685 
51.38715049576298 
51.164209459801334 
51.383911565882904 
51.389486713389054 
51.16238686854993 
50.88753197098235 
51.387161384112254 
51.38385727477069 
51.38768994714513 
51.39102553173162 
51.38795322254534 
51.39092828139185 
51.15966038168894 
51.38406613773262 
51.15847534926176 
51.15343460324221 
51.39095018527167 
49.57750264260541 
51.389304893531914 
50.90039924792517 
51.386283538503804 
51.381732436892555 
51.165974117976525 
51.15178853364954 
51.38939994483777 
51.15076986844771 
51.383879075760014 
51.38939981337425 
51.38789573076871 
51.383247312127956 
51.39093237133079 
51.164293320140644 
51.38707997962837 
51.387754959178444 
51.38178433317076 
51.38948093043153 
51.37339282859781 
51.38928608442517 
51.1677122193217 
51.38932648682466 
51.16141971331841 
51.39096809149598 
51.16155925613371 
51.38938483361032 
51.39088578104007 
51.39089481635133 
50.90144223180006 
51.38774486706116 
51.3666596399092 
51.389360860500524 
51.39094812855071 
51.3892838449182 
51.381778884722166 
51.385599250325726 
51.38785381053139 
51.39098577566279 
51.16763412229195 
51.38249399987745 
51.150682610892076 
51.3909889710802 
51.38777107733051 
51.38785563453001 
51.38945920042974 
51.15445780722699 
51.390977705318534 
51.39101813156861 
51.38945236583706 
51.39095511171847 
51.387066623721786 
51.3907977785313 
51.38183380965825 
51.38016509649382 
