41.23328738495129 
41.24305647002823 
41.248507893771084 
41.24777417911808 
41.230338720936054 
41.247783787686 
41.23699577294345 
41.247977849171306 
41.240583598809835 
41.202079015679104 
41.247212678883834 
41.24340410018199 
41.2360838772718 
41.24858646853133 
41.2485835482806 
41.2483249480132 
41.238156134995144 
41.232069857793576 
41.24209326424591 
41.24888151509238 
41.23049414544703 
41.247593615468006 
41.243173912091216 
41.24240146592163 
41.24014441257263 
41.24832572908971 
41.017104333379706 
41.239474724966186 
41.24878742006148 
41.24859214003452 
41.24219509290524 
41.24831407304756 
41.01160411534317 
41.23526820944687 
41.24813182138693 
41.2469638205722 
41.22871795112947 
41.24270442864241 
41.24850165272277 
41.24893256094795 
41.009051086976854 
41.24825382667359 
41.248938972581996 
41.014300039794186 
41.24390405155534 
41.22478450611971 
41.23362136991994 
41.23002876403219 
41.247939009112834 
41.01607902896612 
41.24883521682361 
41.247504501144086 
41.23759253523343 
41.01292647609417 
41.01357925158097 
41.23944165601115 
41.23774832819122 
41.243135238467275 
40.752786854172534 
41.248543602363966 
41.24320937028414 
41.24884282932965 
41.248786214049055 
41.00508314985936 
41.24319882338132 
41.2489325080336 
41.23570230405494 
41.247939009112834 
41.24885150886367 
41.24853683183308 
40.99947523421265 
41.24746311116213 
41.24873499245383 
41.242659444933075 
41.22978665616991 
41.24809894004158 
41.2324446943094 
41.242997930729786 
41.2483298800297 
41.242071193328805 
41.248803801340564 
41.24353743836688 
41.24762949029764 
41.017564590170814 
41.23610863390688 
41.234202710480254 
41.24186400512806 
41.232245918481404 
41.24684682131846 
41.24287812492019 
41.247822643838994 
41.00259357603361 
41.23664209813296 
41.24857332996217 
41.247875874467184 
41.23236344922346 
41.24851869984098 
41.247687399440636 
41.247916620053196 
41.22770229641149 
