51.640218522011764 
51.63721254189234 
51.64009452616381 
51.640222998592314 
51.6401659139372 
51.64024992968449 
51.63803150040978 
51.41371415707921 
51.640266972192144 
51.63435148880848 
51.63803150040978 
51.63652821445448 
51.64021566867107 
51.63283447366584 
51.41705262220739 
51.41364991580854 
51.640249902226174 
51.64020712694979 
51.6401618522383 
51.64021151153951 
51.63577956693671 
51.64026764612149 
51.63430877736296 
51.41531427524409 
51.64012815516878 
51.40850149364403 
51.63873554221927 
51.64024952837067 
51.637281390246734 
51.41710366636978 
51.6401881666875 
51.63581726836523 
51.64022150996012 
51.640125246465075 
51.64020931355123 
51.41537744728674 
51.63729993493136 
51.64019530636724 
51.64016862473944 
51.638045342292 
51.640109602075455 
51.63577758574708 
51.64026914452331 
51.64022562972725 
51.640181157325145 
51.64022978694942 
51.64014970338187 
51.64026790281478 
51.41346872514267 
51.64019223732711 
51.63653776159483 
51.63655862114753 
51.640153616680514 
51.640211748405754 
51.64026105517416 
51.40846477737338 
51.6356578122548 
51.640245435793396 
51.64015851033482 
51.63865730455387 
51.64019655790656 
51.63438873278697 
51.41358641296249 
51.63878084902876 
51.6343891519067 
51.63353218429012 
51.64020728637172 
51.64020712809338 
51.64014244178906 
51.63793014966931 
51.638733958974804 
51.63429017781612 
51.63874150208506 
51.635766846431366 
51.6401833320334 
51.6401927397783 
51.62755674230931 
51.63874497242266 
51.6402147910154 
51.64020846236439 
51.63421942642508 
51.636467375542274 
51.64017315302151 
51.64020611054602 
51.63870898288146 
51.41451490902974 
51.64026855813462 
51.6386860832959 
51.63643449977937 
51.640184185420274 
51.6387859799352 
51.64026864769741 
51.63652735571615 
51.41191412229354 
51.637907207527896 
51.640178081717664 
51.63869479421476 
51.15189014088009 
51.63577819088064 
51.64018918236547 
