41.247737258604666 
41.24835099873721 
41.24892393846497 
41.24804426735387 
41.23289559782063 
41.24779167614282 
41.23503135109552 
41.24813593725385 
41.238546779010306 
40.98564277714839 
41.23559707025006 
41.24812913140063 
41.23360397890851 
41.24852221477873 
41.24852882078998 
41.24822718023582 
41.24306872326756 
41.23759782592495 
41.232385504296055 
41.243921505602 
41.237973642545334 
41.24754136674384 
41.243570873012054 
41.24684484987614 
41.247854779752885 
41.2484158499009 
41.23255478116709 
41.24261197805102 
41.24871281391505 
41.24843290893996 
41.2472849139614 
41.24793585470069 
41.23314002218282 
41.24291592795326 
41.24783708102924 
41.23819480343341 
41.24805732063627 
41.24767107205348 
41.24860600255371 
41.248934504264355 
41.0088807180905 
41.24819510593371 
41.248934607760894 
41.243101796463485 
41.24886223171598 
41.24187756655826 
41.235858184336244 
41.22688413314306 
41.24790265261335 
40.752076150017906 
41.24879389361283 
41.24751395890296 
41.23339159160544 
41.005034666328875 
41.016912516204755 
41.232577490578365 
41.22738063805335 
41.022604277069775 
41.235400552144746 
41.2484444594377 
41.248132421224604 
41.24885538230681 
41.248804782367245 
41.21280158680947 
41.248153718361785 
41.24894443245176 
41.238137245709105 
41.24790265261335 
41.248862977038755 
41.24857272164833 
41.22778208675941 
41.24765178995705 
41.248860009203156 
41.230318355855545 
40.438326821964054 
41.247985351389545 
41.237618440575595 
41.24264395170751 
41.24857115332777 
41.24242339052231 
41.248824715347304 
41.24854920712798 
41.013790708360126 
41.2380919252252 
41.23380515421626 
40.99799280068752 
41.210516240590735 
41.242206953392845 
41.24753270387557 
41.243111302343216 
41.247703943150995 
41.232562388269415 
41.2244816752691 
41.24848635129675 
41.24749803643445 
41.234794018972245 
41.24865324004272 
41.247955953249445 
41.24339782865987 
41.242104282100954 
