41.04155247163976 
41.04161798852739 
41.022087028217896 
40.80474504034686 
41.041490487048904 
41.01829273102322 
41.042398538302294 
41.031369005683615 
41.04221104559156 
41.02221603901317 
41.04152255151943 
41.02599088266978 
40.8054382405825 
41.02570116841421 
41.022087028217896 
41.042044676242824 
40.79531487951784 
40.801993891507436 
41.03453677660152 
41.04097263410664 
41.03435348010602 
41.02922535388702 
41.04202930903559 
41.041714722830676 
41.036422268849016 
41.030802625176776 
41.008240901299736 
41.042105384190016 
41.03685282917689 
41.026965866190594 
41.04165859638588 
41.027528816854655 
41.04146150781568 
41.03715771879542 
41.04205287664563 
41.04231849075016 
40.52154743627373 
41.042443445027494 
41.029673178125314 
41.03269097538105 
41.0423202664175 
40.8163896450806 
41.03645427493639 
41.041306462626636 
41.03143222654373 
41.04153303151272 
41.04112962963178 
41.03614728096381 
41.042319195930396 
41.02000790125112 
41.03687065128006 
41.01637577791598 
41.0195700518834 
40.79940599534744 
41.042380883035634 
41.03517250281606 
41.02904265530676 
41.01980741676687 
41.041374048942004 
40.545265919569765 
41.04228501224233 
41.031064818092204 
40.8133410695994 
41.02592461327337 
41.041353384659395 
41.03009252130021 
41.03642362689269 
41.041214330743244 
41.01877761012799 
41.04229637761295 
41.0422316984496 
41.02607409228353 
41.042319195930396 
41.02056872311793 
41.03687065128006 
41.01637577791598 
41.0195700518834 
40.80577399304694 
41.04170796100408 
41.016454871225896 
41.042226350810964 
41.036600657041745 
41.04112305601896 
41.022176657435445 
41.03641102216729 
41.02056660497374 
41.030683396802935 
41.01863730107804 
41.03082473781746 
41.03597545677451 
40.23223838169092 
40.78965862983875 
41.01259673105855 
41.042259519857076 
40.816216817276086 
41.03175316456082 
41.02616574170202 
40.80414191548534 
41.02327996919282 
41.03609853685172 
