51.390891712973804 
51.38630246056288 
51.38619103950272 
51.38035962866328 
51.390929502718265 
51.38638779939796 
49.57469249264418 
51.387854936912206 
51.38556032605239 
50.58269121622147 
51.390867658237035 
51.390966314926175 
51.37858236689342 
50.58151892708947 
51.38628693526245 
51.38766126065271 
51.3884977329273 
51.15776960391893 
50.89398805187003 
50.58136080517264 
51.38936357293244 
51.38620644855754 
50.9037642014866 
51.15520208110709 
51.38947211816106 
51.16773215462893 
50.902603020801 
51.38704146791295 
51.38779459085334 
51.38787114673514 
51.38624652575851 
51.38869460342165 
51.39097061868374 
51.1579456505096 
51.39082536713996 
51.390999917468214 
51.38403737326455 
51.39083144194881 
51.390937017674155 
50.90469637446796 
51.39093038052034 
51.391008938048614 
51.385650181861976 
51.390956276116356 
51.16121491715378 
51.16164142498375 
51.38792453609521 
51.387754959178444 
51.38936379619182 
51.389433661227294 
51.38940174036201 
51.39098312928608 
51.38783320566377 
51.38946516150691 
51.38949859641053 
51.39094712033969 
51.38928328520309 
51.383998026891405 
51.382615208491615 
51.16330296897001 
51.39097758343043 
51.385580197310475 
51.391013072043975 
51.38175087218626 
51.383178019135684 
51.38787916426035 
51.16418004332522 
51.38937749298016 
51.383215766458086 
51.15897618548711 
51.39097590724697 
50.574817568649266 
51.15885918674795 
51.15178853364954 
51.384073911614486 
51.161488394249446 
51.390906432003995 
51.3855082935337 
50.56944100437529 
51.164914539320165 
51.38701405555085 
50.890866820027746 
50.56944100437529 
51.15805784031657 
51.3909522171157 
51.158734039753455 
51.39082536713996 
51.15800690412529 
50.90467845260152 
51.38933426671801 
51.38634865851153 
51.390917291964755 
50.90367963076446 
51.389314644126316 
50.90368071253365 
51.38942114613336 
51.387141095884765 
51.158877254658876 
50.90470531570143 
51.390807432450295 
