42.011731021488195 
42.02818590157393 
42.02389540915113 
42.02873050241516 
41.96067557037407 
41.99499545842521 
41.1978372106839 
41.7676016428955 
42.00414915622831 
42.02342154804525 
41.53650709526688 
42.00176781037735 
42.019527537058735 
42.028270412400204 
42.00259661010057 
41.99659792683219 
42.02264848551484 
42.009201412402575 
41.49722791103393 
42.01021476824591 
41.78636584351999 
41.80266661823589 
41.795290887730694 
41.98434303046082 
42.021179836736955 
42.016635561564954 
42.02780366520652 
41.7757413397641 
42.00934234795761 
41.99633260836639 
41.994909437395286 
42.023727415201705 
41.99762973578603 
41.99387512042224 
42.00805746662333 
41.79381101345666 
41.78330786984749 
42.02887107219732 
42.02183612329809 
42.02128829119658 
41.77873022160319 
42.00054401465546 
41.202349070910024 
41.987660820499364 
42.02804865845752 
40.1943077736157 
42.00899981702114 
41.536266429020316 
42.01773291184595 
41.78636584351999 
42.022995247967344 
41.759912696185054 
41.20255745845134 
41.747585589701494 
41.78335716304491 
42.00744099573811 
42.00341481637813 
42.015367282651226 
42.0235805858693 
41.79586193814723 
42.022965956494204 
41.78342602270629 
42.01645595420602 
42.02845288039517 
41.98397532653487 
42.02694274730807 
42.01201069326381 
42.0232874223859 
42.01744061839497 
42.01960703880968 
41.78168758429909 
42.02326966436485 
42.022980405641185 
42.01904782731077 
41.523083527657434 
42.00899747024155 
41.971550199602476 
42.023362991132544 
42.0283663218766 
42.01778881685734 
42.00945521282657 
42.00756856454203 
42.016077424929136 
42.02849640589873 
42.01782496808263 
42.00489506238836 
41.14860974366417 
42.02183036769858 
41.792081512116994 
42.01857154482717 
42.02170191750032 
41.51397548344617 
42.028180379251076 
42.0287666129877 
41.798582523601304 
42.028095510174744 
42.023195076130484 
42.015731952577184 
41.773823157186875 
41.99482864053429 
