51.640187270639615 
51.64019129934663 
51.63437885843526 
51.640183171810286 
51.63870788490605 
51.635754318681435 
51.64026733418422 
51.6350539520966 
51.64023141212805 
51.63437122908955 
51.640170236695354 
51.63502083483152 
51.41455374521028 
51.637147162584 
51.63437885843526 
51.64025087123703 
50.41700107334615 
51.63656584401617 
51.63432787525033 
51.63865732400715 
51.63875415934168 
51.6343568889579 
51.64024850589661 
51.64021967482845 
51.63725885475831 
51.635688793588706 
51.63063629379041 
51.640245439113244 
51.63507286056676 
51.63655622786999 
51.64020515160499 
51.6327782649338 
51.64015831067873 
51.63512037658307 
51.64021857036016 
51.640258027845675 
51.62992526952133 
51.64026834695986 
51.634383792640875 
51.635728278710204 
51.64026492666646 
51.63794656520517 
51.63875207658395 
51.64019816690737 
51.64009552851141 
51.634362773362625 
51.63869346283876 
51.41620221361975 
51.64026492666646 
51.408340554156155 
51.64019128515419 
51.63582036556932 
51.63658507546499 
51.40939156056868 
51.63879510718148 
51.63349452161314 
51.63581821145557 
51.6349887103659 
51.64018380384853 
51.413528097786035 
51.64026422497915 
51.63724256185124 
51.41534459510883 
51.64013149868292 
51.64021591944085 
51.63566869942867 
51.6387310682779 
51.640140127252685 
51.41450574889658 
51.640259952791084 
51.64023046447689 
51.63867077832039 
51.64026492666646 
51.41013680487967 
51.64019128515419 
51.63582036556932 
51.63658507546499 
51.63438732984235 
51.64022805225501 
51.63728126748937 
51.64023117564094 
51.637237764917124 
51.64014747347833 
51.63438066231282 
51.635798070033665 
51.63129092802375 
51.635678437284916 
51.636533103956474 
51.635722628811756 
51.63872317105866 
51.154075037798485 
51.41442055606272 
51.41178980064503 
51.64026138810033 
51.64017499485444 
51.63655417919553 
51.637267558669045 
51.63353625605004 
51.41019024787788 
51.640161124673455 
