41.24835014640525 
41.23772332159825 
41.246864475868186 
41.248382422423724 
41.24809877457621 
41.24873359386611 
41.02231628528958 
41.02036647054821 
41.24838699081461 
41.23143761253325 
41.24274949838745 
41.24847663614638 
41.24254352236581 
41.23755295293981 
41.2477879542341 
41.2476258161739 
41.24833064917622 
41.24257134065007 
41.24843383129566 
40.74943073320355 
41.01708241390643 
41.24081304946196 
40.75743274522316 
41.234571262312976 
41.248096212706955 
41.23821948197468 
41.238568782713415 
40.967721296005344 
41.24895385049524 
41.01926479973789 
41.235363793931796 
41.24779136745366 
41.24876970363372 
41.02299829009455 
41.24786703888425 
41.24841067070522 
41.24837983195521 
41.2487131810953 
41.24891197074545 
41.248185288059965 
41.24782461301241 
41.24888660069505 
41.24282507721918 
41.24891197074545 
41.01992365103634 
41.24814050682083 
41.23585882336741 
41.24885175869985 
41.23883633464342 
41.24890097637384 
41.247549189288165 
41.23180094023969 
41.24860657055963 
41.24761476674408 
41.24238082177051 
41.24801323480766 
41.24302237419498 
41.24815658484129 
41.24886287914547 
41.236106667858365 
41.24820569993735 
41.24819977500591 
41.24764990221729 
41.23570971676381 
41.24855203164116 
41.248361195575534 
41.020693239651784 
41.00850333387327 
41.24187558447234 
41.248021461064425 
41.219837288827605 
41.24779658235378 
41.24776263851097 
41.2406025238178 
41.248797560419895 
41.248783604739664 
41.24834366327255 
41.248869647371784 
41.0147155279793 
41.24263671629902 
41.24885175869985 
41.23538018213768 
41.240533861606565 
40.999080551118126 
41.24887871201937 
41.23959840562436 
41.24786703888425 
41.24748846477906 
41.237098429858285 
41.247761258451156 
41.243270907853024 
41.24806716685439 
41.017408162714915 
41.24873383375615 
41.23334607286361 
41.24892436825553 
41.23381638759322 
41.23053569232432 
41.24884773422651 
41.248114351707216 
