51.6401927397783 
51.64021267123295 
51.634386451729064 
51.413634694823024 
51.64019844486898 
51.633541591956906 
51.64026739090459 
51.637254595330006 
51.64025527385534 
51.634389787043716 
51.64019383009565 
51.63576204795116 
51.41369079187919 
51.635732669834645 
51.634386451729064 
51.64024373019524 
51.411013250266535 
51.41279240684904 
51.638569046293604 
51.64015048849851 
51.638026348868365 
51.6365534456958 
51.64024148231404 
51.64020967117495 
51.63872504494233 
51.637210875756395 
51.63061384528436 
51.64023798317703 
51.63875434392452 
51.63583446816175 
51.64020279935277 
51.63640409245459 
51.64018679239285 
51.638784050048244 
51.64023664877187 
51.64025801946811 
51.14476705422016 
51.64026855813462 
51.63658501309913 
51.63789428251785 
51.64026537674845 
51.41704746410612 
51.63872402702852 
51.640171898420675 
51.63725622428815 
51.640203191346124 
51.640163711676735 
51.638696070393664 
51.64026534925755 
51.63420910004758 
51.638763884548396 
51.63285770436294 
51.6336528197452 
51.411967185696476 
51.64026693426323 
51.63861816748937 
51.63653048879882 
51.634191114454964 
51.64018090416805 
51.15187256945635 
51.640264476500356 
51.63723041027884 
51.416186196537645 
51.63575119907439 
51.640180360289136 
51.63714344364129 
51.638725062232005 
51.640165851851194 
51.63358504316958 
51.64025748370833 
51.640248525814854 
51.63576780803255 
51.64026534925755 
51.63425814167833 
51.638763884548396 
51.63285770436294 
51.6336528197452 
51.41371415707921 
51.640213133575 
51.632865165253406 
51.64025199900952 
51.638735102815225 
51.64016350652429 
51.63438873278697 
51.63872109858947 
51.6342580468951 
51.6372005208338 
51.63357781514867 
51.637211471776055 
51.63868984871971 
50.832152256237976 
51.409316585071466 
51.63201817067462 
51.64025656501018 
51.417038911533275 
51.6372863174487 
51.63577199697434 
51.41358303740736 
51.63500562974208 
51.638694821733544 
