42.02757038106569 
42.01370310835853 
42.01252518500195 
41.99655227765488 
42.02788745281861 
42.01440268330689 
40.19305154042082 
42.01843343323337 
42.01145727544156 
41.21717974476552 
42.027372924757174 
42.02822747429903 
41.98968724703802 
41.214559740994325 
42.013492026220476 
42.016770696507294 
42.019689962274136 
41.771664618851375 
41.507246396663504 
41.213174386200606 
42.02290236767082 
42.01278100622445 
41.5378119178815 
41.76450067508129 
42.0239137417333 
41.80287567471285 
41.533697629775986 
42.01569410490184 
42.01791001467562 
42.01866206357789 
42.01306384252384 
42.02147834217659 
42.02833633293803 
41.7731328273773 
42.026988364840925 
42.028574468530906 
42.00687617991466 
42.02709654234498 
42.02807865408935 
41.53980981830897 
42.027911659451 
42.0286196185032 
42.01227192131331 
42.0282008194485 
41.78147100778211 
41.78525042501378 
42.01910012409397 
42.01759326589328 
42.02299841952881 
42.02358116451397 
42.02332023254022 
42.02842414509045 
42.01829493178174 
42.023921936132666 
42.02412882502042 
42.02806131732521 
42.02228508719737 
42.00656407242181 
42.0031790227946 
41.78953715431664 
42.0283756207169 
42.01164102258574 
42.028679824475454 
41.99997270748161 
42.00373735446774 
42.01868153109508 
41.79212863473655 
42.023072486026486 
42.00400496295448 
41.77710570120666 
42.028333594526615 
41.194166509861546 
41.77617226962039 
41.7550394974574 
42.007206656758406 
41.78387891330538 
42.02771482081774 
42.01105494399195 
41.17759224713117 
41.79339685711202 
42.01550288233463 
41.49823205767495 
41.17759224713117 
41.774217326810366 
42.028097989419834 
41.77501548310049 
42.026988364840925 
41.77378252244085 
41.53963202770532 
42.02270865175436 
42.01405151336271 
42.02785357044293 
41.53692953250971 
42.022531657285846 
41.537040912784 
42.02349288546164 
42.01652466194041 
41.77629366551145 
41.539928773525084 
42.02680802042186 
