51.16679568786463 
51.38940742454985 
51.390915086570516 
51.390999138666835 
51.37703201210411 
51.15968379125486 
51.14833202807712 
51.382326040368454 
51.154475017519765 
51.38641294720281 
51.16588710444228 
51.379448944196604 
51.162336471177554 
51.39089611140863 
51.16061360517767 
51.382596916065886 
51.390854728092194 
51.380253509908464 
51.380085469554515 
51.160543744980664 
51.383169509759476 
51.38771949446699 
51.162422568162455 
51.162438026042324 
51.38944256074033 
50.900449994782264 
51.16771533236646 
51.157000785556484 
51.384853875205366 
51.15713136520291 
51.38246042791771 
51.39093847260704 
51.16325116211008 
51.37780097852256 
51.1642581964071 
51.382424901162096 
51.383206096985774 
51.391025270924054 
51.38568015945514 
51.38940741849295 
51.38168782817688 
51.38334868067888 
51.37910274344738 
51.15881497822891 
51.38939614979164 
51.164211415176894 
51.38706105684562 
51.1659132702356 
51.38701515481495 
51.383169509759476 
51.16683949836912 
51.37638301221575 
51.38486567239909 
50.89502201431744 
51.15881285312801 
51.38857250169582 
51.38639937834821 
51.38552460357609 
51.389369976694525 
50.90052974598886 
51.38930046678489 
51.38467159428404 
51.38630190858902 
51.3894556621005 
50.90247459132941 
51.39080365111183 
51.384041205924376 
51.39086899059565 
51.16489249654523 
51.38794951852806 
51.38017884284108 
51.39084156722558 
51.39089394100302 
51.38932944790672 
50.899329039394075 
51.1658880075926 
51.15450326399781 
51.3893801061722 
51.39094479256097 
51.386234138499475 
51.38327729337001 
51.16332472451222 
51.38781457540053 
51.390976255082194 
51.38629087269656 
51.15972165605504 
51.13558593161893 
51.38948925241901 
51.384784367906754 
51.38937222967778 
51.387190591203215 
50.89511311006285 
51.39094444845539 
51.39101528858366 
51.387195324470454 
51.39096285356825 
51.38930848895598 
51.38328717839568 
51.16336259628573 
50.57474149138964 
