42.02758736188036 
41.781637488426206 
42.006090574198396 
41.77137252446784 
42.022987027018516 
42.02135130478309 
40.20866390252927 
42.02203358029006 
41.802610116363574 
41.52391988367273 
42.02284004866602 
42.02791399640085 
42.00932045208728 
41.770877588694475 
42.015249980265885 
42.01385431350834 
42.021884768567915 
41.996153541089136 
41.52590066246334 
41.985082676639074 
41.51436209031458 
41.77235485125575 
41.76423037231167 
41.9960948323793 
42.02175076409255 
42.018246068378495 
41.787499055940174 
41.98666887778708 
41.799513211776286 
42.02250213791277 
42.01541270329591 
42.023452720105695 
42.028372081196295 
41.77030732753125 
41.801864421200584 
42.028478289888476 
42.00436441487548 
42.0228668791357 
42.028153879108466 
41.79217895125945 
42.027276486903084 
42.02836522489607 
41.536663407862356 
42.02796692280377 
42.002095794176924 
42.027380443048926 
41.80117603348592 
42.00806259885688 
42.01838709061536 
42.01441689300296 
42.01451038816712 
42.028426076059446 
42.01169970353813 
42.01697118553127 
42.02823122497465 
42.02785467521397 
42.01954385766487 
42.0085325470265 
42.00481092624477 
42.007185573082666 
42.023703722561955 
42.01603173009003 
42.02166253069273 
42.00185868216805 
42.006313085895215 
42.00311484729109 
41.516812744075544 
42.022353355714166 
42.01219615199787 
41.787033217579534 
42.028135153547844 
41.52111928783042 
41.535726680501334 
41.98357518925695 
42.00683754743244 
42.00866965873522 
42.02773491788614 
41.999864585940365 
40.79150682775541 
41.79107469530894 
41.991129152729734 
41.987152242889415 
40.79150682775541 
41.17121904839924 
42.028075130951464 
41.5038913507328 
42.026742344997224 
41.78662303024852 
41.78639433686855 
42.02069750613713 
42.02291198635228 
42.027426934581 
41.79674190024156 
42.022200885434124 
41.53058883112395 
41.79815103041584 
42.01905487224823 
41.77077885622097 
42.00536369572783 
42.022828081334445 
