51.3908943065471 
51.16064296382405 
51.38395966692185 
51.15714723069798 
51.38937247184674 
51.38868066226505 
49.57996817063253 
51.389262640125246 
51.167707572727394 
50.899391479371 
51.389354034426695 
51.39093059736375 
51.38531727121985 
51.15709800265331 
51.38698802782334 
51.38683015250184 
51.389251405582826 
51.3808225188061 
50.900314108206416 
51.37705409338683 
50.896207566450705 
51.15784764057041 
51.15458343126711 
51.38081111943845 
51.388727174889205 
51.3878277848929 
51.162487603065664 
51.377241214168166 
51.16677175548152 
51.389308206876585 
51.387016053001624 
51.38941970065917 
51.39097575699825 
51.157042126578155 
51.16762072682668 
51.390989021519594 
51.3832534620785 
51.389351416399016 
51.39094733083353 
51.16418460482665 
51.39085849864116 
51.390980970486424 
50.9036436050239 
51.39093092275005 
51.38299430141972 
51.39086443044967 
51.16695899029393 
51.38467159428404 
51.38784063693959 
51.38639208378159 
51.38639937834821 
51.39098332695219 
51.38558259965188 
51.38717498806159 
51.39096841472334 
51.390924649465944 
51.38847220351851 
51.384722655319585 
51.38330177574307 
51.38407324532572 
51.38944580765861 
51.38708202857499 
51.388716423320716 
51.38246762385107 
51.383973781189034 
51.382607405587095 
50.89717591038223 
51.389296858197824 
51.38614750728484 
51.16243945973844 
51.39095375715149 
50.898367936127364 
50.903532831411255 
51.37638301221575 
51.384032388075525 
51.38473705573171 
51.39090913976854 
51.381737670672564 
50.164115408429296 
51.16406732055789 
51.37874407344871 
51.37779027376359 
50.164115408429296 
50.56695987253584 
51.390951443701965 
50.89291570323872 
51.3907977357546 
51.16238304964223 
51.16236353666732 
51.388606161586175 
51.3893586304238 
51.39086989065636 
51.165877952811634 
51.38928005692552 
50.90154778270647 
51.16602584433705 
51.387930151433004 
51.15708415240264 
51.38336142552419 
51.38935715336917 
