35.267698748040665 
35.26776381857763 
35.26776334033058 
35.267770084390975 
35.267377045106265 
35.267138681365665 
35.26739661939032 
35.262057588727224 
35.26189129343026 
35.25991882488523 
35.26248572368463 
35.26760114838165 
35.267465878386496 
35.267770640826164 
35.26733348443256 
35.26758931271413 
35.267641607996175 
35.26758951763214 
34.989372413990196 
35.262369447027815 
35.26754058280444 
35.26776283896094 
35.267648840816236 
35.267440112681896 
35.26762383507544 
35.262427465446464 
35.26769629970684 
35.26200837864141 
35.26761856180549 
35.262331549356034 
35.26757012734181 
35.26776733380888 
35.2621314567278 
35.001625531541265 
35.26733851974252 
35.26730919659559 
35.26762750683479 
35.26777048385252 
35.26762432732026 
35.26775936072169 
35.26739690739526 
35.26731234184857 
35.2595494933548 
35.26223130812987 
35.267770228321304 
33.64016595587722 
35.26774080502999 
34.989373992988504 
35.26762783915939 
35.26754058280444 
35.26243923117262 
35.25954131495619 
35.26775859415685 
35.256523579670706 
35.267472999068396 
35.26771110742613 
35.267706850716344 
35.267454917065905 
35.267757280567885 
35.23851670921073 
35.2677129121208 
35.2676322826332 
35.267530524913695 
35.267764946693184 
35.26693450623977 
35.267751548925624 
35.267753389561435 
35.26776415237046 
35.26768240311289 
35.26777048385252 
35.26224237285691 
35.267700837067856 
35.26776161636601 
35.2677521297461 
35.002019424081304 
35.26762293516651 
35.26618533227397 
35.267696604218564 
35.26776112978299 
35.26774397309266 
35.26729823021207 
35.26733412500638 
35.26776283896094 
35.26777072382933 
35.26774193037346 
35.26735633054047 
35.26728012711014 
35.26776793624571 
35.26776866765126 
35.26776356935768 
35.26770828373447 
35.238620072725695 
35.26776381857763 
35.26776910994009 
35.26776866765126 
35.267770612158685 
35.267577295957445 
35.26775678920544 
35.26777067249292 
35.26728012707525 
