35.267756485927066 
35.26771457646964 
35.267498351010076 
35.26201656589619 
35.2677075921625 
35.267761985453355 
33.68010300509273 
35.267738640972524 
35.262524311928196 
34.992465134930136 
35.267698485067925 
35.267757083171965 
35.267398794042435 
35.267471177050915 
35.267627479943286 
35.267597860089765 
35.26769178350201 
35.26746337785663 
35.00189369782022 
35.267038658910764 
35.26234348043104 
35.26220367400161 
35.267769824674644 
35.267303058558326 
35.26776999437784 
35.267710822064785 
35.26242118499754 
35.2670455185749 
35.26246330342611 
35.267710965442994 
35.26761762024776 
35.26770750395906 
35.26776354797903 
35.259633593929465 
35.26773966953671 
35.26776922785353 
35.26746235045587 
35.26774830251363 
35.267770552696334 
35.26206992916848 
35.26775789870293 
35.26777062645755 
35.002018568683035 
35.267758418697845 
35.26757141518528 
35.26775344431627 
35.267767747186454 
35.267512685361126 
35.26771455292792 
35.26759062579333 
35.26765402346685 
35.26776970728439 
35.26770861600558 
35.26777024631695 
35.26776574380549 
35.267756932474455 
35.26767336446362 
35.26751797980739 
35.26770491288908 
35.26747315181875 
35.267708349895734 
35.26775807869583 
35.26768054742409 
35.26726183339953 
35.26745862947509 
35.26738701615799 
35.26246585772215 
35.267744798989185 
35.267745940267815 
35.262414093245454 
35.26775934150526 
35.26233148364787 
35.002064311044926 
35.26713704597443 
35.267451604476086 
35.26760274317052 
35.267764030934195 
35.26737495588924 
34.989408018734416 
35.26222737064745 
35.267265455842335 
35.26743500949459 
34.989408018734416 
34.992303851991664 
35.267764017611775 
35.24616745056911 
35.26773966953671 
35.26758831818996 
35.26753110599756 
35.267652552447416 
35.26769027869016 
35.26774900923706 
35.26225940433467 
35.26774500510576 
35.00198478933319 
35.26241905138123 
35.267543497514346 
35.248867575391344 
35.26758710985245 
35.26769476773044 
