43.27844921087221 
43.2784314558644 
43.27844947936605 
43.27844941954735 
43.2784495987073 
43.27844955216084 
43.27844326981719 
43.278419333985 
43.27844963071212 
43.278419333985 
43.27844326981719 
43.278407000117 
43.27844929655793 
43.27844330421811 
43.27844359303056 
43.27841615992019 
43.278449592368126 
43.278431150938374 
43.278449552962876 
43.27842826153503 
43.27585703013412 
43.27844966250842 
43.27840643944412 
43.27414866147795 
43.27844945182452 
43.27837644049008 
43.278449332565884 
43.27844965874749 
43.278443375150864 
43.27844964677409 
43.27844951432234 
43.278422216326426 
43.278449609425515 
43.278449040914275 
43.2784494423255 
43.275006442131684 
43.27844957682258 
43.278449319347594 
43.27844934077889 
43.27844347885437 
43.27844296762715 
43.27844952951143 
43.278449665244196 
43.27844353457431 
43.27844918419924 
43.278449667252715 
43.278443213430705 
43.278449661600774 
43.278436694268706 
43.27844965874749 
43.27844322521023 
43.27840705350303 
43.27844930860611 
43.27844948912375 
43.278449609764934 
43.27071981673364 
43.27673170759781 
43.27844958929307 
43.27844938979202 
43.27671985307797 
43.27844934077889 
43.27841930538013 
43.27585728076234 
43.27844958226614 
43.278419333985 
43.27840662866815 
43.278449440448014 
43.27844932870354 
43.278421585095494 
43.27844928455371 
43.27844966683474 
43.2784494423255 
43.278449656661614 
43.2784185279491 
43.27844938986897 
43.27844927747336 
43.27670072773061 
43.27844322885245 
43.27844915458089 
43.27844956249908 
43.27671318803286 
43.27841555308144 
43.27844926371618 
43.27844943520987 
43.278416280221485 
43.278428265910634 
43.278449665244196 
43.27844318679373 
43.27840705350303 
43.2784495553929 
43.278449656661614 
43.27844965890137 
43.27844926143356 
43.278449102342194 
43.27843699635255 
43.278449491185015 
43.27844919254802 
43.2784092066532 
43.27844926143356 
43.278449474493144 
