35.26775289544248 
35.26777072661935 
35.26775031216157 
35.26736360019928 
35.26776611739071 
35.26770741906891 
35.26745515639755 
35.267740439564335 
35.267641195210274 
34.992553629096754 
35.267751332835516 
35.26775952986811 
35.25151450576709 
34.67617578212587 
35.26768398159397 
35.267403665378254 
35.267746646225135 
35.26749012699461 
35.00166618171066 
35.26214578330222 
35.26771243975104 
35.25692404563084 
35.26771378187506 
35.26740110700718 
35.26777064985886 
35.26770943083154 
35.267597205611494 
35.26757942004041 
35.26743634221403 
35.26254115054251 
35.26744751663705 
35.26775621497834 
35.26776253505608 
35.25954068932718 
35.26763237436398 
35.26776869011097 
35.26760187003578 
35.267754284785404 
35.26777064016353 
35.24920420020783 
35.26775862791641 
35.26777064016353 
35.0020526561694 
35.267758133764374 
35.26215343942571 
35.26252934819515 
35.26776447643299 
35.262141950936325 
35.26777011699938 
35.26756530100546 
35.26754342754352 
35.26777007382376 
35.267766552251864 
35.26777020526874 
35.26776895917409 
35.267756432427866 
35.26764798099801 
35.26757793021439 
35.267763737596844 
35.267479393779354 
35.26776177986233 
35.26776002705384 
35.26776794196527 
35.26734596374439 
35.26743514658632 
35.26744050372331 
35.2677590162907 
35.26769728341445 
35.26237869858291 
35.26764874926089 
35.26775905978052 
34.99880685476995 
35.25682219033415 
35.267169127977176 
35.267585362063684 
35.26744393051126 
35.26776344387581 
35.257046602283715 
35.00190896759554 
35.267577051448946 
35.25715447437908 
35.25184524714868 
35.00190896759554 
35.25717798671217 
35.26776350215268 
35.26148629431025 
35.26763237436398 
35.26762088767191 
35.26764465137741 
35.2677662773641 
35.26774119762908 
35.26775129182164 
35.267749584966694 
35.267745275672965 
35.00195091182814 
35.26775963575027 
35.26765614060076 
35.256882056480876 
35.2624779517477 
35.26769857536454 
