35.267503849288026 
35.262230574051685 
35.2677707330364 
35.26777020526874 
35.267234905587216 
35.26764265096456 
35.26776407299397 
35.267763288470775 
35.26775935270032 
35.26759612302203 
35.26251794061437 
35.262121754381894 
35.26750208517837 
35.26770800349946 
35.267765672380676 
35.267618679731235 
35.262141950936325 
35.2677554523179 
35.002019869327626 
34.99865927432972 
35.267763737596844 
35.26776808997622 
35.26726824171068 
35.26768330472861 
35.267707720474256 
35.26776859116966 
35.26776896227799 
35.26770016157061 35.26776551565062 
35.254665143389346 
35.26728944219038 
35.26775460972203 
35.26768911919645 
35.26757316435127 
35.26219114221706 
35.26775893311248 
35.2619919533604 
35.2677707330364 
35.26770313943411 
35.26776697037271 
35.26713381663652 
35.26726917875176 
35.267705618761845 
35.26764712456245 
35.267765542086174 
35.26747082515602 
35.26777001655853 
35.26776993958875 
34.67617667654153 
35.262478590455665 
35.267613879019024 
35.26764821949542 
35.267641860446005 
35.26738595489969 
35.26754342754352 
35.26737964520726 
35.267562511106476 
35.262534252976685 
35.2672694530365 
35.267769309357135 
35.26767113644395 
35.26763897729056 
35.26775418926093 
35.26777001655853 
35.246336622529526 
35.267761330003275 
35.25702666704476 
35.26777000522406 
35.267647097601554 
35.26179271728218 
35.25692404563084 
35.251770291152695 
34.675504716738295 
35.26735512581115 
35.25702666704476 
35.267627519286506 
35.26752827065209 
35.267516680998334 
35.26775196537679 
35.26775505218955 
35.257253499089074 
35.26775307334346 
35.267764770607194 
35.26777064016353 
35.25680788360904 
35.26765383229998 
35.26776216310908 
35.26757316435127 
35.26766619834824 
35.26776794196527 
35.26221213028466 
35.267768093010375 
35.267754234703936 
35.26776928661843 
35.267746646225135 
35.26777064016353 
35.267766204997685 
35.26777000372442 
35.26245733974404 
35.2625358165543 
35.26770595469564 
