35.26758706946174 
34.99868781777049 
35.26777009848059 
35.26777025294326 
35.25715460071683 
35.267577295957445 
35.2677628381588 
35.267763779517125 
35.267650378108016 
35.26748703546398 
35.26774654484101 
34.98918650300897 
35.267389572530746 
35.26776350577973 
35.26776545050337 
35.267676641387716 
35.2676322826332 
35.267754040272024 
35.00208760676138 
35.262156413075175 
35.26776707067427 
35.26776866765126 
35.26735003994037 
35.267655627160934 
35.267703319154826 
35.26776847248892 
35.267768840458494 
35.26764264775575 35.267761533362325 
35.25991979185401 
35.267347779605736 
35.267754292144176 
35.26763484080362 
35.26746454782218 
35.26761856180549 
35.26776076505487 
35.25436312435859 
35.2677706759107 
35.26750747799489 
35.26776757685524 
35.267331713556025 
35.267741393457754 
35.26776472784992 
35.267695481350884 
35.2677621299425 
35.00197398089626 
35.26776887160216 
35.26776984043828 
34.68014478148117 
35.267765469649966 
35.262348427642394 
35.26767064536606 
35.26769660254447 
35.26739252567443 
35.267706850716344 
35.26214566027174 
35.26764435662065 
35.259775488825575 
35.2616798137047 
35.26776990303944 
35.267513790197825 
35.267383849160254 
35.26769864780411 
35.267770065139814 
35.257194239307715 
35.26776455821586 
35.262150100286014 
35.267768693563625 
35.26761964287832 
35.26182499006831 
35.26757741165425 
35.26733962607316 
35.26212404637728 
35.001696041352204 
35.262150100286014 
35.26765496444276 
34.9956521128487 
35.267684243802044 
35.26775468951755 
35.267755343192 
35.267666844773316 
35.26774887294241 
35.26776614065259 
35.267770612158685 
35.26725714994346 
35.267768373512716 
35.2677650949137 
35.26746454782218 
35.26758629010912 
35.26776771482213 
35.26741592745431 
35.267769379491384 
35.267671712518556 
35.26776997624269 
35.2676941824226 
35.267770627992064 
35.26770889871673 
35.267770084390975 
35.26774318308301 
35.267707657382125 
35.2677592337398 
