43.07072779320855 
43.07072847004297 
43.070727751141426 
43.070682987157554 
43.07072830074979 
43.070721794928936 
43.070692885046405 
43.07072731900396 
43.07071497306504 
42.80362658199139 
43.070727764728865 
43.07072809741264 
43.065381257841274 
42.48355369873102 
43.070718759494184 
43.0706866293298 
43.07072757897746 
43.07069851220784 
42.80676266620124 
43.06892393741366 
43.07072201598328 
43.06716331033346 
43.07072201840312 
43.07068868661795 
43.07072846902085 
43.07072187567777 
43.0707090408218 
43.070708341493734 
43.07069215666213 
43.06896685896628 
43.07069263691684 
43.07072792992987 
43.07072818368402 
43.06804509730308 
43.0707146551983 
43.070728396673935 
43.07071136378697 
43.07072787340327 
43.07072846889264 
43.06453368120039 
43.07072806228066 
43.07072846889264 
42.806805693097374 
43.0707279940091 
43.06892422445541 
43.06896642432106 
43.07072824034554 
43.06892377859059 
43.07072844650901 
43.07070567678895 
43.07070266218398 
43.07072846135345 
43.07072833738004 
43.07072846310097 
43.07072844652541 
43.07072797138122 
43.07071522528631 
43.07070826768937 
43.07072820738556 
43.07069596197817 
43.0707281659147 
43.07072809633179 
43.07072841757646 
43.07068229754288 
43.07069215614302 
43.07069231999299 
43.07072802888449 
43.070721413312775 
43.06894997156758 
43.07071528949978 
43.070728075747226 
42.805736628433905 
43.06715087837243 
43.07066269318006 
43.070710696920514 
43.070692465787864 
43.07072820346979 
43.06717658097453 
42.80678992370074 
43.07070824829282 
43.06718926279754 
43.06541743786082 
42.80678992370074 
43.06719017681461 
43.07072821967305 
43.06884951540463 
43.0707146551983 
43.070712048675 
43.07071511930223 
43.07072833371821 
43.070727375369884 
43.070727764177754 
43.07072770291314 
43.07072752990353 
42.80679409404893 
43.07072806798081 
43.07071555749181 
43.06715741762185 
43.068960195689996 
43.070721469044884 
