35.267754992796306 
35.267770704578176 
35.26755392766424 
35.267223712875484 
35.26776676900233 
35.267564535035106 
33.68010501191239 
35.267657541128074 
35.26752547203096 
34.6801317146123 
35.2677594248927 
35.267761708123444 
35.267402033845556 
34.68014478148117 
35.267656858913966 
35.26768413882116 
35.26760678829612 
35.2673737783159 
35.26215049966116 
34.989464388627354 
35.26776711803501 
35.26757741165425 
35.262486411603724 
35.26207670700365 
35.26776943414099 
35.26776642527061 
35.00201023836626 
35.26756764370024 
35.26768554727333 
35.267684721098746 
35.26764180948868 
35.26765356276197 
35.26776215358808 
35.26230648401371 
35.26773988991832 
35.26776986122396 
35.267579880594575 
35.26774479187449 
35.267770627992064 
35.25690717797739 
35.26776226836329 
35.267770640826164 
35.26762680633002 
35.26776154413886 
35.26234338185212 
35.267580642057275 
35.267761834512235 
35.2676322826332 
35.26771337992157 
35.26770439897834 
35.267706850716344 
35.2677697058545 
35.267709032992286 
35.26777025294326 
35.26776830271579 
35.267760339817606 
35.26770419554148 
35.26749422437522 
35.26776707067427 
35.26220546315734 
35.26776474853105 
35.267758131288204 
35.26776771482213 
35.267152301075534 
35.267373611810385 
35.26763506277078 
35.26776023874832 
35.26769574376614 
35.267607806211515 
35.26755700635505 
35.26776327260244 
35.25187842278531 
35.26746522412742 
35.25954131495619 
35.26744983716307 
35.26758309097106 
35.267765920833 
35.267514492780606 
34.67983418264281 
35.26233431501223 
35.26756999570421 
35.25688341806529 
34.67983418264281 
35.262308816954544 
35.26776350577973 
35.26190689302869 
35.26773988991832 
35.267454917065905 
35.00211654486077 
35.267708383691335 
35.26757948854454 
35.26775461261671 
35.25713602715679 
35.26774445239241 
35.002086098679754 
35.26776176364523 
35.26757012734181 
35.248862977385485 
35.24937747657648 
35.26775294074602 
