34.445582567997796 
34.44559278272096 
34.44514102885724 
34.439475104774935 
34.44558657512831 
34.44544955892475 
34.44560055199383 
34.445441898916954 
34.44559694354613 
34.44514191891888 
34.44558867731811 
34.445387190775634 
34.43678936814364 
34.4455076134598 
34.44514102885724 
34.44560043378833 
34.44539771178061 
34.4455847135421 
34.44551351053682 
34.44558665639922 
34.445378103735464 
34.445311844076954 
34.445595646303275 
34.44558755722352 
34.44552049752132 
34.445444671776265 
34.44558629215996 
34.44559909813333 
34.44545424138072 
34.44520671016843 
34.44559963619384 
34.44538418536803 
34.445588687430714 
34.44545424138072 
34.44560104726059 
34.445598012947414 
34.43959264976842 
34.44560103344836 
34.44531604055819 
34.44547713351839 
34.44559862210438 
34.43677929997327 
34.44547995330013 
34.44560126430971 
34.44543478093729 
34.44559202396934 
34.44559243174057 
34.445507722731385 
34.44559862210438 
34.44536748668806 
34.44559279234023 
34.4455989379977 
34.44559857567305 
34.436475167985044 
34.44559862210438 
34.44550551115188 
34.44558966502315 
34.44518883863796 
34.445600374531416 
34.42768124787876 
34.4456000175717 
34.44541421134939 
34.445588455025806 
34.44531264614775 
34.44559244487459 
34.445523002048404 
34.445520227058026 
34.44558588303042 
34.44516642019412 
34.44560103344836 
34.44560063955345 
34.445303078811094 
34.44559862210438 
34.44536748668806 
34.44559279234023 
34.4455989379977 
34.44559857567305 
34.436475167985044 
34.44558851952449 
34.44558897946293 
34.44559668894428 
34.445520678508466 
34.44558565216662 
34.44514102885724 
34.44559381531312 
34.44542935579994 
34.445444671776265 
34.44559491104638 
34.44558893901253 
34.44559202396934 
34.168904451496296 
34.43960648643711 
34.445219182502946 
34.44560127442222 
34.439728575440135 
34.44544568449391 
34.44559977653597 
34.4392789143079 
34.44529933812907 
34.44551076407934 
