35.001938347966544 
35.0017265761186 
35.267714559973 
35.26777024631695 
35.2675437696541 
35.267634846244675 
35.26776166254117 
35.26767737556 
35.267704600217925 
35.26748849440858 
35.267745940267815 
35.25440089689326 
35.26739131089372 
35.267764017611775 
35.26776535034121 
35.26764733358788 
35.267512685361126 
35.26775456832462 
35.00198135666917 
35.26724178912374 
35.26770491288908 
35.26776743773745 
35.262317224101125 
35.26768355943817 
35.26776322395118 
35.26776416541388 
35.26776880750131 
35.26758410115986 35.26775919481868 
35.25729545638735 
35.26742431145059 
35.26775569564526 
35.2676924356006 
35.262336288317286 
35.267559590470434 
35.26775235581054 
35.2669910744315 
35.26777061344907 
35.267670311830614 
35.2677681775482 
35.26207059379192 
35.26220846628303 
35.26776555321143 
35.267696255901235 
35.26776481744488 
35.26201290367381 
35.26776942908407 
35.26776969235775 
35.267530558329774 
35.26776316860382 
35.26735116007679 
35.267640994519894 
35.267591448987275 
35.267388499308936 
35.26765402346685 
35.26751414051258 
35.26770134191187 
35.25717733521892 
35.26692755797111 
35.267769741845804 
35.26740051540568 
35.26752715518772 
35.26769800801992 
35.26777002576561 
35.24923789004336 
35.26775901632557 
35.256826713459404 
35.267768920915856 
35.26764480878329 
35.26685031780187 
35.26220367400161 
35.26200038161194 
35.26738219147653 
35.262240027520384 
35.256826713459404 
35.267711631099964 
35.00197111661817 
35.26762450767861 
35.26774967975908 
35.26774990805596 
35.267696837476386 
35.26775561895373 
35.267761849648195 
35.26776698812427 
35.267333503340694 
35.267768523337146 
35.26776151651746 
35.262336288317286 
35.26766279298004 
35.25980462031796 
35.26246784509378 
35.26776870367747 
35.26775291368248 
35.26776989721527 
35.26774694322793 
35.267770552696334 
35.267626227237905 
35.26776999744687 
35.26763020522596 
35.267761316436705 
35.267706149622306 
