34.61769455406905 
34.61756665498557 
34.61769664320198 
34.61769027482053 
34.61769818072921 
34.617702848028806 
34.61196554676121 
34.611897300344154 
34.61770306715871 
34.61770245913336 
34.617621644701885 
34.617697106638495 
34.61761770916662 
34.61755460936952 
34.61770286061619 
34.617697817937724 
34.61770065563344 
34.6176887659625 
34.61769715687877 
34.60584667494007 
34.61186856560363 
34.61769924206752 
34.61194160408403 
34.6174389178075 
34.61769462745938 
34.6175215910835 
34.617527783143856 
34.61738250719476 
34.61770241020673 
34.61768167901526 
34.617622664938956 
34.61770151239743 
34.617702494651674 
34.617694536993895 
34.617692112045965 
34.61770213815498 
34.61769842908452 
34.61770213815498 
34.61770225806353 
34.61768743912934 
34.61768972622467 
34.617701215499075 
34.61768745007501 
34.61770225806353 
34.61188378681483 
34.61768450546867 
34.6174843458783 
34.61770155048798 
34.61756623835854 
34.61770142143982 
34.61769519909388 
34.61753806003674 
34.617700053681865 
34.61768743912934 
34.617612071262556 
34.6176952447918 
34.61762680559114 
34.61769718949664 
34.617703053367315 
34.61770193347307 
34.617689336231116 
34.61769132811961 
34.617698786019965 
34.61769027482053 
34.61769679228101 
34.61770249908463 
34.611934738692675 
34.61172808444027 
34.61760409362158 
34.61770306715871 
34.61733954366754 
34.61768601438588 
34.61768215482524 
34.61755528242567 
34.61770180738025 
34.61770065563344 
34.61769126824698 
34.61770306715871 
34.611840154389455 
34.617626119870835 
34.61770155048798 
34.61750597997181 
34.617698786019965 
34.61169723184193 
34.61770155048798 
34.617678777906434 
34.617692112045965 
34.6176870777581 
34.61768586027073 
34.617693150950224 
34.617701686814925 
34.617693235505165 
34.61182621879477 
34.61770062717497 
34.617703053367315 
34.617702024594834 
34.617428896985004 
34.617289310702034 
34.61770305796445 
34.617694536993895 
