43.27844922413729 
43.278449527776466 
43.278410229546424 
43.2767167093137 
43.278449367691074 
43.278437282733925 
43.2784496617932 
43.278437126810175 
43.27844960444578 
43.27841023626103 
43.2784493608106 
43.27843145274833 
43.27588169614607 
43.27844305757574 
43.278410229546424 
43.27844966091504 
43.27843385322344 
43.27844925542975 
43.278443222900414 
43.27844933802594 
43.27843119541845 
43.27842523785673 
43.2784495568493 
43.278449367503654 
43.278443388866044 
43.27843718547345 
43.278449327754785 
43.2784496206346 
43.27843740110078 
43.27841615251554 
43.27844963979057 
43.27843349444863 
43.27844936088659 
43.27843740110078 
43.278449665543455 
43.27844961244215 
43.27672612234708 
43.278449665432426 
43.27842534501272 
43.27844016679664 
43.27844964730811 
43.27588145410263 
43.278440225805035 
43.27844966717659 
43.27843693727993 
43.27844949939072 
43.27844944955933 
43.27844306594227 
43.27844964730811 
43.27843094167668 
43.278449512727875 
43.2784496194223 
43.27844964696409 
43.27585448312297 
43.27844964730811 
43.27844300396197 
43.27844939093631 
43.278415753535405 
43.278449660462165 
43.2732901767476 
43.27844965776872 
43.27843425702677 
43.27844935913905 
43.278425281676654 
43.27844946473855 
43.27844341521376 
43.27844336410751 
43.278449294430814 
43.27841302920756 
43.278449665432426 
43.278449662469605 
43.27842503586085 
43.27844964730811 
43.27843094167668 
43.278449512727875 
43.2784496194223 
43.27844964696409 
43.27585448312297 
43.27844939741219 
43.27844940092349 
43.2784495873646 
43.2784433902317 
43.27844929268666 
43.278410229546424 
43.278449512818476 
43.27843679058951 
43.27843718547345 
43.27844954377313 
43.2784494006195 
43.27844949939072 
43.01146488523866 
43.27672861076263 
43.27841863573631 
43.27844966725259 
43.276738118465026 
43.27843723091224 
43.27844964085183 
43.276701051606345 
43.27842494727694 
43.27844314933287 
