34.61769460721 
34.6176979169953 
34.61770306715871 
34.61769135630463 
34.61749910006672 
34.61769718949664 
34.61748185472949 
34.61770229456696 
34.61770305796445 
34.61139115339223 
34.617695254423936 
34.617694536993895 
34.61732428575269 
34.61769907799331 
34.61769786713815 
34.61769035625613 
34.617626351874094 
34.61755418403641 
34.6174192145959 
34.61770306715871 
34.61769727109603 
34.61769800040067 
34.61770306715871 
34.61768344078107 
34.61768361312107 
34.61770180738025 
34.61730538323187 
34.61761038466508 
34.61769886083301 
34.61769620882588 
34.6176807337981 
34.6176887659625 
34.61748586496683 
34.61763389330049 
34.61770305796445 
34.617544980094806 
34.617694536993895 
34.617694843525754 
34.61769736960636 
34.617702024594834 
34.61183418663193 
34.61769975032533 
34.61770306715871 
34.617703053367315 
34.61770065563344 
34.617612395107 
34.617692281976886 
34.61731053928564 
34.61770224886927 
34.60021821537186 
34.61770187677509 
34.61768841980605 
34.617488358954986 
34.61175566811405 
34.611975780110136 
34.61745473463556 
34.61741262669153 
34.61196657556648 
34.61769564124166 
34.617695774230754 
34.61769787179002 
34.61770079798053 
34.61770065563344 
34.617140179016 
34.61769836450558 
34.61770225806353 
34.61755161692863 
34.61770224886927 
34.61770063636924 
34.61770063636924 
34.61748074374973 
34.617693526987075 
34.61770061343828 
34.61768764293765 
34.02977230287329 
34.61769718949664 
34.61769164034389 
34.617694536993895 
34.61769791978642 
34.617703053367315 
34.61770240101247 
34.61769873780468 
34.617698756685805 
34.61768966268517 
34.61732710984081 
34.61747996162429 
34.61727237413176 
34.617612395107 
34.617687907494364 
34.61769811795627 
34.617695015043466 
34.617340135094956 
34.617479626529196 
34.61770227656152 
34.61767709997935 
34.61737983752716 
34.61770035369995 
34.617701686814925 
34.61770181848999 
34.617692752091635 
