43.27844944713918 
43.27843749818882 
43.27844952428166 
43.27844936684956 
43.278449544490776 
43.27844956368353 
43.27843119541845 
43.27585448312297 
43.27844965283483 
43.27841023626103 
43.27843119541845 
43.27842515232049 
43.2784493326262 
43.278449319315676 
43.278449583210026 
43.276725994955946 
43.278449592521206 
43.2784493687641 
43.278449543013565 
43.27844932904634 
43.27843110377956 
43.27844966084148 
43.27841283812428 
43.27672571520434 
43.278449058882686 
43.2766557235831 
43.27844328942733 
43.27844965784472 
43.27843130946025 
43.27844964730811 
43.2784493019566 
43.27841611002951 
43.278449587498876 
43.27844894770775 
43.278449367503654 
43.27587554521194 
43.278437498647655 
43.27844949129658 
43.278449512727875 
43.278437446225965 
43.27844894921702 
43.27844333644119 
43.278449665432426 
43.27844963212997 
43.27844933569707 
43.27844966717659 
43.27844939652876 
43.2784496617932 
43.27671029856676 
43.27844965784472 
43.278431031348546 
43.27842523785673 
43.278449189099994 
43.27844932904634 
43.27844964194974 
43.27672868131834 
43.27843673029347 
43.278449612361285 
43.278449283546806 
43.27844299381125 
43.278449512727875 
43.278410229546424 
43.27672876875358 
43.27844356336342 
43.27841023626103 
43.27841264124148 
43.278449344124404 
43.27844937552599 
43.278449231857536 
43.27843701752481 
43.278449666948596 
43.278449367503654 
43.278449656813876 
43.2784309596913 
43.278449475932504 
43.27844922413729 
43.27837889173238 
43.27844340075727 
43.27844936901346 
43.27844955144847 
43.27842166376391 
43.2784187364257 
43.2784493608106 
43.2784495214684 
43.27843740110078 
43.27672611594049 
43.278449665432426 
43.278443349505245 
43.27842523785673 
43.278449478676116 
43.278449656813876 
43.27844965860266 
43.27844944367196 
43.278428131247 
43.27844905470269 
43.27844940447563 
43.27844314933287 
43.01455166950212 
43.27844944374796 
43.278449453632234 
