43.27844927747336 
43.27844941058897 
43.27841930538013 
43.278449333569135 
43.278443108370304 
43.278443369372866 
43.278449661600774 
43.27842805742541 
43.27844951826298 
43.278419333985 
43.27844926371618 
43.278428313366234 
43.27671396728306 
43.27844281734151 
43.27841930538013 
43.278449637506725 
42.27758749757203 
43.278449492005436 
43.27842514513238 
43.27844325041488 
43.27844326981719 
43.27840705350303 
43.278449590317685 
43.2784494423255 
43.2784434093453 
43.27843097963265 
43.27843724900264 
43.27844964191134 
43.278416280221485 
43.27842218209066 
43.27844963906779 
43.27840361838419 
43.27844926371618 
43.278416280221485 
43.278449666189296 
43.278449613043776 
43.278428313366234 
43.278449665244196 
43.278407149908176 
43.27843118603196 
43.27844964677409 
43.278436975500924 
43.278443397457046 
43.278449666758874 
43.27844866082835 
43.278443498263975 
43.27844948148046 
43.27673481789053 
43.27844964677409 
43.276701268003876 
43.27844934077889 
43.27844966300051 
43.27844960379981 
43.278419333985 
43.27844356038761 
43.27841866521857 
43.27844955208729 
43.27842183775572 
43.27844966000375 
43.27500887117651 
43.27844965874749 
43.278437341831825 
43.27844945549674 
43.27844936745618 
43.2784496157352 
43.27844035123486 
43.27844949399435 
43.27844923113448 
43.27157338567746 
43.278449665244196 
43.27844966345528 
43.278443141688605 
43.27844964677409 
43.276701268003876 
43.27844934077889 
43.27844966300051 
43.27844960379981 
43.278419333985 
43.278449469191436 
43.27844947547895 
43.278449501598566 
43.27844327190645 
43.27844922912595 
43.27841930538013 
43.278428285125976 
43.278424679619114 
43.27843097963265 
43.278449608487584 
43.27844943235036 
43.278443498263975 
43.27501255405314 
43.27587488895992 
43.27672239814779 
43.278449645403974 
43.278449392810415 
43.278422132503636 
43.27844959909026 
43.27840658307519 
43.27841290099029 
43.27844919254802 
