43.070721479146066 
43.070728277962154 
43.07072826389216 
43.07072846157037 
43.07068777282658 
43.07065726495825 
43.070688526745755 
43.06891413823185 
43.06889495962269 
43.06808525620717 
43.068962632098085 
43.07071133887515 
43.07069543523044 
43.0707284689804 
43.07067971637807 
43.07070875854253 
43.070715017172105 
43.0707087458354 
42.80256360723593 
43.06894960964584 
43.0707047388009 
43.070728218653734 
43.070715275380614 
43.070692330284125 
43.07071218050782 
43.06895395593622 
43.07072134629743 
43.06890801595059 
43.0707119792681 
43.06894390755601 
43.070705849060936 
43.070728370983595 
43.068921236684254 
42.806758523206106 
43.07067991448882 
43.07067876098256 
43.07071445942191 
43.070728466892426 
43.07071220247035 
43.07072805668639 
43.070688538324404 
43.070676742291326 
43.06804543052797 
43.06893363188446 
43.070728463486866 
41.47158303271843 
43.070727339409416 
42.802563646595175 
43.07071446384964 
43.0707047388009 
43.06895654569967 
43.068045113488786 
43.070728031064604 
43.06711805271881 
43.070697844911756 
43.07072192120374 
43.070721748881674 
43.07069287425099 
43.070727959604234 
43.06098386886411 
43.07072198378276 
43.070714646364074 
43.07070220525711 
43.070728300680294 
43.07063447310181 
43.0707277753919 
43.07072783072601 
43.070728220690796 
43.07072081439445 
43.070728466892426 
43.06893406447948 
43.07072156091923 
43.07072812524202 
43.07072779854248 
42.80680185077195 
43.070714290608244 
43.07054806858323 
43.07072137349665 
43.07072811879492 
43.07072744322856 
43.07067617674855 
43.07067970949347 
43.070728218653734 
43.07072847008701 
43.07072740064233 
43.070682697690614 
43.070675480946434 
43.07072841757912 
43.0707283964603 
43.070728220652384 
43.07072185278993 
43.06099635693343 
43.070728277962154 
43.07072843318035 
43.0707283964603 
43.070728468597636 
43.07070825936578 
43.070727960795956 
43.07072846940487 
43.07067548094628 
