59.514631037903506 
59.95445446654389 
59.75074775598354 
59.736015964557176 
59.531763713300684 
59.76634124507875 
59.548662356853455 
59.958625501251056 
59.25980959987833 
59.54163813663163 
59.75800391340891 
59.7541123460183 
59.960219927807785 
59.76091873930086 
59.76014117479441 
59.53650973599197 
59.76941359546632 
59.965327579547385 
59.534198083307736 
59.53824424688876 
59.76085167554308 
59.52278397233144 
59.756937266499605 
59.27082600293767 
57.939517008849805 
59.76319242909823 
59.53694249222421 
59.76354786658232 
59.53041414128161 
59.54079741446746 
58.93531497753551 
59.522091768893915 
59.52970245620045 
59.75835550999656 
59.95682213191693 
59.74299245489173 
59.536284386814266 
59.75881637439308 
59.761611505769515 
59.94926008668267 
59.76525073214164 
59.278438612647875 
59.5295512539856 
59.958257901740815 
59.277804216648796 
59.962862464033186 
59.536292041475036 
59.75329309608539 
59.747569895169335 
59.95551242036156 
59.76564448484971 
59.26012235651646 
59.95917004422101 
59.760309630177254 
59.767233046431244 
59.76139664430665 
59.76799122063261 
59.75494620351561 
59.75152869001407 
59.514819716199675 
59.766128893842996 
57.908632367173745 
58.514099613067984 
58.515165238894326 
59.745538716280166 
59.96159006527086 
59.94600926762638 
59.261180440111325 
59.75356010246922 
58.94042153029168 
59.755278849214 
59.9699241814593 
59.948262301037154 
59.96908976670047 
