59.68121920193136 
59.68053943137513 
59.66357037998125 
59.66867752733151 
59.68121920193136 
59.66071320176799 
59.478354876866824 
59.6548381779962 
59.468846728422704 
59.68121920193136 
59.68054144642874 
59.68121920193136 
59.68053943137513 
59.680553432434124 
59.6805202784563 
59.68054625064959 
59.680553432434124 
59.65820138275107 
59.680553432434124 
59.68053943137513 
59.68052999766742 
59.67985481803565 
59.68121920193136 
59.68053662143729 
59.68121920193136 
59.68054625064959 
59.679857342041956 
59.68054625064959 
59.67924419332594 
59.68054625064959 
59.68053943137513 
59.68121920193136 
59.681178907623696 
59.67794589057391 
59.68121920193136 
59.68121920193136 
59.68053943137513 
59.68053943137513 
59.66081687108028 
59.68121920193136 
59.68121920193136 
59.680553432434124 
59.68053943137513 
59.672649511177944 
59.68121920193136 
59.67834767958299 
59.68053662143729 
59.68053662143729 
59.68121920193136 
59.6805202784563 
59.680553432434124 
59.680553432434124 
59.6805202784563 
59.68054625064959 
59.67985481803565 
59.68052999766742 
59.68052999766742 
59.67984017596604 
59.66349842315722 
59.68053943137513 
59.68053662143729 
59.68121920193136 
59.6805202784563 
59.68054625064959 
59.679847088701656 
59.6805202784563 
59.6805202784563 
59.680553432434124 
59.68054625064959 
59.68121920193136 
59.68121920193136 
59.68121920193136 
59.68052999766742 
59.67525814780074 
59.68053662143729 
59.6805202784563 
59.68052999766742 
59.68053943137513 
59.67984017596604 
59.676616049327485 
59.68053914754807 
59.6805202784563 
59.68053662143729 
59.68052999766742 
59.68053662143729 
59.680553432434124 
59.68121920193136 
59.67660324374705 
59.68121920193136 
59.68121920193136 
59.68121920193136 
59.68053662143729 
59.68052999766742 
59.68121920193136 
59.680553432434124 
59.66349842315722 
59.68121920193136 
59.67924879988835 
59.680553432434124 
59.68052999766742 
