51.58375663613114 
51.58101576929651 
51.55932803724744 
51.363634085727185 
51.58375663613114 
51.55508433046815 
51.36946149430983 
51.54341393520317 
51.543721491496875 
51.58375663613114 
51.581140793665575 
51.58375663613114 
51.58101576929651 
51.581139936013024 
51.58124655835129 
51.581140793665575 
51.581139936013024 
51.5492428904348 
51.581139936013024 
51.58101576929651 
51.581081860957845 
51.5786349725661 
51.58375663613114 
51.58097360003637 
51.58375663613114 
51.581140793665575 
51.578471272237856 
51.581140793665575 
51.578338364359695 
51.581140793665575 
51.58101576929651 
51.58375663613114 
51.58375663613114 
51.5782034319433 
51.58375663613114 
51.58375663613114 
51.58101576929651 
51.58101576929651 
51.54638941054875 
51.58375663613114 
51.58375663613114 
51.581139936013024 
51.58101576929651 
51.572610172458404 
51.58375663613114 
51.57718582644017 
51.58097360003637 
51.58097360003637 
51.583732995711124 
51.58124655835129 
51.581139936013024 
51.581139936013024 
51.58124655835129 
51.581140793665575 
51.5786349725661 
51.581081860957845 
51.581081860957845 
51.57850083280252 
51.552085567528806 
51.58101576929651 
51.58097360003637 
51.58375663613114 
51.58124655835129 
51.581140793665575 
51.57829356757861 
51.58124655835129 
51.58124655835129 
51.581139936013024 
51.581140793665575 
51.58375663613114 
51.58375663613114 
51.58375663613114 
51.581081860957845 
51.568879966647266 
51.58097360003637 
51.58124655835129 
51.581081860957845 
51.58101576929651 
51.57850083280252 
51.57819904461935 
51.58105963060029 
51.58124655835129 
51.58097360003637 
51.581081860957845 
51.58097360003637 
51.581139936013024 
51.58375663613114 
51.57662138716028 
51.58375663613114 
51.58375663613114 
51.58375663613114 
51.58097360003637 
51.581081860957845 
51.58375663613114 
51.581139936013024 
51.552085567528806 
51.58375663613114 
51.57537147288148 
51.581139936013024 
51.581081860957845 
