47.00687633899468 
48.64771476011764 
48.01793157236028 
48.39200565616278 
48.617970158410316 
48.62393119691212 
47.648939021841855 
48.36237407785258 
48.13516120187115 
48.831744809236426 
47.073780669917895 
46.106570194209766 
48.328224153219494 
48.08791599374645 
48.08730995622477 
45.93604177584692 
48.0146307918239 
48.03383824859868 
48.88551326638348 
48.396201962187774 
49.0953338163537 
48.41945621409475 
48.59737273311155 
48.9041169003182 
48.61260932095353 
48.84905224326255 
48.09407964851915 
49.08915182529789 
48.71818421453787 
47.696731305619565 
48.68812332271573 
48.90721232076761 
48.69409487667724 
48.69481364893097 
48.07551030401238 
48.06899963145415 
48.8736604672303 
47.05654494086152 
48.36955890977146 
46.13582090939975 
48.92347369047949 
48.65534267583914 
47.65409724377521 
47.05025326879471 
48.675092894191245 
48.03656889257082 
48.08800713022544 
48.6202884177026 
49.09132234878415 
48.4448303721721 
48.07957855154252 
46.99139771743894 
48.65748580928419 
45.989924949862655 
47.11930714416786 
48.394607903143886 
47.705199388389154 
47.54553681370595 
48.33248201913005 
48.3952650233492 
48.356236593405505 
47.64929416800643 
47.64398303564599 
49.109282798321686 
48.70128663654174 
48.32724005692885 
48.91187769367359 
47.47269546303022 
48.408601375899146 
48.41088311202358 
47.92454395338246 
49.12718672112328 
48.073121600512636 
48.43968904133285 
47.65696270410993 
48.11687250116359 
48.309178128885684 
48.663149950820895 
48.90709778525479 
48.43432904042145 
48.05451060309839 
47.6951268869858 
48.93852273554406 
48.076105355805176 
47.66648354850611 
48.841711879340956 
48.39544781976916 
48.3827955780664 
48.64543477423086 
47.98339133674544 
47.70636002766136 
47.61634348816095 
48.07051542503561 
47.019292110606976 
48.404763089612416 
48.90132313131674 
48.85296937892827 
48.933553840148804 
48.3869958525224 
48.1290457796531 
