50.29773602594746 
51.935564931632584 
50.375801704452215 
51.70797831029714 
51.662439527453195 
51.91747300446493 
51.357743749328904 
50.94779338406457 
51.70831575936919 
51.9381947420504 
50.31321908145143 
50.96349418447325 
51.6745100976183 
51.65485229442438 
51.9200527258322 
0.0 
50.25598734024189 
51.64977828731693 
52.161435060661844 
50.948875441859585 
51.717172829508506 
51.97399672541751 
51.626552213188084 
52.37597151412509 
52.1581300776873 
51.693765522526284 
51.94203867015123 
51.93754765859769 
52.2110343154993 
50.98433337598267 
51.96957118621482 
51.972175106718645 
51.97397299997586 
51.9677103534772 
51.35397079178511 
50.953257826470576 
52.137495358203296 
50.35522497894328 
51.64722505084868 
51.34621415322058 
52.19459018847883 
51.91625347416678 
51.65347227687043 
51.69509442573659 
51.94581982983404 
52.14924838288307 
51.717800348102465 
51.924432878947144 
52.38705273731204 
51.946774491620154 
51.40142573017659 
50.871579176723124 
51.38001568496668 
50.88999716920321 
50.97328688608637 
51.66834019464402 
50.42235333934819 
50.89319170860732 
51.30904306424494 
51.69206932920423 
51.689478260572564 
50.9070788972035 
50.95676414430959 
52.393590551964884 
51.734314132281966 
51.65066939001176 
52.19695612290792 
50.20145546323921 
52.1783633124675 
51.69406114076919 
50.301495010284576 
52.00338784956776 
51.35019809367119 
52.19114998975394 
50.938440844711664 
51.964483785064836 
52.1221068117355 
51.698894430739976 
51.97695294343074 
52.161178436811596 
51.67089320455458 
51.368093649214856 
52.219213315253015 
51.368174412800826 
51.6542244892139 
51.91839307874405 
52.16474299465464 
51.35775645175969 
51.356507257585996 
51.28275209040957 
51.40598713940945 
51.35712568104671 
51.38831114947708 
50.30643276557818 
51.939626148375275 
52.18150615664968 
52.15484137033654 
52.213585490170615 
52.15161017081719 
51.3481918700596 
