59.68060971848501 
59.68124906285516 
59.679997847966966 
59.68064429436206 
59.66357750825448 
59.68124906285516 
59.68124906285516 
59.68124906285516 
59.68124906285516 
59.68124906285516 
59.68060971848501 
59.66398598242403 
59.68124906285516 
59.670123985481375 
59.68124906285516 
59.68124906285516 
59.68062637343999 
59.68124906285516 
59.68124906285516 
59.68062637343999 
59.662283934061975 
59.68002690679762 
59.662947594663116 
59.68064429436206 
59.68064429436206 
59.68124906285516 
59.68062637343999 
59.68124906285516 
59.66490944982295 
59.68124906285516 
59.68064429436206 
59.68060971848501 
59.66688595137341 
59.68124906285516 
59.68060971848501 
59.68060971848501 
59.68064935029413 
59.679997847966966 
59.68064429436206 
59.68124906285516 
59.68064935029413 
59.4872324986256 
59.660900029049195 
59.68124906285516 
59.48723228963618 
59.68124906285516 
59.679308598632765 
59.48685394477257 
59.68062080866417 
59.68064429436206 
59.66362726448724 
59.67015655091131 
59.68124906285516 
59.68124906285516 
59.68124906285516 
59.67147888829895 
59.68064671073442 
59.68064935029413 
59.67990190319165 
59.68064935029413 
59.68064429436206 
59.68062080866417 
59.68001819209642 
59.68124906285516 
59.68124906285516 
59.68124906285516 
59.68064429436206 
59.68124906285516 
59.680009738070495 
59.67147888829895 
59.68062637343999 
59.68124906285516 
59.68060971848501 
59.68124906285516 
59.68000522421827 
59.4831524176594 
59.67860689091852 
59.68064199647819 
59.68062637343999 
59.680021376086266 
59.68062637343999 
59.68062637343999 
59.68124906285516 
59.68124906285516 
59.68124906285516 
59.68124906285516 
59.68124906285516 
59.66289400240834 
59.68060971848501 
59.66688595137341 
59.66688595137341 
59.68060971848501 
59.66357750825448 
59.66688595137341 
59.66490944982295 
59.68124906285516 
59.68060971848501 
59.680021376086266 
59.46657180371474 
59.68060971848501 
