51.995986674197134 
51.96901780452128 
52.18950244674205 
52.41838485669363 
51.92425550440356 
52.404548177898285 
51.67062436737791 
51.96249043237304 
52.18903551119774 
51.950422544333904 
50.908825380538026 
52.2210508442662 
50.354085912159675 
51.91157364077981 
52.19377863239581 
49.413220951552084 
51.67817741258816 
50.35882061851176 
50.92364160824053 
52.36008239222142 
51.37247957760944 
51.90343692128624 
51.00381328699686 
51.31587566320593 
51.978891110980435 
52.191801051421784 
51.394355507045994 
52.15505001853772 
51.64440613054446 
51.94806808317497 
52.401892991810115 
51.93625089082469 
52.432535528765754 
51.73490695590733 
51.72398995699065 
51.72241024816384 
52.134138377610526 
51.68807923967868 
51.3934720065695 
51.93517377979379 
52.17086329574527 
51.64341769430914 
51.747283696710994 
51.69388433261462 
51.983137903110865 
52.44104174328638 
52.14478268482458 
51.97499543472851 
52.00852818078109 
51.37647227418596 
50.840948916384185 
50.964563973377935 
52.16135796234542 
51.98268707755878 
51.40594189029724 
51.73155302150334 
51.72040657701996 
52.16102183468401 
50.39706190449868 
51.62924316998027 
49.43295629691031 
51.717688303500644 
52.15056348551306 
52.19642285802879 
52.14478268482458 
50.362329246355216 
50.87045296354774 
51.67869410144136 
51.93699738390407 
51.99632782778944 
51.738535078453786 
50.320937081626894 
51.9629044247045 
51.395735821364056 
52.40549716286474 
51.395975670266196 
51.37709047046401 
50.95086983066219 
51.98887959565733 
50.32797716219549 
52.42177467049422 
52.2330806076838 
51.38109517312411 
52.223828282261856 
51.68285538960422 
52.14337639875949 
51.37399453603606 
52.21415193653585 
52.23446897516819 
51.70385034254023 
51.94935560992117 
51.92889033671087 
52.36979360163139 
51.71344672494033 
51.39353154166532 
51.3296396449713 
51.96572117967927 
51.94114787072045 
52.38531779511914 
51.73248175455765 
