46.96194101325307 
48.621069895171495 
47.07172178891118 
48.40828702977871 
48.343596508037436 
48.59536420209326 
48.04687079931701 
47.63719043468488 
48.408928765769495 
48.626272839813744 
46.986297161741696 
47.66083893909897 
48.361110700988654 
48.33258096042777 
48.601092624773244 
0.0 
46.90204495159584 
48.32529824480838 
48.84830191919392 
47.63932472710323 
48.42129609929884 
48.67667341810782 
48.2947526112079 
49.072237967706535 
48.84360777145318 
48.38795875272892 
48.630777932062465 
48.62391659528361 
48.91805528123218 
47.68998265131433 
48.671031364225826 
48.6730834946973 
48.67584375812373 
48.66761340356856 
48.0407767296608 
47.64572630135412 
48.81472564072642 
47.04304008774987 
48.32274681453294 
48.031666055270286 
48.895433675534655 
48.59369072012322 
48.332454743832585 
48.391482151154776 
48.636006108234014 
48.83248766587269 
48.42036890195756 
48.60549218471205 
49.087725751601 
48.63714291697101 
48.108755576965486 
47.53139778460067 
48.07798530266496 
47.5587749519409 
47.6761759866642 
48.352869258670694 
47.136952639315695 
47.56277785598391 
47.97911119127226 
48.386628003160894 
48.381771199876724 
47.58195374390222 
47.650456530079396 
49.09739826550032 
48.44486442204482 
48.32610136098843 
48.898449548066154 
46.825374487789745 
48.8725426075351 
48.38836473267646 
46.96666911522175 
48.71679095114016 
48.03629235662662 
48.890501641328456 
47.62658708099732 
48.662348202233346 
48.79441250839238 
48.39439199609023 
48.680621549799284 
48.84855190343445 
48.356269680392074 
48.061748214345414 
48.929486151237185 
48.06075867107292 
48.332576363564904 
48.59777239472781 
48.85382165829601 
48.04627341069259 
48.04534908745491 
47.94148561287128 
48.1142015436957 
48.045593292153754 
48.09053811301643 
46.97526656743314 
48.62688916107426 
48.87772072465705 
48.83971903457399 
48.92210564507411 
48.83443402479481 
48.03263060796814 
