51.58305493905232 
51.58305493905232 
51.58305493905232 
51.58305493905232 
51.58305493905232 
51.57978279967077 
51.57969295555583 
51.58305493905232 
51.53439373448268 
51.58305493905232 
51.58305493905232 
51.57981911478468 
51.57971026057092 
51.387259644932286 
51.58305493905232 
51.58305493905232 
50.77537508174898 
51.57969295555583 
51.57630297350064 
51.53439373448268 
51.57969295555583 
51.57969295555583 
51.57642915390341 
51.57970584711555 
51.57969295555583 
51.58305493905232 
51.57971026057092 
51.57969295555583 
51.57633591982806 
51.57970584711555 
51.57630488948262 
51.53156803131502 
51.58305493905232 
51.56323340564873 
51.53439373448268 
51.579657595581196 
51.579657595581196 
51.58305493905232 
51.57970584711555 
51.58305493905232 
51.38388387325541 
50.4604161722716 
51.58305493905232 
51.57374556963523 
51.58305493905232 
51.57981911478468 
51.57630297350064 
51.553753741336024 
51.32042784923193 
50.06919094860492 
51.58305493905232 
51.58305493905232 
51.57970584711555 
51.57971026057092 
51.57981911478468 
51.576440784494274 
51.58305493905232 
51.57971026057092 
51.58305493905232 
51.58305493905232 
51.58305493905232 
51.58305493905232 
51.57981911478468 
51.58305493905232 
51.58305493905232 
51.58305493905232 
51.57642915390341 
51.57969295555583 
51.58305493905232 
51.57978279967077 
51.58305493905232 
51.57981911478468 
51.57969295555583 
51.58305493905232 
51.579657595581196 
51.57642915390341 
51.58305493905232 
51.531990211218634 
51.57969295555583 
51.53156803131502 
51.57970584711555 
51.57981911478468 
51.57971026057092 
51.576440784494274 
51.58305493905232 
51.57644957336715 
51.58305493905232 
51.57981911478468 
51.53584258939078 
51.57971026057092 
51.58305493905232 
51.57981911478468 
51.57981911478468 
51.531990211218634 
51.58305493905232 
51.58305493905232 
51.57981911478468 
51.579657595581196 
51.53156803131502 
51.57970584711555 
