51.58305493905232 
51.57971026057092 
51.54061029627236 
51.55327895858701 
51.58305493905232 
51.53354573790617 
51.36426504504478 
51.52236110991167 
51.343678431544994 
51.58305493905232 
51.579758920360256 
51.58305493905232 
51.57971026057092 
51.57981911478468 
51.579657595581196 
51.57978279967077 
51.57981911478468 
51.53006935159848 
51.57981911478468 
51.57971026057092 
51.57970584711555 
51.57642915390341 
51.58305493905232 
51.57969295555583 
51.58305493905232 
51.57978279967077 
51.576440784494274 
51.57978279967077 
51.57691950674952 
51.57978279967077 
51.57971026057092 
51.58305493905232 
51.58285818127592 
51.574037127198615 
51.58305493905232 
51.58305493905232 
51.57971026057092 
51.57971026057092 
51.53584258939078 
51.58305493905232 
51.58305493905232 
51.57981911478468 
51.57971026057092 
51.56218351591455 
51.58305493905232 
51.57603215468785 
51.57969295555583 
51.57969295555583 
51.58305493905232 
51.579657595581196 
51.57981911478468 
51.57981911478468 
51.579657595581196 
51.57978279967077 
51.57642915390341 
51.57970584711555 
51.57970584711555 
51.57630488948262 
51.54193929064685 
51.57971026057092 
51.57969295555583 
51.58305493905232 
51.579657595581196 
51.57978279967077 
51.57633591982806 
51.579657595581196 
51.579657595581196 
51.57981911478468 
51.57978279967077 
51.58305493905232 
51.58305493905232 
51.58305493905232 
51.57970584711555 
51.5696927069418 
51.57969295555583 
51.579657595581196 
51.57970584711555 
51.57971026057092 
51.57630488948262 
51.57103986346415 
51.57974895761188 
51.579657595581196 
51.57969295555583 
51.57970584711555 
51.57969295555583 
51.57981911478468 
51.58305493905232 
51.57097034668013 
51.58305493905232 
51.58305493905232 
51.58305493905232 
51.57969295555583 
51.57970584711555 
51.58305493905232 
51.57981911478468 
51.54193929064685 
51.58305493905232 
51.576941192954266 
51.57981911478468 
51.57970584711555 
