59.680726289007886 
59.68128397707256 
59.6801799915675 
59.680733724254864 
59.66504017899818 
59.68128397707256 
59.68128397707256 
59.68128397707256 
59.68128397707256 
59.68128397707256 
59.680726289007886 
59.666022632527614 
59.68128397707256 
59.66631108149218 
59.68128397707256 
59.68128397707256 
59.680718576703846 
59.68128397707256 
59.68128397707256 
59.680718576703846 
59.667097804836025 
59.6802019243159 
59.664468733214534 
59.680733724254864 
59.680733724254864 
59.68128397707256 
59.680718576703846 
59.68128397707256 
59.66633789732111 
59.68128397707256 
59.680733724254864 
59.680726289007886 
59.66633493286624 
59.68128397707256 
59.680726289007886 
59.680726289007886 
59.680767137199695 
59.6801799915675 
59.680733724254864 
59.68128397707256 
59.680767137199695 
59.6801762362545 
59.66762971018375 
59.68128397707256 
59.6802019243159 
59.68128397707256 
59.68072431411133 
59.680726289007886 
59.68074560300904 
59.680733724254864 
59.66633789732111 
59.48091344359391 
59.68128397707256 
59.68128397707256 
59.68128397707256 
59.67294391308905 
59.680745737287644 
59.680767137199695 
59.68010398608786 
59.680767137199695 
59.680733724254864 
59.68074560300904 
59.6802071607786 
59.68128397707256 
59.68128397707256 
59.68128397707256 
59.680733724254864 
59.68128397707256 
59.68020924776942 
59.67294391308905 
59.680718576703846 
59.68128397707256 
59.680726289007886 
59.68128397707256 
59.6801762362545 
59.484049293873746 
59.67930224967937 
59.67681536721203 
59.680718576703846 
59.680228976713416 
59.680718576703846 
59.680718576703846 
59.68128397707256 
59.68128397707256 
59.68128397707256 
59.68128397707256 
59.68128397707256 
59.66764116111045 
59.680726289007886 
59.66633493286624 
59.66633493286624 
59.680726289007886 
59.66504017899818 
59.66633493286624 
59.66633789732111 
59.68128397707256 
59.680726289007886 
59.680228976713416 
59.66629819760729 
59.680726289007886 
