48.708425952353686 
48.699951219612984 
48.50363666115939 
48.73926209354371 
47.2414908047952 
48.67435895015145 
48.01391927843718 
47.98998891235956 
48.67635454613614 
48.658852750948434 
47.953328626643184 
48.0008953713166 
48.30351474552163 
47.23692887202548 
48.667655806397796 
48.44748047198235 
47.69890413132572 
48.29069248209684 
48.22278700800002 
48.31481838192489 
48.23487201236498 
47.95916377417918 
48.00334679116238 
48.25084167916162 
47.958828076676944 
47.21657119138316 
48.705953190521015 
47.14721860195547 
47.98000467132766 
47.678093456085634 
48.233274170669326 
48.50769537082971 
48.451136520929296 
48.68312807499831 
47.552258569103294 
48.72822711139905 
48.03252653996005 
48.4400336702343 
48.01056038341504 
47.63979313514337 
48.502460946739475 
48.2779077123243 
47.679544556311726 
48.71992426025353 
48.23743149717689 
48.50139741794307 
48.47047134156887 
47.98157184613371 
48.68647310008637 
48.548185391070945 
48.683983855606996 
48.01290505556083 
48.72555833864473 
48.24506110965561 
48.21645099225569 
46.60662015210541 
48.684420982436635 
47.65437352396386 
48.71962650581595 
48.51211040982554 
48.26306679581004 
48.264053509518305 
48.45566087127297 
48.46548290780666 
47.93041484631325 
47.935478570849455 
48.20605050480694 
48.18112511669604 
48.4882663880236 
48.67675201557166 
48.45566087127297 
48.42070558375607 
47.93706745678522 
47.63218860833151 
48.67640620460225 
48.66921313585703 
47.99794911045685 
48.707636247237005 
48.46021504867477 
48.67233676238892 
48.21820242425024 
48.533000411212086 
48.499788793331774 
47.70396848339481 
47.22066060813348 
48.65968835604239 
48.44378015248176 
48.723958119074354 
48.684313377204504 
47.28247974674416 
48.68874417625611 
48.728081133506926 
48.693601423544735 
48.52593363119036 
47.68749288364193 
48.690512083860135 
48.52417713265601 
48.46551269087272 
48.5013464096628 
48.24730054313305 
