48.92554839414631 
48.46177980386936 
48.910149435938486 
49.14055550895832 
48.11348114133137 
49.12500593708582 
48.60218493134295 
49.09553610651219 
48.67523138537046 
48.360756191466244 
48.033837178843456 
49.12635833933999 
47.01983579335489 
48.303381809607615 
48.69836246739089 
47.67836589853373 
48.831441699787476 
47.630168538751015 
47.672247662729816 
48.413016671676566 
48.04999361025388 
48.818756993905296 
47.72808427734188 
47.531493970161726 
48.88612983165732 
48.43037263760275 
47.644551936282824 
48.68213027268035 
48.35588141623285 
48.661609726647384 
49.10551649553695 
48.03000468348221 
49.15050124369861 
48.67446749728496 
49.03759774341937 
48.42772545367843 
48.39885844502567 
48.085515876151945 
48.428673899281705 
47.65834189799218 
48.661226770017336 
47.9678131632835 
48.43387307489621 
48.66231646219675 
48.92217429511625 
49.177954179148244 
48.38991237232181 
48.422508860776695 
49.14816884274838 
48.65419647921505 
47.48960880947198 
47.684475610435925 
48.407263513896936 
48.92901890139149 
48.62177316956075 
48.696041357634485 
48.65876093325365 
48.625263725511864 
47.12110033156758 
48.59511379871397 
48.050414688972765 
48.42027666303436 
48.38433834689996 
48.92256885686343 
48.38991237232181 
48.35559018722325 
47.549314233168566 
48.62726750231497 
47.096757767206206 
48.68952801034634 
48.45925386990592 
47.96816212353599 
48.89196311779109 
48.35803876833453 
48.94150364569888 
47.14654435573941 
47.097756566072256 
48.361007935365414 
48.69103166124333 
47.975313119857205 
48.93369468739624 
48.94619054313363 
48.08806161057316 
48.95469595209895 
48.89335672005522 
48.62882494603831 
48.418338803138916 
48.44981792133992 
48.95108281423803 
48.088111669852815 
48.69146394907902 
48.0511225331728 
48.86024813361912 
48.04585421323033 
48.08192616114964 
48.042802490103675 
48.68360408410835 
48.61996109672144 
49.07351686200033 
48.45041489423034 
