51.96235028639772 
52.20150442209358 
52.234967964592855 
51.980419965826854 
50.41635798645872 
51.93502133352652 
51.6710773300463 
51.383200067656546 
51.91445033085733 
51.706933792335455 
51.96895101028333 
50.98617086979981 
52.23065765385102 
51.9766159254583 
52.433450460184034 
51.66670061685889 
51.68857455336966 
51.7253619652882 
52.19487855463962 
52.23004166975254 
51.3771939054714 
52.150675300354834 
50.91520959366974 
52.37452039368356 
51.636031748065385 
52.18842698111307 
51.98451529932007 
51.96994874014655 
52.43367769747471 
0.0 
51.38097117700583 
50.97801442222885 
51.92552839282535 
51.372078547118775 
52.20016440667988 
52.194006330451806 
51.98006402622404 
51.97636867350124 
51.68179221196343 
51.71432373361658 
51.73390746443189 
51.97620140034454 
51.95454081621233 
51.726362152748884 
51.71595957200437 
52.35988566258485 
52.19676314304559 
51.70566117583255 
51.98298108841483 
52.42544651734972 
51.74549959559319 
52.194802131677115 
51.70225964323755 
52.159022357016944 
52.41102044774431 
52.22563122512939 
51.67936381199637 
52.01563302711842 
52.3866170510629 
51.38320458704786 
51.968083716758784 
52.242411531068335 
51.746561307365674 
51.71787991646413 
51.71497769725018 
49.43464883770596 
52.16617534372351 
51.96406170182639 
51.71431553088264 
51.6982572950714 
51.681536889592294 
52.430271353879576 
52.42890329051039 
51.39594773717911 
51.37903843432716 
52.20918772856056 
51.367020772132285 
51.96976095281225 
51.70244782159882 
51.366501789001326 
52.21937097283054 
52.418489471669545 
51.95085767287117 
52.22205930238362 
50.937389331999036 
51.367020772132285 
51.71114022407695 
51.97193671843638 
52.18558224475431 
51.3275534815889 
51.981540285027705 
51.34991766896393 
51.930913878809434 
51.976566297555195 
50.995483967016405 
51.95070666097159 
50.9653455780786 
51.658958901220636 
52.179245666886246 
50.983617272406654 
