51.58375663613114 
51.58375663613114 
51.58375663613114 
51.58375663613114 
51.58375663613114 
51.581140793665575 
51.58097360003637 
51.58375663613114 
51.54900547096848 
51.58375663613114 
51.58375663613114 
51.581139936013024 
51.58101576929651 
51.581139936013024 
51.58375663613114 
51.58375663613114 
50.083499290448714 
51.58097360003637 
51.57846812283909 
51.54900547096848 
51.58097360003637 
51.58097360003637 
51.5786349725661 
51.581081860957845 
51.58097360003637 
51.58375663613114 
51.58101576929651 
51.58097360003637 
51.57829356757861 
51.581081860957845 
51.57850083280252 
51.54922450897138 
51.58375663613114 
51.56823604550038 
51.54900547096848 
51.58124655835129 
51.58124655835129 
51.58375663613114 
51.581081860957845 
51.58375663613114 
51.38811152335347 
50.07123211767776 
51.58375663613114 
51.575036117921954 
51.58375663613114 
51.581139936013024 
51.57846812283909 
51.56092847331049 
51.333165811477194 
50.80006461423895 
51.58375663613114 
51.58375663613114 
51.581081860957845 
51.58101576929651 
51.581139936013024 
51.578471272237856 
51.58375663613114 
51.58101576929651 
51.58375663613114 
51.58375663613114 
51.58375663613114 
51.58375663613114 
51.581139936013024 
51.58375663613114 
51.58375663613114 
51.58375663613114 
51.5786349725661 
51.58097360003637 
51.58375663613114 
51.581140793665575 
51.58375663613114 
51.581139936013024 
51.58097360003637 
51.58375663613114 
51.58124655835129 
51.5786349725661 
51.58375663613114 
51.549449510253844 
51.58097360003637 
51.54922450897138 
51.581081860957845 
51.581139936013024 
51.58101576929651 
51.578471272237856 
51.58375663613114 
51.578351842668674 
51.58375663613114 
51.581139936013024 
51.54638941054875 
51.58101576929651 
51.58375663613114 
51.581139936013024 
51.581139936013024 
51.549449510253844 
51.58375663613114 
51.58375663613114 
51.581139936013024 
51.58124655835129 
51.54922450897138 
51.581081860957845 
