59.68128397707256 
59.680726289007886 
59.671620268436 
59.47690652949825 
59.68128397707256 
59.67005281383287 
59.48015876009898 
59.663714682666324 
59.664495221323314 
59.68128397707256 
59.680745737287644 
59.68128397707256 
59.680726289007886 
59.68074560300904 
59.680767137199695 
59.680745737287644 
59.68074560300904 
59.66633789732111 
59.68074560300904 
59.680726289007886 
59.680733724254864 
59.680228976713416 
59.68128397707256 
59.680718576703846 
59.68128397707256 
59.680745737287644 
59.680195703816 
59.680745737287644 
59.679455785144995 
59.680745737287644 
59.680726289007886 
59.68128397707256 
59.68128397707256 
59.67943403187177 
59.68128397707256 
59.68128397707256 
59.680726289007886 
59.680726289007886 
59.66504017899818 
59.68128397707256 
59.68128397707256 
59.68074560300904 
59.680726289007886 
59.67685102967056 
59.68128397707256 
59.67850340239896 
59.680718576703846 
59.680718576703846 
59.68127919287953 
59.680767137199695 
59.68074560300904 
59.68074560300904 
59.680767137199695 
59.680745737287644 
59.680228976713416 
59.680733724254864 
59.680733724254864 
59.68020924776942 
59.66764116111045 
59.680726289007886 
59.680718576703846 
59.68128397707256 
59.680767137199695 
59.680745737287644 
59.680168106535305 
59.680767137199695 
59.680767137199695 
59.68074560300904 
59.680745737287644 
59.68128397707256 
59.68128397707256 
59.68128397707256 
59.680733724254864 
59.6746550202322 
59.680718576703846 
59.680767137199695 
59.680733724254864 
59.680726289007886 
59.68020924776942 
59.679433712263574 
59.6807290755898 
59.680767137199695 
59.680718576703846 
59.680733724254864 
59.680718576703846 
59.68074560300904 
59.68128397707256 
59.678752130492775 
59.68128397707256 
59.68128397707256 
59.68128397707256 
59.680718576703846 
59.680733724254864 
59.68128397707256 
59.68074560300904 
59.66764116111045 
59.68128397707256 
59.6781330933373 
59.68074560300904 
59.680733724254864 
