59.68128397707256 
59.68128397707256 
59.68128397707256 
59.68128397707256 
59.68128397707256 
59.680745737287644 
59.680718576703846 
59.68128397707256 
59.66629819760729 
59.68128397707256 
59.68128397707256 
59.68074560300904 
59.680726289007886 
59.68074560300904 
59.68128397707256 
59.68128397707256 
58.22937549022586 
59.680718576703846 
59.6802019243159 
59.66629819760729 
59.680718576703846 
59.680718576703846 
59.680228976713416 
59.680733724254864 
59.680718576703846 
59.68128397707256 
59.680726289007886 
59.680718576703846 
59.680168106535305 
59.680733724254864 
59.68020924776942 
59.66633493286624 
59.68128397707256 
59.67559668827181 
59.66629819760729 
59.680767137199695 
59.680767137199695 
59.68128397707256 
59.680733724254864 
59.68128397707256 
59.48765371730495 
58.224035869211356 
59.68128397707256 
59.67806931724291 
59.68128397707256 
59.68074560300904 
59.6802019243159 
59.67159595073389 
59.46456048115736 
58.95778002353597 
59.68128397707256 
59.68128397707256 
59.680733724254864 
59.680726289007886 
59.68074560300904 
59.680195703816 
59.68128397707256 
59.680726289007886 
59.68128397707256 
59.68128397707256 
59.68128397707256 
59.68128397707256 
59.68074560300904 
59.68128397707256 
59.68128397707256 
59.68128397707256 
59.680228976713416 
59.680718576703846 
59.68128397707256 
59.680745737287644 
59.68128397707256 
59.68074560300904 
59.680718576703846 
59.68128397707256 
59.680767137199695 
59.680228976713416 
59.68128397707256 
59.666022632527614 
59.680718576703846 
59.66633493286624 
59.680733724254864 
59.68074560300904 
59.680726289007886 
59.680195703816 
59.68128397707256 
59.6801799915675 
59.68128397707256 
59.68074560300904 
59.66504017899818 
59.680726289007886 
59.68128397707256 
59.68074560300904 
59.68074560300904 
59.666022632527614 
59.68128397707256 
59.68128397707256 
59.68074560300904 
59.680767137199695 
59.66633493286624 
59.680733724254864 
