59.68124906285516 
59.68124906285516 
59.68124906285516 
59.68124906285516 
59.68124906285516 
59.68064671073442 
59.68062637343999 
59.68124906285516 
59.66224291137289 
59.68124906285516 
59.68124906285516 
59.68062080866417 
59.68060971848501 
59.486086606510064 
59.68124906285516 
59.68124906285516 
58.6423176651779 
59.68062637343999 
59.68002690679762 
59.66224291137289 
59.68062637343999 
59.68062637343999 
59.680021376086266 
59.68064429436206 
59.68062637343999 
59.68124906285516 
59.68060971848501 
59.68062637343999 
59.680021341942485 
59.68064429436206 
59.680009738070495 
59.66688595137341 
59.68124906285516 
59.67734607116761 
59.66224291137289 
59.68064935029413 
59.68064935029413 
59.68124906285516 
59.68064429436206 
59.68124906285516 
59.6780330231969 
58.639406466808545 
59.68124906285516 
59.67795735529197 
59.68124906285516 
59.68062080866417 
59.68002690679762 
59.66883528674285 
59.6545778642037 
58.23454703394368 
59.68124906285516 
59.68124906285516 
59.68064429436206 
59.68060971848501 
59.68062080866417 
59.680042206456484 
59.68124906285516 
59.68060971848501 
59.68124906285516 
59.68124906285516 
59.68124906285516 
59.68124906285516 
59.68062080866417 
59.68124906285516 
59.68124906285516 
59.68124906285516 
59.680021376086266 
59.68062637343999 
59.68124906285516 
59.68064671073442 
59.68124906285516 
59.68062080866417 
59.68062637343999 
59.68124906285516 
59.68064935029413 
59.680021376086266 
59.68124906285516 
59.66398598242403 
59.68062637343999 
59.66688595137341 
59.68064429436206 
59.68062080866417 
59.68060971848501 
59.680042206456484 
59.68124906285516 
59.679997847966966 
59.68124906285516 
59.68062080866417 
59.66357750825448 
59.68060971848501 
59.68124906285516 
59.68062080866417 
59.68062080866417 
59.66398598242403 
59.68124906285516 
59.68124906285516 
59.68062080866417 
59.68064935029413 
59.66688595137341 
59.68064429436206 
