48.69716404736933 
48.68496374566842 
48.49470732893186 
48.55103231146638 
48.213948750601354 
48.686959311136185 
48.27764105608189 
48.48073167239945 
48.69727832071671 
48.666238294398504 
48.43781980086582 
48.51505084479664 
48.29963238287669 
47.969213836039124 
48.67934769661262 
48.26599043645817 
47.28067746951328 
48.52228598583455 
48.25045858757079 
48.31141361796908 
48.26004575917113 
47.99314459952552 
47.98259662736251 
47.99834463208426 
47.64985918970724 
47.97143691428016 
48.70112413666249 
0.0 
48.23067265224398 
47.67209732429175 
47.63171886928041 
48.496091234000644 
48.66377592663967 
48.696640446013 
47.1970910414694 
48.73291580507892 
48.28825519882528 
48.422982236765236 
48.039856020318545 
48.23187661584807 
48.704231249071775 
48.67508423739204 
47.26666157854277 
48.71910418294835 
48.481047987941665 
48.47810151167856 
48.014271952732464 
48.245512762379306 
48.51675680948065 
48.74868510724131 
48.51632462931487 
48.28182638903933 
48.71250790087653 
48.4598264376758 
47.928309512720865 
45.62626295332194 
48.51453404909029 
47.640414571236995 
48.71074157900936 
48.271442858321855 
48.2882989232414 
48.01357538625682 
48.23509748875463 
48.273718173931464 
47.96478386058413 
48.21861945406286 
48.41508365033948 
48.42519945753847 
48.26906440540247 
48.48804083262553 
48.23509748875463 
47.99367811228889 
47.61484335381991 
47.92839403766591 
48.46350535861249 
48.46242566035314 
48.00947952952614 
48.51784240444765 
48.24017172828005 
48.66674431966814 
48.24375332467687 
48.71117101422612 
48.51517997452592 
47.65459870356553 
47.62824838742502 
48.67608818873456 
48.447200489473985 
48.31089018353225 
48.51796456209301 
48.23737707563384 
48.71317505557131 
48.731567527211396 
48.5211605698258 
48.51763630397841 
47.676003328517254 
48.695246020516045 
48.49882528396009 
48.447439465155085 
48.49444055200638 
48.46616357300922 
