51.58101576929651 
51.58375663613114 
51.578351842668674 
51.581081860957845 
51.54638941054875 
51.58375663613114 
51.58375663613114 
51.58375663613114 
51.58375663613114 
51.58375663613114 
51.58101576929651 
51.549449510253844 
51.58375663613114 
51.549060449086134 
51.58375663613114 
51.58375663613114 
51.58097360003637 
51.58375663613114 
51.58375663613114 
51.58097360003637 
51.549411529207404 
51.57846812283909 
51.54354204313579 
51.581081860957845 
51.581081860957845 
51.58375663613114 
51.58097360003637 
51.58375663613114 
51.5492428904348 
51.58375663613114 
51.581081860957845 
51.58101576929651 
51.54922450897138 
51.58375663613114 
51.58101576929651 
51.58101576929651 
51.58124655835129 
51.578351842668674 
51.581081860957845 
51.58375663613114 
51.58124655835129 
51.578345928965156 
51.55201405248013 
51.58375663613114 
51.57846812283909 
51.58375663613114 
51.58103636227653 
51.58101576929651 
51.581139936013024 
51.581081860957845 
51.5492428904348 
51.373171037683846 
51.58375663613114 
51.58375663613114 
51.58375663613114 
51.56402152304189 
51.581140793665575 
51.58124655835129 
51.57795129735629 
51.58124655835129 
51.581081860957845 
51.581139936013024 
51.578519259982684 
51.58375663613114 
51.58375663613114 
51.58375663613114 
51.581081860957845 
51.58375663613114 
51.57850083280252 
51.56402152304189 
51.58097360003637 
51.58375663613114 
51.58101576929651 
51.58375663613114 
51.578345928965156 
51.37850943080149 
51.57932506876271 
51.57243469448823 
51.58097360003637 
51.5786349725661 
51.58097360003637 
51.58097360003637 
51.58375663613114 
51.58375663613114 
51.58375663613114 
51.58375663613114 
51.58375663613114 
51.552085567528806 
51.58101576929651 
51.54922450897138 
51.54922450897138 
51.58101576929651 
51.54638941054875 
51.54922450897138 
51.5492428904348 
51.58375663613114 
51.58101576929651 
51.5786349725661 
51.54900547096848 
51.58101576929651 
