47.582241875842584 
48.413888516124096 
48.018437468390495 
48.404498282301304 
48.39609085336492 
48.34103265716602 
48.85604430497603 
47.64467595358034 
48.12654249898111 
48.85504141629919 
47.06452732659863 
46.09086102440858 
48.32502060265748 
48.67674783813442 
48.07471781816262 
45.97234367818759 
48.58117630250676 
48.32681939007601 
48.86802361505827 
47.62418557508974 
48.41033299092216 
48.88744767414831 
48.065762735360366 
48.6455476524168 
48.63114484673933 
48.877008948555705 
48.60532532053347 
48.857006466103066 
49.1147931572901 
48.34311217594267 
48.109876826928726 
48.90978606384778 
48.886501130656626 
48.67635722242616 
48.0793776036033 
48.08472929187744 
48.84170207010382 
47.05524023296775 
47.63825691248206 
47.62990004226937 
49.08852407827321 
48.827383074257845 
48.06060082441567 
48.415776832284784 
48.057179152045244 
48.64305614755789 
48.436329398113664 
48.6383767211029 
49.08044688160343 
48.873606951866016 
48.10174930458603 
47.596832517371055 
48.08559757567849 
48.32636138976917 
48.41419985383769 
48.381494393980084 
47.152237834468195 
47.96847921484403 
48.313606242295954 
48.38510555472985 
48.3574626752143 
47.66943456545319 
48.0289402896843 
48.93279310828234 
48.69773008504125 
48.30796978516701 
49.094186726885326 
46.86701084085105 
48.332491653491665 
48.09475021547884 
48.27783322441103 
48.719351749947656 
48.36445381903414 
48.42849525741737 
47.650375250118586 
48.37966522458289 
48.34085853793614 
48.64604762468703 
48.87735104580513 
48.85778769230991 
48.36051751089902 
48.081052036925605 
48.93320602532525 
48.07047540128148 
48.02817236830434 
48.365576541958454 
48.414243421602016 
48.39692626836996 
48.357759134553454 
48.28526701072449 
48.09911235196463 
48.03977163061944 
48.09623061142928 
48.56169483815121 
48.37561830420035 
48.887086947703864 
48.63308584966322 
48.7080607300575 
48.09103709644228 
48.06434972051798 
