48.93942040953665 
48.6666909394998 
48.641189944061985 
48.718212248225115 
48.342821659630516 
48.925329640687174 
48.30552753585182 
49.06469541601674 
48.40611720554374 
48.06110460302851 
48.382694568235934 
48.71953134888556 
47.0380751402697 
47.97458121039323 
48.9084109743125 
46.13878628181933 
47.61744427308368 
47.56117531673824 
47.628621895113994 
48.85840932419545 
47.70756218329536 
48.314491662163455 
47.69776662165824 
47.51808464957851 
48.408384025168274 
48.426813946271366 
48.11860699467597 
48.425541034442595 
48.81607012842278 
48.402697607425104 
48.90474482913559 
48.06294423704878 
49.144397169005565 
48.43548837607139 
48.394206455350336 
48.66402439684904 
48.38523066776198 
48.607710767552014 
48.107755338252126 
47.65090489870479 
48.850816280924775 
47.604414347628826 
48.15817895696303 
48.651555063609706 
48.9075576369811 
49.16830125098947 
48.62797017920444 
48.39782799969359 
49.14201800592293 
48.360552592838154 
47.980044484795286 
47.12391635774742 
48.660573280781584 
48.87594313197293 
48.61212881705591 
48.06838447660019 
48.106342158701324 
48.6382867757829 
46.07416151073884 
45.9347317873144 
48.01493592213011 
48.075192512922364 
48.09219379148172 
49.06738907808127 
48.62797017920444 
46.07740593651158 
47.95909259589276 
48.316329312286776 
48.2869991598634 
48.908986856297574 
48.45875724739173 
47.56562298533285 
48.90374053613355 
48.359129167377574 
49.131619230525246 
47.65817015266468 
48.10543133743268 
47.57788258755274 
48.890818937496334 
47.0741833600673 
48.93293513072251 
48.911039826210555 
48.59082824900023 
49.09891030458874 
49.04564182114294 
48.825089667960974 
48.37952710126743 
48.91667994949016 
48.94104979140025 
48.3786421395553 
48.70651427401527 
48.06246830551916 
48.40348972830165 
47.11683715546876 
48.087959762047035 
47.60418933759977 
48.638169816021346 
48.64369385867634 
48.899450447003616 
48.85057057183004 
