59.95915185417418 
59.95778524430347 
59.76453777169508 
59.96894229682079 
58.52683358941544 
59.94900986781701 
59.27611040664165 
59.26867544800758 
59.94967135371546 
59.943913086393366 
59.25709951091322 
59.27119237519458 
59.54773959381045 
58.52627370410813 
59.94613006732556 
59.74427887849699 
58.957207311696195 
59.54405330054955 
59.522414421372986 
59.27776583656555 
59.27349156601751 
58.917771237751275 
59.27287645084531 
59.27527361126525 
59.953491917428764 
59.258427240466496 
58.519491598069195 
59.959735277417714 
58.49813714888283 
58.526390995645265 
59.51862598241002 
58.93462122420558 
59.26508312629376 
59.94153928271006 
59.5459925290905 
58.513831775264194 
59.96473913677029 
59.28284710084752 
59.74298995929041 
59.27494371917206 
58.9379621518285 
59.7629422981163 
59.539848932805754 
58.94195365117934 
59.53372149880492 
59.95150206357205 
59.75269273962016 
59.27034189116542 
59.508570971044875 
59.73838983439845 
59.5537648949362 
59.951761080441315 
59.275998673393545 
59.767758796706865 
59.758357812401385 
59.25621410614149 
56.91417135112184 
59.531501892973736 
58.93144464205008 
59.95040462996344 
59.745632637784894 
59.767984256685175 
59.51911135626435 
59.951761080441315 
59.2806888607 
59.27823600861647 
59.26602606312006 
59.23723177029906 
59.51961656117931 
59.945163505050274 
59.763886285717426 
59.762215699632435 
59.76043353592981 
59.51087091470398 
59.2319347712049 
59.26664469740724 
59.93918996759111 
59.52869161154643 
59.54067661024893 
59.25695207677334 
59.94527839716859 
59.74486030100559 
59.94562274453935 
59.95821269317507 
59.76550944166817 
58.94044627555002 
59.27570860469105 
59.9621632541224 
59.52834409332391 
59.958574532758036 
59.52833061973111 
59.75246922009001 
59.28490693688592 
59.96162322221021 
59.53548131111193 
59.95987811852199 
58.95261189482069 
59.95505844466729 
59.76925512959997 
59.75161977066264 
