51.58023158460974 
51.5833780814186 
51.57725101512239 
51.58043664694995 
51.54253013598129 
51.5833780814186 
51.5833780814186 
51.5833780814186 
51.5833780814186 
51.5833780814186 
51.58023158460974 
51.544544506316115 
51.5833780814186 
51.55698335308114 
51.5833780814186 
51.5833780814186 
51.58031265508429 
51.5833780814186 
51.5833780814186 
51.58031265508429 
51.5378990924827 
51.57740416839005 
51.53938767667677 
51.58043664694995 
51.58043664694995 
51.5833780814186 
51.58031265508429 
51.5833780814186 
51.545534540360926 
51.5833780814186 
51.58043664694995 
51.58023158460974 
51.54994307120437 
51.5833780814186 
51.58023158460974 
51.58023158460974 
51.580463542903296 
51.57725101512239 
51.58043664694995 
51.5833780814186 
51.580463542903296 
51.38574330246339 
51.536397611706164 
51.5833780814186 
51.385741222749395 
51.5833780814186 
51.57740539286165 
51.386001652254286 
51.580322946811684 
51.58043664694995 
51.54277402151669 
51.55714778521644 
51.5833780814186 
51.5833780814186 
51.5833780814186 
51.56015166988485 
51.580447912501256 
51.580463542903296 
51.57674707955754 
51.580463542903296 
51.58043664694995 
51.580322946811684 
51.57738645219661 
51.5833780814186 
51.5833780814186 
51.5833780814186 
51.58043664694995 
51.5833780814186 
51.57731056940483 
51.56015166988485 
51.58031265508429 
51.5833780814186 
51.58023158460974 
51.5833780814186 
51.57729690206865 
51.37592190570577 
51.57747446330888 
51.58042504405397 
51.58031265508429 
51.57741509943779 
51.58031265508429 
51.58031265508429 
51.5833780814186 
51.5833780814186 
51.5833780814186 
51.5833780814186 
51.5833780814186 
51.54091698564553 
51.58023158460974 
51.54994307120437 
51.54994307120437 
51.58023158460974 
51.54253013598129 
51.54994307120437 
51.545534540360926 
51.5833780814186 
51.58023158460974 
51.57741509943779 
51.340894104001976 
51.58023158460974 
