59.68121920193136 
59.68121920193136 
59.68121920193136 
59.68121920193136 
59.68121920193136 
59.68054625064959 
59.68053662143729 
59.68121920193136 
59.6601696223629 
59.68121920193136 
59.68121920193136 
59.680553432434124 
59.68053943137513 
59.48756318270742 
59.68121920193136 
59.68121920193136 
58.94705212049794 
59.68053662143729 
59.67983799576776 
59.6601696223629 
59.68053662143729 
59.68053662143729 
59.67985481803565 
59.68052999766742 
59.68053662143729 
59.68121920193136 
59.68053943137513 
59.68053662143729 
59.679847088701656 
59.68052999766742 
59.67984017596604 
59.65886915158536 
59.68121920193136 
59.6739362474617 
59.6601696223629 
59.6805202784563 
59.6805202784563 
59.68121920193136 
59.68052999766742 
59.68121920193136 
59.486047216210736 
58.6285293628163 
59.68121920193136 
59.67788645517319 
59.68121920193136 
59.680553432434124 
59.67983799576776 
59.66877470418453 
59.459593589837176 
58.22375483837188 
59.68121920193136 
59.68121920193136 
59.68052999766742 
59.68053943137513 
59.680553432434124 
59.679857342041956 
59.68121920193136 
59.68053943137513 
59.68121920193136 
59.68121920193136 
59.68121920193136 
59.68121920193136 
59.680553432434124 
59.68121920193136 
59.68121920193136 
59.68121920193136 
59.67985481803565 
59.68053662143729 
59.68121920193136 
59.68054625064959 
59.68121920193136 
59.680553432434124 
59.68053662143729 
59.68121920193136 
59.6805202784563 
59.67985481803565 
59.68121920193136 
59.65859107726572 
59.68053662143729 
59.65886915158536 
59.68052999766742 
59.680553432434124 
59.68053943137513 
59.679857342041956 
59.68121920193136 
59.679870536797814 
59.68121920193136 
59.680553432434124 
59.66081687108028 
59.68053943137513 
59.68121920193136 
59.680553432434124 
59.680553432434124 
59.65859107726572 
59.68121920193136 
59.68121920193136 
59.680553432434124 
59.6805202784563 
59.65886915158536 
59.68052999766742 
