52.21480577882088 
51.74550631147275 
52.204610863494125 
52.42349928267703 
51.40539289197438 
52.41345163626672 
51.9209074459976 
52.39175358580566 
51.97347551143202 
51.67347364274462 
51.347890055545165 
52.413779149766306 
50.33861640913987 
51.631530875237026 
51.9895882117283 
50.9754074120891 
52.1481282410875 
50.940093933741295 
50.97191965309838 
51.71099878554228 
51.359978402407556 
52.139361339098045 
51.01120242307754 
50.8705401144343 
52.187768487009606 
51.7231369365467 
50.95138609587087 
51.978624438353684 
51.670296137672864 
51.96351754622498 
52.39842352266607 
51.34443906566803 
52.430171506644676 
51.97211447719376 
52.34944050122205 
51.72087999291055 
51.7005254817308 
51.38537944724446 
51.722070611621106 
50.96083306723558 
51.96272112980137 
51.30167351438928 
51.72543594332009 
51.9632533391029 
52.21344581203324 
52.449792579369685 
51.69404545298361 
51.716572540741375 
52.429702964424 
51.95801773648644 
50.842772199596226 
50.97959888578935 
51.70666765005813 
52.21783534675913 
51.93460228538764 
51.98836666859629 
51.961001790418095 
51.937493370446454 
50.409225437093006 
51.91638446147774 
51.36037332899714 
51.71593294595813 
51.69044947853385 
52.2136561370897 
51.69404545298361 
51.668911544812396 
50.882758537001536 
51.938988622963855 
50.393775389259815 
51.98247803671064 
51.74353454841106 
51.30160024273484 
52.191296802214865 
51.670896133769986 
52.22743485441667 
50.42864344249551 
50.39252649736991 
51.67424934032493 
51.98430037812065 
51.306987783987154 
52.22204716594102 
52.229898154643905 
51.38662512124663 
52.23687905331178 
52.19287078942791 
51.940370588406566 
51.71426634765513 
51.73679972482061 
52.23372464821706 
51.38690530279933 
51.98494352463142 
51.360572327062734 
52.16875967003224 
51.3564777471281 
51.382810469315864 
51.35472592314861 
51.97947999147376 
51.93437557561699 
52.375696213291434 
51.73718634188679 
