51.5833780814186 
51.58023158460974 
51.550882030896005 
51.55388262122183 
51.5833780814186 
51.55264479855692 
51.37190451446108 
51.53079821452117 
51.532260282603545 
51.5833780814186 
51.57748271172127 
51.5833780814186 
51.58023158460974 
51.580322946811684 
51.580463542903296 
51.580447912501256 
51.580322946811684 
51.545534540360926 
51.580322946811684 
51.58023158460974 
51.58043664694995 
51.57741509943779 
51.5833780814186 
51.58031265508429 
51.5833780814186 
51.580447912501256 
51.57751281206524 
51.580447912501256 
51.580342199955815 
51.580447912501256 
51.58023158460974 
51.5833780814186 
51.58325105553533 
51.577371081757875 
51.5833780814186 
51.5833780814186 
51.58023158460974 
51.58023158460974 
51.54253013598129 
51.5833780814186 
51.5833780814186 
51.580322946811684 
51.58023158460974 
51.57469424265048 
51.5833780814186 
51.57497266477164 
51.58031265508429 
51.58031265508429 
51.5833780814186 
51.580463542903296 
51.580322946811684 
51.580322946811684 
51.580463542903296 
51.580447912501256 
51.57741509943779 
51.58043664694995 
51.58043664694995 
51.57731056940483 
51.54091698564553 
51.58023158460974 
51.58031265508429 
51.5833780814186 
51.580463542903296 
51.580447912501256 
51.57736485651752 
51.580463542903296 
51.580463542903296 
51.580322946811684 
51.580447912501256 
51.5833780814186 
51.5833780814186 
51.5833780814186 
51.58043664694995 
51.57288856237679 
51.58031265508429 
51.580463542903296 
51.58043664694995 
51.58023158460974 
51.57731056940483 
51.56726246312865 
51.57160178201711 
51.580463542903296 
51.58031265508429 
51.58043664694995 
51.58031265508429 
51.580322946811684 
51.5833780814186 
51.56578594992043 
51.5833780814186 
51.5833780814186 
51.5833780814186 
51.58031265508429 
51.58043664694995 
51.5833780814186 
51.580322946811684 
51.54091698564553 
51.5833780814186 
51.5676569759644 
51.580322946811684 
51.58043664694995 
