59.68124906285516 
59.68060971848501 
59.66814473642248 
59.66876700156962 
59.68124906285516 
59.66923626945031 
59.4815203146729 
59.65831344019718 
59.65969062359679 
59.68124906285516 
59.679322115862576 
59.68124906285516 
59.68060971848501 
59.68062080866417 
59.68064935029413 
59.68064671073442 
59.68062080866417 
59.66490944982295 
59.68062080866417 
59.68060971848501 
59.68064429436206 
59.680021376086266 
59.68124906285516 
59.68062637343999 
59.68124906285516 
59.68064671073442 
59.680042206456484 
59.68064671073442 
59.680625244584746 
59.68064671073442 
59.68060971848501 
59.68124906285516 
59.68122301453953 
59.679307814746515 
59.68124906285516 
59.68124906285516 
59.68060971848501 
59.68060971848501 
59.66357750825448 
59.68124906285516 
59.68124906285516 
59.68062080866417 
59.68060971848501 
59.67803558778645 
59.68124906285516 
59.67773694320595 
59.68062637343999 
59.68062637343999 
59.68124906285516 
59.68064935029413 
59.68062080866417 
59.68062080866417 
59.68064935029413 
59.68064671073442 
59.680021376086266 
59.68064429436206 
59.68064429436206 
59.680009738070495 
59.66289400240834 
59.68060971848501 
59.68062637343999 
59.68124906285516 
59.68064935029413 
59.68064671073442 
59.680021341942485 
59.68064935029413 
59.68064935029413 
59.68062080866417 
59.68064671073442 
59.68124906285516 
59.68124906285516 
59.68124906285516 
59.68064429436206 
59.676593338796714 
59.68062637343999 
59.68064935029413 
59.68064429436206 
59.68060971848501 
59.680009738070495 
59.67473229851988 
59.676688836960956 
59.68064935029413 
59.68062637343999 
59.68064429436206 
59.68062637343999 
59.68062080866417 
59.68124906285516 
59.674071913758645 
59.68124906285516 
59.68124906285516 
59.68124906285516 
59.68062637343999 
59.68064429436206 
59.68124906285516 
59.68062080866417 
59.66289400240834 
59.68124906285516 
59.674806572269844 
59.68062080866417 
59.68064429436206 
