48.66036650841574 
48.90499008457143 
48.95263935710269 
48.68456048510166 
47.12876363471719 
48.62062877257435 
48.35847711168431 
48.083998397735684 
48.592478441145055 
48.4063540939589 
48.66937237272533 
47.69355060064144 
48.94689468216723 
48.68102682463224 
49.15325529968227 
48.35116762597054 
48.38155763749708 
48.43273096089637 
48.89733875370515 
48.94655242238941 
48.075864431385924 
48.8354054331386 
47.593497486178 
49.0719494413962 
48.31115794412991 
48.88715481785687 
48.690557970918114 
48.67025200371812 
49.15294659275942 
0.0 
48.07985043713162 
47.68231152477395 
48.6072633923113 
48.06843374027011 
48.903971952875004 
48.89635148400351 
48.68487114685036 
48.679672220361454 
48.37213346596684 
48.418498967429514 
48.445432310331206 
48.680353004017945 
48.64942817087481 
48.434584262666796 
48.42035604623501 
49.050318583942605 
48.89931951738647 
48.40525224805742 
48.688374518780066 
49.14216623228683 
48.46089850969455 
48.89615753492751 
48.40105707799149 
48.846550525013186 
49.12384477240294 
48.939025257485994 
48.36876971012045 
48.734876077833 
49.08864989687941 
48.08288963663048 
48.66952019931523 
48.96279290450633 
48.463132411113705 
48.423902747466386 
48.418227311975734 
46.15493198149696 
48.856979402946656 
48.662696027846515 
48.41808817937051 
48.39563227311417 
48.37290774183128 
49.148581936586915 
49.14743398797667 
48.101414541816595 
48.07733557289355 
48.91735618724002 
48.06058809627332 
48.669852202447665 
48.40045929644389 
48.059530363871154 
48.93023986992937 
49.1325015809925 
48.64335556266383 
48.935426120522926 
47.62513676993367 
48.06058809627332 
48.41329291492645 
48.67312378757124 
48.884325921724695 
48.00627003014926 
48.68780873976567 
48.036267116670714 
48.6155972332072 
48.680997726697406 
47.70586888714491 
48.64372146788807 
47.66343871046264 
48.341147476600646 
48.87549809123117 
47.688665279866605 
