51.391026299398725 
51.391026299398725 
51.39096555704043 
51.39096968399934 
51.391026299398725 
51.39100371539794 
51.38492214164498 
51.39092316495491 
51.39095229093204 
51.391026299398725 
51.3910217211577 
51.391026299398725 
51.391026299398725 
51.39102162077475 
51.391021966242484 
51.3910217211577 
51.39102162077475 
51.39091224049594 
51.39102162077475 
51.391026299398725 
51.3910216175312 
51.39101728760445 
51.391026299398725 
51.391026299398725 
51.391026299398725 
51.3910217211577 
51.39101703927532 
51.3910217211577 
51.39101624415322 
51.3910217211577 
51.391026299398725 
51.391026299398725 
51.391026299398725 
51.391026299398725 
51.391026299398725 
51.391026299398725 
51.391026299398725 
51.391026299398725 
51.390907048210174 
51.391026299398725 
51.391026299398725 
51.39102162077475 
51.391026299398725 
51.39100555391223 
51.391026299398725 
51.39102552066859 
51.391026299398725 
51.391026299398725 
51.3910262794444 
51.391021966242484 
51.39102162077475 
51.39102162077475 
51.391021966242484 
51.3910217211577 
51.39101728760445 
51.3910216175312 
51.3910216175312 
51.391021966242484 
51.39091488503979 
51.391026299398725 
51.391026299398725 
51.391026299398725 
51.391021966242484 
51.3910217211577 
51.3910216175312 
51.391021966242484 
51.391021966242484 
51.39102162077475 
51.3910217211577 
51.391026299398725 
51.391026299398725 
51.391026299398725 
51.3910216175312 
51.391026299398725 
51.391026299398725 
51.391021966242484 
51.3910216175312 
51.391026299398725 
51.391021966242484 
51.3910207919811 
51.39102162077475 
51.391021966242484 
51.391026299398725 
51.3910216175312 
51.391026299398725 
51.39102162077475 
51.391026299398725 
51.3910152453065 
51.391026299398725 
51.391026299398725 
51.391026299398725 
51.391026299398725 
51.3910216175312 
51.391026299398725 
51.39102162077475 
51.39091488503979 
51.391026299398725 
51.39101082713967 
51.39102162077475 
51.3910216175312 
