42.333364280411324 
42.392281068823095 
42.38468059958567 
42.39292899946658 
42.35721084409476 
42.39187564551841 
42.363670230204214 
42.13739312546344 
42.14750265010625 
42.150366107307576 
42.378982239357626 
41.88307851277827 
42.38905289356573 
42.15100674403928 
42.39340326743585 
42.37856079166879 
42.14015583458846 
42.388746081643 
42.39190665072937 
42.39323678361129 
42.383723398613796 
42.3792860258692 
42.14450485725596 
42.39283308615939 
42.380467552321186 
42.3814259757716 
42.39231084531112 
42.37375236574953 
42.39369204701822 
41.53755272665449 
42.34906675472394 
42.37686627022734 
42.39187628873794 
42.361291486711124 
42.392002649672456 
42.38753257968477 
42.379430040403754 
42.35558337978957 
42.149904045256356 
42.163414134852324 
41.901373672833515 
42.38705194639935 
42.167860480659506 
42.140296054848406 
42.37724676108397 
42.380097015529095 
42.393048478291604 
42.38822108799121 
42.37495041445692 
42.389372488438525 
42.38217188577586 
42.37939855925704 
42.38776361756916 
42.386326860338066 
42.388155191337425 
42.39350212349021 
42.16541152867386 
42.38274329281429 
42.39200422890007 
42.154601630758314 
42.38143622201374 
42.39338305855625 
42.16643082478265 
42.158371746945534 
42.329996975632945 
41.53367249513705 
42.381070093265926 
42.38852349906841 
41.89867532441983 
42.39299846638206 
42.1549452960649 
42.393663002889625 
42.393368814969534 
42.15469552425884 
42.36059106939982 
42.39289717294681 
42.12552131593688 
42.15167641182486 
42.154846091618836 
42.15835209698251 
42.39352234200835 
42.388631441384874 
42.388061224633226 
42.393652453126194 
41.850684398453325 
42.12552131593688 
42.38697937725392 
42.39258127502117 
42.377070445158374 
41.56700967493821 
42.38216055688866 
42.35007096885029 
42.382051526593784 
42.37269266867633 
42.139474802478624 
42.15416099474061 
42.14709364663453 
42.15339492368155 
42.1552263771481 
41.55686796813111 
