44.452328922101735 
44.452328922101735 
44.451926020374586 
44.45194587679847 
44.452328922101735 
44.45211957864664 
44.440088280592754 
44.45173594235442 
44.451689107008434 
44.452328922101735 
44.452275057984025 
44.452328922101735 
44.452328922101735 
44.45227192292775 
44.45227258786313 
44.452275057984025 
44.45227192292775 
44.45172020233472 
44.45227192292775 
44.452328922101735 
44.452276186955665 
44.45221558646335 
44.452328922101735 
44.452328922101735 
44.452328922101735 
44.452275057984025 
44.45222232086898 
44.452275057984025 
44.452275057984025 
44.452275057984025 
44.452328922101735 
44.452328922101735 
44.45232826465985 
44.452328922101735 
44.452328922101735 
44.452328922101735 
44.452328922101735 
44.452328922101735 
44.451583008488356 
44.452328922101735 
44.452328922101735 
44.45227192292775 
44.452328922101735 
44.45221827280266 
44.452328922101735 
44.45223574097872 
44.452328922101735 
44.452328922101735 
44.452328922101735 
44.45227258786313 
44.45227192292775 
44.45227192292775 
44.45227258786313 
44.452275057984025 
44.45221558646335 
44.452276186955665 
44.452276186955665 
44.45227258786313 
44.45158255866754 
44.452328922101735 
44.452328922101735 
44.452328922101735 
44.45227258786313 
44.452275057984025 
44.452276186955665 
44.45227258786313 
44.45227258786313 
44.45227192292775 
44.452275057984025 
44.452328922101735 
44.452328922101735 
44.452328922101735 
44.452276186955665 
44.452328922101735 
44.452328922101735 
44.45227258786313 
44.452276186955665 
44.452328922101735 
44.45227258786313 
44.45219101638067 
44.45219095916483 
44.45227258786313 
44.452328922101735 
44.452276186955665 
44.452328922101735 
44.45227192292775 
44.452328922101735 
44.4521908056315 
44.452328922101735 
44.452328922101735 
44.452328922101735 
44.452328922101735 
44.452276186955665 
44.452328922101735 
44.45227192292775 
44.45158255866754 
44.452328922101735 
44.45211301921125 
44.45227192292775 
44.452276186955665 
