44.689115170789826 
44.96982811576949 
44.93889044576003 
45.184507400744636 
44.96071019542632 
45.18300071231866 
45.18323405820255 
45.17620075385567 
44.95003203796899 
45.190066122557916 
43.966208267781745 
42.374481960931604 
45.17293667928715 
45.17877451750122 
45.16419431394935 
44.68286553082514 
45.16839656178902 
45.176349603249356 
45.18717708670434 
44.968133225081566 
45.19380136170624 
44.963140161303286 
45.19080919632593 
45.19074723795802 
45.182288518745764 
45.19085406499331 
45.17810713139455 
45.19359098464243 
45.19102652057512 
44.95216941875399 
45.185691449752554 
45.190501790472396 
45.18781167676242 
45.190894943406455 
44.95942256617881 
45.17330393937073 
45.19092020109352 
44.68806448850175 
44.96440210806866 
44.36295483476703 
45.17995292447901 
45.18480164317988 
44.94597612452265 
44.6806219475634 
45.18744540609233 
44.95666553593211 
44.966707924306476 
45.18653464621013 
45.19407034974692 
45.184721151006435 
44.94621923133952 
45.17186403102973 
45.187705427756114 
44.94404672176341 
44.34652424909751 
44.95515751381848 
44.938802855437004 
45.17315579847458 
44.96378202509354 
44.951726882374935 
45.187117837379574 
45.16405948889255 
44.67781759784056 
45.19380956283259 
45.18501312733478 
45.18426552341973 
45.18621307033191 
45.1682788163931 
45.175603158015534 
45.1847608622778 
44.933204968441196 
45.194174771596515 
45.17639339567301 
45.18500557026241 
44.95181084937582 
45.175603158015534 
45.19076927441862 
45.190709203153475 
45.18463645379149 
45.18301267052874 
44.958865102395336 
44.693763965414455 
45.18338620672742 
44.695675908808056 
45.168590301110555 
45.19042785741398 
45.180677112413385 
44.96570033822769 
44.96607667522402 
45.17941572860474 
45.17049177213694 
45.181167347360486 
45.171836649902815 
44.66887846191017 
45.18587947958691 
45.189562165547834 
45.19064984485549 
45.19432830112823 
44.94971612754798 
44.95706645227281 
