45.14221197881327 
45.191069297288834 
45.18645836901741 
45.18189849490759 
44.68391418841947 
45.19056814519459 
45.18382787865456 
45.168952076937465 
44.949934298454885 
45.17993567135918 
45.19045580508606 
44.37634484082036 
45.191137167853626 
45.187791509805514 
45.1944357040832 
45.18696901556608 
45.18472475112577 
45.18802309035799 
45.193624989385235 
45.19130861013072 
45.186001816998754 
45.189045738050964 
44.95314280435403 
45.19414252745564 
45.190470227861404 
45.185893508263035 
44.968293781842505 
45.18472208237748 
45.19452878353025 
43.33371821707441 
44.955352996631404 
44.95726225281712 
45.190512828057294 
45.1733523137093 
45.18752924097296 
45.19061537650275 
45.187670535693655 
45.17363999589973 
44.95885667070792 
45.1864123277092 
44.960735930925544 
45.19046462932229 
45.18925106628558 
44.95907780584268 
45.18484609549096 
45.19397631935841 
45.19424803912096 
45.1907371100632 
44.967909502862156 
45.19440646782712 
45.17877451750122 
45.189099188296346 
45.18287241095793 
45.191056871177814 
45.19384997168241 
45.19443539282634 
44.966168994583086 
45.19131156728703 
45.193585254084134 
45.184214804021025 
45.17356022316143 
45.1913395688166 
44.96501653911098 
44.961033817897174 
44.94870540210282 
44.35476024696444 
45.19030494903685 
45.187575691440465 
44.94802007343952 
45.18784510171459 
44.96088092827395 
45.194575934957726 
45.19436704348069 
45.18111770712154 
45.157329305369664 
45.19416233246007 
45.173615618491624 
45.17976768169671 
44.96618364711304 
44.95203979836315 
45.194398621734564 
45.19420985796031 
45.189273066477455 
45.19436866725626 
44.362168793404315 
45.173615618491624 
44.95666553593211 
45.187661130732764 
45.19058519800825 
44.96225001821989 
44.95914714780626 
45.17318646256487 
45.18442565250815 
45.17978336439659 
44.689407835488694 
45.18406006420952 
44.69148626695633 
44.96022476914857 
45.190564967513446 
43.96979196778428 
