51.391026299398725 
51.391026299398725 
51.39102162077475 
51.3910216175312 
51.390907048210174 
51.391026299398725 
51.391026299398725 
51.391026299398725 
51.391026299398725 
51.391026299398725 
51.391026299398725 
51.391026299398725 
51.391026299398725 
51.39093267415531 
51.391026299398725 
51.391026299398725 
51.391026299398725 
51.391026299398725 
51.391026299398725 
51.391026299398725 
51.390910306470715 
51.391021966242484 
51.390907048210174 
51.3910216175312 
51.3910216175312 
51.391026299398725 
51.391026299398725 
51.391026299398725 
51.39091224049594 
51.391026299398725 
51.3910216175312 
51.391026299398725 
51.390898529183346 
51.391026299398725 
51.391026299398725 
51.391026299398725 
51.391021966242484 
51.39102162077475 
51.3910216175312 
51.391026299398725 
51.391021966242484 
51.3910216175312 
51.391026299398725 
51.391026299398725 
51.391021966242484 
51.391026299398725 
51.391021597503716 
51.391026299398725 
51.39102162077475 
51.3910216175312 
51.39091224049594 
51.391026299398725 
51.391026299398725 
51.391026299398725 
51.391026299398725 
51.39098090390321 
51.3910217211577 
51.391021966242484 
51.39102594988146 
51.391021966242484 
51.3910216175312 
51.39102162077475 
51.39101704254664 
51.391026299398725 
51.391026299398725 
51.391026299398725 
51.3910216175312 
51.391026299398725 
51.391021966242484 
51.39098090390321 
51.391026299398725 
51.391026299398725 
51.391026299398725 
51.391026299398725 
51.3910216175312 
51.391021966242484 
51.391026299398725 
51.391005250664165 
51.391026299398725 
51.39101728760445 
51.391026299398725 
51.391026299398725 
51.391026299398725 
51.391026299398725 
51.391026299398725 
51.391026299398725 
51.391026299398725 
51.39091488503979 
51.391026299398725 
51.390898529183346 
51.390898529183346 
51.391026299398725 
51.390907048210174 
51.390898529183346 
51.39091224049594 
51.391026299398725 
51.391026299398725 
51.39101728760445 
51.39089962969569 
51.391026299398725 
