44.45232741939961 
44.45232741939961 
44.45177091906804 
44.451940980523005 
44.45232741939961 
44.45206856409625 
44.44345533493877 
44.45184711077894 
44.44825565135402 
44.45232741939961 
44.452269799307 
44.45232741939961 
44.45232741939961 
44.45226866242294 
44.45226785490755 
44.452269799307 
44.45226866242294 
44.45148537134075 
44.45226866242294 
44.45232741939961 
44.452266647664864 
44.45220909550487 
44.45232741939961 
44.45232741939961 
44.45232741939961 
44.452269799307 
44.452209025144974 
44.452269799307 
44.45224314552945 
44.452269799307 
44.45232741939961 
44.45232741939961 
44.452325990302505 
44.45232741939961 
44.45232741939961 
44.45232741939961 
44.45232741939961 
44.45232741939961 
44.4516591434023 
44.45232741939961 
44.45232741939961 
44.45226866242294 
44.45232741939961 
44.45210713115218 
44.45232741939961 
44.45228923397805 
44.45232741939961 
44.45232741939961 
44.45232741939961 
44.45226785490755 
44.45226866242294 
44.45226866242294 
44.45226785490755 
44.452269799307 
44.45220909550487 
44.452266647664864 
44.452266647664864 
44.45226785490755 
44.45164792971967 
44.45232741939961 
44.45232741939961 
44.45232741939961 
44.45226785490755 
44.452269799307 
44.452266647664864 
44.45226785490755 
44.45226785490755 
44.45226866242294 
44.452269799307 
44.45232741939961 
44.45232741939961 
44.45232741939961 
44.452266647664864 
44.45232741939961 
44.45232741939961 
44.45226785490755 
44.452266647664864 
44.45232741939961 
44.45226785490755 
44.45224492126699 
44.45226866242294 
44.45226785490755 
44.45232741939961 
44.452266647664864 
44.45232741939961 
44.45226866242294 
44.45232741939961 
44.452244157995025 
44.45232741939961 
44.45232741939961 
44.45232741939961 
44.45232741939961 
44.452266647664864 
44.45232741939961 
44.45226866242294 
44.45164792971967 
44.45232741939961 
44.452242695635874 
44.45226866242294 
44.452266647664864 
