51.411772215947735 
51.64013593167593 
51.638680531545425 
51.637079156026445 
51.63714349505007 
51.64025648651035 
51.63876221492671 
51.64024102121998 
51.41704134337138 
51.640181649144616 
51.41104431907664 
51.64023535359003 
51.64023974577662 
51.63874299097007 
51.64012710737084 
51.63864397425343 
51.63876241561941 
51.640246605687295 
51.640200607954476 
51.63575351159325 
51.64023145674464 
51.41614096945582 
51.63711328749494 
51.41611552296394 
50.82037359106993 
51.63510098107817 
51.63647358191453 
51.63876796844419 
51.638594969208434 
51.63725998458774 
51.63858697108281 
51.147844012452026 
51.64007103896301 
51.64019122043567 
51.6387123432695 
51.63718198427726 
51.64021174833946 
51.640190124230365 
51.6400990652461 
51.64009518932302 
51.638792013864936 
51.63724165057922 
51.63794954735985 
51.640197861158235 
51.41450379096545 
51.640247029645245 
51.637980873413184 
51.63872006890432 
51.637242554430735 
51.64014923673239 
51.64016568799551 
51.634251615252474 
51.638720235908295 
51.64019145240146 
51.64020498397351 
51.63861727431648 
51.41538611159118 
51.63854561891602 
51.640136920575074 
51.64012244892478 
51.637194089707634 
51.63278664568596 
48.832178844703236 
51.41618516119514 
51.63645455693917 
51.640188521913466 
51.640099397627 
51.41700868501074 
51.640114189359814 
51.41271696695149 
51.637972171646915 
51.640266627272595 
51.64018428635211 
51.63730622545014 
