44.452330486577885 
44.452330486577885 
44.4522789137204 
44.452279239923996 
44.45171523819967 
44.452330486577885 
44.452330486577885 
44.452330486577885 
44.452330486577885 
44.452330486577885 
44.452330486577885 
44.452330486577885 
44.452330486577885 
44.451864181453246 
44.452330486577885 
44.452330486577885 
44.452330486577885 
44.452330486577885 
44.452330486577885 
44.452330486577885 
44.45170077642718 
44.45228306673936 
44.45171523819967 
44.452279239923996 
44.452279239923996 
44.452330486577885 
44.452330486577885 
44.452330486577885 
44.451738862355135 
44.452330486577885 
44.452279239923996 
44.452330486577885 
44.45167114867127 
44.452330486577885 
44.452330486577885 
44.452330486577885 
44.45228306673936 
44.4522789137204 
44.452279239923996 
44.452330486577885 
44.45228306673936 
44.452279239923996 
44.452330486577885 
44.452330486577885 
44.45228306673936 
44.452330486577885 
44.45227901867021 
44.452330486577885 
44.4522789137204 
44.452279239923996 
44.451738862355135 
44.452330486577885 
44.452330486577885 
44.452330486577885 
44.452330486577885 
44.45208005513462 
44.45228002579215 
44.45228306673936 
44.4523266388921 
44.45228306673936 
44.452279239923996 
44.4522789137204 
44.45222845453596 
44.452330486577885 
44.452330486577885 
44.452330486577885 
44.452279239923996 
44.452330486577885 
44.45228306673936 
44.45208005513462 
44.452330486577885 
44.452330486577885 
44.452330486577885 
44.452330486577885 
44.452279239923996 
44.45228306673936 
44.452330486577885 
44.452198325977875 
44.452330486577885 
44.45223149218667 
44.452330486577885 
44.452330486577885 
44.452330486577885 
44.452330486577885 
44.452330486577885 
44.452330486577885 
44.452330486577885 
44.451751254345524 
44.452330486577885 
44.45167114867127 
44.45167114867127 
44.452330486577885 
44.45171523819967 
44.45167114867127 
44.451738862355135 
44.452330486577885 
44.452330486577885 
44.45223149218667 
44.4516995955889 
44.452330486577885 
