42.3890456864478 
42.15439520643504 
42.16762511816322 
42.385304864236794 
42.149850767396984 
42.38843245443626 
42.3852988854105 
42.39215427533112 
42.381701518386386 
42.36658534058847 
42.379106183235955 
42.16893620024995 
41.563062070791446 
42.15117354325887 
42.393688132275095 
41.14242095910976 
42.37005678801375 
42.130297573705754 
42.14446668026472 
42.387851550672515 
41.578252149257104 
42.16502365388791 
42.35919663113177 
41.55911640417506 
42.38860641567717 
42.11969016077315 
42.139798185672696 
42.149932191864146 
42.39275716066449 
42.14829694472533 
42.38920206770477 
42.36580577456676 
42.39390954709118 
42.383613213057785 
42.373467186081626 
42.39329756042408 
42.381993668720554 
42.387125844336026 
41.89882301709876 
41.87081292138134 
42.387820800724434 
42.12482876746075 
42.15328699063603 
42.383324013052956 
42.3843724322516 
42.39390055527373 
42.38327325170315 
42.366687648994294 
42.3935921745174 
42.16243850860916 
42.140524815482905 
41.56026043073967 
42.38876351950874 
42.393018570128554 
42.38751864341712 
42.14031255822607 
42.13971111275948 
42.38707040327186 
41.533479038773194 
42.1511486481199 
42.358484974117026 
42.37910722436476 
42.38414846037452 
42.39213878974063 
42.38327325170315 
41.87447821396985 
42.36094147692118 
42.162476351248806 
42.38267925591937 
42.38783107833839 
42.36184884913856 
41.87345318444205 
42.38754160772823 
42.374405617344244 
42.39349078116142 
42.09572134246261 
41.57594869048517 
41.893094902288205 
42.38402630826604 
42.357924231169065 
42.388972033099435 
42.37694478470649 
42.15235080492769 
42.392488751211154 
42.39152733048214 
42.38700967738616 
42.161749699862966 
42.3801964376253 
42.373613247582966 
42.14926823030966 
42.380249489379175 
42.1575431240277 
42.15922640392231 
41.57121195895783 
41.89550064690722 
42.36834220761375 
42.370324207490064 
42.377152922720846 
42.38349450368679 
42.3756435093774 
