45.17154526748964 
45.18116580764318 
44.698008603181705 
45.18776823628733 
45.16904695950326 
44.96574145334038 
45.18170058253994 
44.68859197613452 
45.17490917312234 
45.17633603177132 
44.92789083836407 
43.95927457794476 
45.17782904945094 
45.18633851109011 
45.18222202083343 
44.69077021711088 
45.16033436236641 
45.18101086314419 
45.186926296679694 
45.184758868961005 
44.96437908477609 
45.181735137183395 
45.187291843181455 
45.193723621822265 
45.19019253781248 
45.18763940644594 
45.190399732596795 
45.18732139664125 
45.19107693794132 
44.95741529998131 
45.18416603397967 
45.18751250800376 
44.96829796530858 
45.18765278096423 
44.964706046058076 
44.94586027789412 
45.19080611425463 
44.94208632653968 
45.16364125786538 
44.95655142971454 
45.18758909573696 
45.19100706450606 
45.17808067701922 
45.181444751839166 
45.18724976430442 
45.19013031969174 
44.96661706653373 
45.18655349348383 
45.19398414221048 
45.18596981587795 
44.947742418202346 
44.95323839233175 
44.69595657491547 
44.952852995473634 
44.351654230693185 
44.96035187137946 
44.93866043212915 
45.17437414267491 
45.18077955339093 
45.16232184335153 
45.17321873782111 
44.938739674333526 
44.673456645075106 
45.19379911481138 
45.184974283982015 
45.18249710418816 
45.19081226941802 
45.158816514609164 
45.1896401962044 
44.96079894360958 
45.1653450518546 
45.188022050960384 
44.960600899603925 
45.18653019900402 
44.95166278070997 
45.1896401962044 
45.19357555453382 
45.18752120458995 
45.18311772357261 
45.18422812999121 
45.18267571273492 
44.69987040633046 
45.18648640927381 
44.697799400869194 
44.94388115003098 
45.18424334437144 
45.182392982614935 
44.9583597381674 
44.95859197996951 
45.18358238423506 
44.939111511106105 
45.16874917257009 
44.94241572328734 
44.934686362179384 
45.18105568011037 
45.19102420413774 
45.19066113237267 
45.1943134924756 
45.18433623206857 
44.95343738239279 
