42.16862422278496 
42.15186593226408 
42.383592499954055 
42.39386536194157 
42.16246465569632 
42.3929330922188 
42.383977674723035 
42.38349620500866 
42.39273387368702 
42.37553577949526 
41.57452340050826 
42.38922729900265 
42.1309508671297 
42.38491345863605 
42.39360985156702 
41.1469184451407 
42.15459999792359 
42.36353026297947 
42.14897267067673 
42.391937646988445 
41.8949881134087 
42.388347896157484 
41.883244559663034 
42.374806508122084 
42.38879752261539 
42.3614716309083 
42.15967483502482 
42.37920056601358 
42.388179912416824 
42.37948186648794 
42.39344946795003 
42.38295641529304 
42.39392819978947 
42.37305781331355 
42.37784557369263 
42.389259055936826 
42.388312335409694 
42.36991719921357 
42.148006189309356 
42.376324796508634 
42.38599800433384 
42.14217088517718 
42.155861271975866 
42.38135929740088 
42.38878032093777 
42.393856469547686 
42.387432246367034 
42.366688543278286 
42.39368849959364 
42.15753974639486 
42.36907906832514 
41.54928579722907 
42.39254178890485 
42.16839627629595 
42.379143750293835 
42.153306555567085 
42.358205234492964 
42.38703863887716 
42.11423743025051 
42.15955000926078 
41.554946933662634 
42.379245894884676 
42.392653344198386 
42.38565898320153 
42.387432246367034 
42.14743611791536 
42.362955511908275 
42.37958609906076 
42.37685214339027 
42.3794497193679 
42.359594719700176 
42.12446705721716 
42.387796531794855 
42.37247922802749 
42.393243267298516 
42.36616161593661 
42.15081401251285 
42.37547187018227 
42.375388885532026 
42.35175682269039 
42.39335578656569 
42.388486538381976 
42.13714250141563 
42.38635598792553 
42.38076502007755 
42.3764186550211 
41.89440469169181 
42.377912599256874 
42.38448025708602 
42.14429381070944 
42.388424935956095 
42.38782325998051 
42.39096495419502 
41.889605888811296 
41.574943696835724 
42.38061503909965 
42.15745177190926 
42.37505326686315 
42.39238277600597 
42.35714590911351 
