51.64021231511585 
51.6401662189803 
51.64023585808029 
51.640256068900214 
51.63345138359841 
51.64018691694265 
51.635693022312665 
51.63423228113602 
51.640193946037456 
51.64010539835947 
51.63574627422015 
51.63420690660966 
51.41540143477944 
51.14982287298153 
51.64009089220069 
51.63560714482677 
51.14994286757899 
51.41709616364509 
51.638655972076215 
51.6343190237367 
51.414451379457596 
51.41444939137968 
51.415368364188545 
51.15398865701876 
51.64020469453636 
51.41094793793359 
51.14982986956732 
51.640211134378866 
51.41179939787123 
51.14373353048211 
51.637096033389106 
51.409247055406766 
51.63570568276355 
51.64018056090255 
51.63727033590375 
51.14462032544998 
51.64026911205144 
51.4119565382252 
51.63859621339931 
51.152986877723954 
51.41265985411104 
51.64018441255969 
51.637288486510045 
51.41361009408929 
51.63868840638304 
51.64014074801424 
51.63134862992032 
51.4162238567448 
51.4169457751221 
51.64017184697798 
51.640270239876266 
51.64016869048448 
51.63420492995415 
51.63729120969744 
51.63353030462122 
51.41529618488299 
51.40069080378517 
51.638678358298804 
51.629079090617054 
51.6401585050593 
51.63870418280341 
51.64022451433759 
51.63857823231219 
51.64016869048448 
51.632804556332104 
51.6328138748498 
51.41705823921366 
51.634155836359085 
51.635717543946946 
51.640232698578664 
51.63430593160261 
51.638757838093156 
51.64021886083926 
51.63349038787712 
51.40917515891565 
51.63130657599229 
51.640062518836196 
51.63577429534003 
51.640240932097896 
51.63422507697606 
51.64013533574709 
51.63867926043683 
51.640156067221845 
51.6401695016006 
51.638683234398556 
51.41529522461822 
51.410964624861414 
51.64023496141482 
51.4169637100042 
51.640230339727395 
51.63571650311253 
51.64016062886656 
51.638768957124384 
51.640253692493545 
51.63722015839347 
51.64019122043567 
51.41447467651421 
51.640208048637206 
51.63583104151872 
51.63866371112415 
