42.024100364098516 
41.80037270913835 
42.0264642335723 
42.01844945964513 
42.02826759059877 
41.79824150868012 
41.795191123934835 
41.7773158324719 
42.01389338888438 
42.027813362390745 
42.027930204810964 
42.028619615595396 
42.02817712092738 
41.9851062159102 
42.02809370245975 
42.028714772546465 
42.028791081604105 
42.00964177438426 
42.02732332842175 
42.02846476765503 
42.01163531157338 
42.014094037048736 
41.80265357424728 
41.803757556672444 
42.02856854056086 
42.02846534340169 
42.01855837912882 
42.02809272707301 
41.98881013021682 
42.0163251664799 
42.009167114030255 
42.027722804875175 
41.8036340089014 
42.027584386633826 
42.02363199755706 
42.014594479061785 
42.011159400497604 
42.02787135375521 
42.02134101616931 
41.795532518630324 
41.795075900338816 
41.80385866694661 
42.02138371740213 
42.02843964025456 
41.98983457933045 
42.0233182436024 
42.02730692770234 
42.027589703594565 
42.028613275385176 
42.00432925895049 
42.02853452586516 
42.028748142449 
41.80034866632147 
42.028232199576806 
41.80113970388886 
42.01537664519941 
42.02787135375521 
42.02790456629287 
41.98960446898905 
42.01392289654596 
41.769215936376966 
42.002235068369394 
42.02823047426239 
42.02796716634289 
42.00941914326307 
42.00530015459276 
42.00288591735385 
42.028668763131506 
42.02799251019349 
42.02758893726626 
42.02861937331478 
42.01664568128554 
