51.39102623577349 
51.39102623577349 
51.39095645483346 
51.39095525364881 
51.39102623577349 
51.39098909850467 
51.38566847759014 
51.39091203357272 
51.39090474963255 
51.39102623577349 
51.39102134814605 
51.39102623577349 
51.39102623577349 
51.391021066211515 
51.3910210933178 
51.39102134814605 
51.391021066211515 
51.39090912021343 
51.391021066211515 
51.39102623577349 
51.39102142164173 
51.391015923737406 
51.39102623577349 
51.39102623577349 
51.39102623577349 
51.39102134814605 
51.39101653399798 
51.39102134814605 
51.39102134814605 
51.39102134814605 
51.39102623577349 
51.39102623577349 
51.39102617594707 
51.39102623577349 
51.39102623577349 
51.39102623577349 
51.39102623577349 
51.39102623577349 
51.39088154910912 
51.39102623577349 
51.39102623577349 
51.391021066211515 
51.39102623577349 
51.391010128358296 
51.39102623577349 
51.39100872473729 
51.39102623577349 
51.39102623577349 
51.39102623577349 
51.3910210933178 
51.391021066211515 
51.391021066211515 
51.3910210933178 
51.39102134814605 
51.391015923737406 
51.39102142164173 
51.39102142164173 
51.3910210933178 
51.39088155227195 
51.39102623577349 
51.39102623577349 
51.39102623577349 
51.3910210933178 
51.39102134814605 
51.39102142164173 
51.3910210933178 
51.3910210933178 
51.391021066211515 
51.39102134814605 
51.39102623577349 
51.39102623577349 
51.39102623577349 
51.39102142164173 
51.39102623577349 
51.39102623577349 
51.3910210933178 
51.39102142164173 
51.39102623577349 
51.3910210933178 
51.3909986295177 
51.39100466426274 
51.3910210933178 
51.39102623577349 
51.39102142164173 
51.39102623577349 
51.391021066211515 
51.39102623577349 
51.39099860992349 
51.39102623577349 
51.39102623577349 
51.39102623577349 
51.39102623577349 
51.39102142164173 
51.39102623577349 
51.391021066211515 
51.39088155227195 
51.39102623577349 
51.390988534180295 
51.391021066211515 
51.39102142164173 
