51.39102623577349 
51.39102623577349 
51.39102623577349 
51.39102623577349 
51.39102623577349 
51.39102134814605 
51.39102623577349 
51.39102623577349 
51.39091333371724 
51.39102623577349 
51.39102623577349 
51.391021066211515 
51.39102623577349 
51.38950034362012 
51.39102623577349 
51.39102623577349 
51.161477959975144 
51.39102623577349 
51.3910210933178 
51.39091333371724 
51.39102623577349 
51.39102623577349 
51.391015923737406 
51.39102142164173 
51.39102623577349 
51.39102623577349 
51.39102623577349 
51.39102623577349 
51.39102142164173 
51.39102142164173 
51.3910210933178 
51.390917539058286 
51.39102623577349 
51.39100957915953 
51.39091333371724 
51.3910210933178 
51.3910210933178 
51.39102623577349 
51.39102142164173 
51.39102623577349 
51.39102623577349 
50.90040094876016 
51.39102623577349 
51.39102623577349 
51.39102623577349 
51.391021066211515 
51.3910210933178 
51.3909555718171 
51.39088532617975 
51.15093973784354 
51.39102623577349 
51.39102623577349 
51.39102142164173 
51.39102623577349 
51.391021066211515 
51.39101653399798 
51.39102623577349 
51.39102623577349 
51.39102623577349 
51.39102623577349 
51.39102623577349 
51.39102623577349 
51.391021066211515 
51.39102623577349 
51.39102623577349 
51.39102623577349 
51.391015923737406 
51.39102623577349 
51.39102623577349 
51.39102134814605 
51.39102623577349 
51.391021066211515 
51.39102623577349 
51.39102623577349 
51.3910210933178 
51.391015923737406 
51.39102623577349 
51.39102623577349 
51.39102623577349 
51.390917539058286 
51.39102142164173 
51.391021066211515 
51.39102623577349 
51.39101653399798 
51.39102623577349 
51.391021066211515 
51.39102623577349 
51.391021066211515 
51.39088154910912 
51.39102623577349 
51.39102623577349 
51.391021066211515 
51.391021066211515 
51.39102623577349 
51.39102623577349 
51.39102623577349 
51.391021066211515 
51.3910210933178 
51.390917539058286 
51.39102142164173 
