45.19120587447208 
44.96035840835438 
44.96976745160062 
45.18838128721428 
44.95697376835688 
45.19089067837316 
45.18882699852635 
45.19369086318857 
45.18609664667482 
45.17563452365498 
45.184308312250764 
44.97043512121084 
44.37082240888243 
44.958166700651425 
45.19448492084118 
43.95160014997821 
45.17788400484624 
44.942768372860144 
44.95317236026095 
45.19059417251586 
44.38176183172801 
44.967904380113694 
45.17005914808412 
44.36800538366323 
45.19098193330815 
44.93523258162648 
44.949732038272884 
44.9570294858207 
45.19401119665919 
44.9556623335553 
45.19129359764887 
45.174801564502836 
45.19459443618857 
45.187514517816105 
45.18050962492213 
45.194279775110225 
45.18624541832464 
45.190205094503526 
44.70250694481821 
44.68248309677278 
45.190576418801946 
44.938919851166624 
44.95927270813895 
45.187369807232685 
45.18791934704846 
45.19458471424471 
45.187344131918806 
45.17524686605428 
45.19442645492909 
44.96605031342611 
44.950609668418615 
44.36859212166958 
45.19106079555652 
45.19414206599344 
45.19042378698012 
44.94999750275445 
44.94968962758074 
45.190193430083305 
44.34937951195039 
44.95815403660372 
45.16968161324494 
45.18431196329405 
45.1877967276669 
45.193687819595226 
45.187344131918806 
44.685000799822504 
45.171399093470804 
44.96606139735465 
45.18703341179627 
45.19058331120358 
45.1718700113153 
44.6844641372343 
45.19043866699091 
45.18099553123444 
45.19439094737965 
44.91822392233957 
44.379795962954816 
44.698311417241406 
45.187731269951094 
45.169399369780336 
45.191177823059384 
45.18276039044375 
44.95877927493646 
45.193877764535884 
45.193376600071865 
45.190157648900005 
44.965696430108885 
45.184890043308194 
45.180149757714304 
44.95666412428314 
45.184903725297396 
44.962504160112516 
44.963881389444616 
44.37657123771744 
44.700172258960706 
45.17654811463697 
45.17801098580648 
45.182858383484806 
45.18746297207447 
45.182079806717475 
