51.39102617466656 
51.39102617466656 
51.390925854327826 
51.39095488345609 
51.39102617466656 
51.390978510377565 
51.387178025545914 
51.39093577193449 
51.389383942147155 
51.39102617466656 
51.39102094672843 
51.39102617466656 
51.39102617466656 
51.39102084530742 
51.39102073538875 
51.39102094672843 
51.39102084530742 
51.39086223414672 
51.39102084530742 
51.39102617466656 
51.39102062557491 
51.39101540600954 
51.39102617466656 
51.39102617466656 
51.39102617466656 
51.39102094672843 
51.39101539761668 
51.39102094672843 
51.391015509553526 
51.39102094672843 
51.39102617466656 
51.39102617466656 
51.39102604485399 
51.39102617466656 
51.39102617466656 
51.39102617466656 
51.39102617466656 
51.39102617466656 
51.39089758371689 
51.39102617466656 
51.39102617466656 
51.39102084530742 
51.39102617466656 
51.39098804117309 
51.39102617466656 
51.39101968941425 
51.39102617466656 
51.39102617466656 
51.39102617466656 
51.39102073538875 
51.39102084530742 
51.39102084530742 
51.39102073538875 
51.39102094672843 
51.39101540600954 
51.39102062557491 
51.39102062557491 
51.39102073538875 
51.39089510198343 
51.39102617466656 
51.39102617466656 
51.39102617466656 
51.39102073538875 
51.39102094672843 
51.39102062557491 
51.39102073538875 
51.39102073538875 
51.39102084530742 
51.39102094672843 
51.39102617466656 
51.39102617466656 
51.39102617466656 
51.39102062557491 
51.39102617466656 
51.39102617466656 
51.39102073538875 
51.39102062557491 
51.39102617466656 
51.39102073538875 
51.391009633049286 
51.39102084530742 
51.39102073538875 
51.39102617466656 
51.39102062557491 
51.39102617466656 
51.39102084530742 
51.39102617466656 
51.391009563377374 
51.39102617466656 
51.39102617466656 
51.39102617466656 
51.39102617466656 
51.39102062557491 
51.39102617466656 
51.39102084530742 
51.39089510198343 
51.39102617466656 
51.39101546920242 
51.39102084530742 
51.39102062557491 
