44.970264778386856 
44.95853365148046 
45.18751869298091 
45.19456462791437 
44.96605718489267 
45.194096570908826 
45.187706245541065 
45.18745394971007 
45.19399870549236 
45.182016360245015 
44.3790469411956 
45.19130278411493 
44.94361719922897 
45.18862946533291 
45.194442154094034 
43.95494891191967 
44.96046830698482 
45.17317855286333 
44.956521651075654 
45.19357945899276 
44.69991854469548 
45.19085515590373 
44.69137716330152 
45.18121359860243 
45.19107941986602 
45.17167582430448 
44.96410532251866 
45.18436616206595 
45.19076289065721 
45.18450115639044 
45.1943684939572 
45.18718248811216 
45.19460112045345 
45.179856324720326 
45.18364918868643 
45.191311829843855 
45.19082884293113 
45.17778953296679 
44.955502608917364 
45.18243287921551 
45.18919303358409 
44.951467969652256 
44.96111368920515 
45.18591263197501 
45.1910760228069 
45.19456124070947 
45.19037149387513 
45.17524690425201 
45.19447528933203 
44.96249103217172 
45.17736361677169 
44.36060948904145 
45.19388804826523 
44.970155887735146 
45.184335030601865 
44.959281856591055 
45.16954329149989 
45.190174623505165 
44.93138659750723 
44.96404059115049 
44.365064908380525 
45.18438313250906 
45.19394938615122 
45.18901347252997 
45.19037149387513 
44.95521653081591 
45.1728782930448 
45.18455325955902 
45.18270269792226 
45.18448896084879 
45.17026057510721 
44.93872096594509 
45.190569809824 
45.1795606586401 
45.19425860042517 
45.174977253876115 
44.95747598556017 
45.18154531896118 
45.1815044268836 
45.16488966040647 
45.19432031880677 
45.1909298260368 
44.94783750950733 
45.18938905872935 
45.18561109998651 
45.182480931346085 
44.699603776025334 
45.18326657105526 
45.18796641513681 
44.95306613245186 
45.1908843808116 
45.190579945116205 
45.193080766496315 
44.69589789569387 
44.37925652331014 
45.185522634773434 
44.96244392097118 
45.18133276109114 
45.19381803788595 
45.16855809923257 
