41.87630157953672 
42.375190367483235 
42.13190287262525 
42.38168179881686 
42.14036077173737 
42.15979755061471 
42.39266804729634 
42.36047687095433 
42.37290267181833 
42.376468174410284 
42.13994287601361 
40.55268999646194 
42.358722378376335 
42.3802782106894 
42.361437817042656 
42.35955059193067 
42.36899996256952 
42.3722380155949 
42.382891127943 
42.15093875181491 
42.38407924746863 
42.38853540118913 
42.37775220029169 
42.383480073368986 
42.38288474040546 
42.38881313261435 
42.38067207967259 
42.39217988166216 
42.39289024711201 
42.16505886335018 
42.36566294252911 
42.38771229964 
42.388397275880166 
42.38800308500984 
42.156053083864116 
42.149911765183404 
42.39235948274843 
41.56288336446149 
41.86473571732729 
41.86454097249336 
42.392390354825444 
42.39265226487885 
42.1498442213373 
42.384219895703836 
42.147399795348896 
42.38321193808337 
42.163882267684116 
42.375797445769635 
42.39286367732063 
42.3819201741181 
41.8799797884202 
41.87700292505974 
42.15043149549067 
42.36956083945874 
42.36125224231169 
42.14990814982622 
42.34412001453634 
42.367612950169054 
42.151272388784314 
42.13220194980895 
42.36546770037808 
42.122543352201184 
41.87332266623615 
42.38805733741281 
42.380281795492415 
42.38077054586072 
42.392687896513365 
42.12545933740545 
42.15843491257111 
42.1554395782694 
42.141797409768785 
42.38454561676053 
42.36824666278793 
42.37614433551007 
41.86841817519062 
42.37798887874391 
42.38344132411902 
42.38361596468904 
42.38157451623655 
42.38593093850094 
42.37709417436586 
41.88657533525778 
42.38233880531387 
41.57424643908299 
42.347969684785014 
42.370374948078734 
42.372000749062536 
42.36387987208562 
42.15707792792974 
42.38224061965642 
42.15783870699577 
42.137293808270876 
42.359518971279726 
42.34569436335836 
42.37914182722568 
42.38427083053047 
42.16019598811839 
42.3933818916611 
42.152372464285015 
42.14231466939411 
