41.839766731467286 
41.8392323729261 
41.83989464731241 
41.8401798097455 
41.81755859855954 
41.83948169630139 
41.82483392032302 
41.820317734290704 
41.8395331816058 
41.83867540568398 
41.82537258339233 
41.82003030013299 
41.609999896917074 
41.33797925735238 
41.83855689504602 
41.82400206365596 
41.33914659178265 
41.615132706277144 
41.834249508287755 
41.82112310512135 
41.60631237362495 
41.606367509511195 
41.60962583879033 
41.3514121771512 
41.83964530782334 
41.59488666858688 
41.338051705831276 
41.839732478024324 
41.59755357143581 
41.31950400125929 
41.82881034631059 
41.589652365886245 
41.82494742403838 
41.83939815042141 
41.83049860807971 
41.32127655478849 
41.8403588914001 
41.599121030708794 
41.83372422173816 
41.34844730437229 
41.60018966287876 
41.839460109198626 
41.83067221777242 
41.60384977959214 
41.834639902234684 
41.8390489836505 
41.81161244161959 
41.612336887478975 
41.61370422310579 
41.83934737327416 
41.840392283907015 
41.839305929519554 
41.82007800314972 
41.83070206299467 
41.81834060707283 
41.60893644624804 
41.562971261038875 
41.83454941664628 
41.80405982691891 
41.839210748543216 
41.83469289786838 
41.83986977656305 
41.83355397169244 
41.839305929519554 
41.8161342759427 
41.816203316647936 
41.61478841110303 
41.819557845173016 
41.82504213851514 
41.83995607332859 
41.82104509698751 
41.835295234157684 
41.83980574098498 
41.817936691034475 
41.588919703721494 
41.81124941675768 
41.8382361456657 
41.82563260998003 
41.84004397589626 
41.82020822153051 
41.83894010197226 
41.834525218038465 
41.83919081730353 
41.839278022833504 
41.834487064776766 
41.60891203178588 
41.59507128847753 
41.83991922610772 
41.61381124856601 
41.83988663184973 
41.82506196908521 
41.83922235504392 
41.835365598581625 
41.84011108252616 
41.8299982323019 
41.83960818934176 
41.60657116632706 
41.83969294894097 
41.82622411285428 
41.83432394028436 
