44.452330486577885 
44.452330486577885 
44.452330486577885 
44.452330486577885 
44.452330486577885 
44.45228002579215 
44.452330486577885 
44.452330486577885 
44.4516995955889 
44.452330486577885 
44.452330486577885 
44.4522789137204 
44.452330486577885 
44.4522789137204 
44.452330486577885 
44.452330486577885 
44.20119934786663 
44.452330486577885 
44.45228306673936 
44.4516995955889 
44.452330486577885 
44.452330486577885 
44.45223149218667 
44.452279239923996 
44.452330486577885 
44.452330486577885 
44.452330486577885 
44.452330486577885 
44.452279239923996 
44.452279239923996 
44.45228306673936 
44.45167114867127 
44.452330486577885 
44.45218521769112 
44.4516995955889 
44.45228306673936 
44.45228306673936 
44.452330486577885 
44.452279239923996 
44.452330486577885 
44.452330486577885 
44.20374817152278 
44.452330486577885 
44.452330486577885 
44.452330486577885 
44.4522789137204 
44.45228306673936 
44.452022813640255 
44.44819113459778 
44.418733512655514 
44.452330486577885 
44.452330486577885 
44.452279239923996 
44.452330486577885 
44.4522789137204 
44.45222877734576 
44.452330486577885 
44.452330486577885 
44.452330486577885 
44.452330486577885 
44.452330486577885 
44.452330486577885 
44.4522789137204 
44.452330486577885 
44.452330486577885 
44.452330486577885 
44.45223149218667 
44.452330486577885 
44.452330486577885 
44.45228002579215 
44.452330486577885 
44.4522789137204 
44.452330486577885 
44.452330486577885 
44.45228306673936 
44.45223149218667 
44.452330486577885 
44.452330486577885 
44.452330486577885 
44.45167114867127 
44.452279239923996 
44.4522789137204 
44.452330486577885 
44.45222877734576 
44.452330486577885 
44.4522789137204 
44.452330486577885 
44.4522789137204 
44.45171523819967 
44.452330486577885 
44.452330486577885 
44.4522789137204 
44.4522789137204 
44.452330486577885 
44.452330486577885 
44.452330486577885 
44.4522789137204 
44.45228306673936 
44.45167114867127 
44.452279239923996 
