44.68656070296463 
45.18140368917967 
44.94411132028382 
45.186082543942476 
44.95001202963375 
44.96417754388427 
45.19395803289857 
45.17116537097653 
45.17978457697549 
45.18250298329504 
44.94979805460866 
43.36313106107321 
45.169812326605324 
45.18492058654151 
45.17166280438171 
45.17023719471711 
45.17732440416116 
45.17943424256826 
45.18714515333975 
44.957539962153135 
45.187766750269056 
45.19093572138982 
45.18317399663834 
45.187447568907984 
45.18714877999374 
45.19109800450538 
45.18555374127248 
45.19369678349272 
45.194083388616654 
44.96790990022704 
45.17471518372193 
45.19051259175069 
45.19086761445097 
45.19067029801864 
44.9612078884999 
44.957010113372924 
45.19380596877337 
44.370723747381575 
44.67811314455467 
44.67801361011042 
45.193808374002195 
45.193948790004555 
44.95698256335396 
45.18782957768699 
44.955202410043434 
45.18730466242408 
44.96680437674012 
45.18216017842629 
45.19406710699678 
45.18620443290821 
44.68907643597624 
44.68691580957033 
44.95728496474766 
45.17761323184427 
45.1715641698683 
44.95700518389964 
45.15918513874673 
45.17616314601612 
44.95822905313619 
44.94425921446694 
45.17461918348033 
44.93722027355971 
44.68440577731419 
45.19070041668849 
45.18491564950784 
45.18560988545616 
45.19398130153916 
44.939752053967915 
44.96295611679639 
44.96088523410376 
44.951277267750555 
45.188003988747475 
45.1765018585453 
45.1819051748026 
44.68063096534296 
45.1832985703649 
45.187426690761185 
45.18752128171522 
45.18602595371749 
45.189151647719065 
45.182835467543796 
44.69371422016062 
45.18643000766318 
44.37889776115021 
45.162054839018914 
45.17803593818353 
45.17932219360354 
45.17336511784527 
44.96226095564236 
45.186803086452 
44.96265393327968 
44.94792056837636 
45.17023162868681 
45.16044510469051 
45.18431852140568 
45.18784589293188 
44.964370661251834 
45.1943176397503 
44.958795022832994 
44.9515476407681 
