44.45232741939961 
44.45232741939961 
44.45232741939961 
44.45232741939961 
44.45232741939961 
44.452269799307 
44.45232741939961 
44.45232741939961 
44.45155883180112 
44.45232741939961 
44.45232741939961 
44.45226866242294 
44.45232741939961 
44.44889155948521 
44.45232741939961 
44.45232741939961 
44.434192852604625 
44.45232741939961 
44.45226785490755 
44.45155883180112 
44.45232741939961 
44.45232741939961 
44.45220909550487 
44.452266647664864 
44.45232741939961 
44.45232741939961 
44.45232741939961 
44.45232741939961 
44.452266647664864 
44.452266647664864 
44.45226785490755 
44.45155054828638 
44.45232741939961 
44.452115694344755 
44.45155883180112 
44.45226785490755 
44.45226785490755 
44.45232741939961 
44.452266647664864 
44.45232741939961 
44.45232741939961 
44.42579265675216 
44.45232741939961 
44.45232741939961 
44.45232741939961 
44.45226866242294 
44.45226785490755 
44.45194546877931 
44.44816319627547 
44.19360221333246 
44.45232741939961 
44.45232741939961 
44.452266647664864 
44.45232741939961 
44.45226866242294 
44.452209025144974 
44.45232741939961 
44.45232741939961 
44.45232741939961 
44.45232741939961 
44.45232741939961 
44.45232741939961 
44.45226866242294 
44.45232741939961 
44.45232741939961 
44.45232741939961 
44.45220909550487 
44.45232741939961 
44.45232741939961 
44.452269799307 
44.45232741939961 
44.45226866242294 
44.45232741939961 
44.45232741939961 
44.45226785490755 
44.45220909550487 
44.45232741939961 
44.45232741939961 
44.45232741939961 
44.45155054828638 
44.452266647664864 
44.45226866242294 
44.45232741939961 
44.452209025144974 
44.45232741939961 
44.45226866242294 
44.45232741939961 
44.45226866242294 
44.4516591434023 
44.45232741939961 
44.45232741939961 
44.45226866242294 
44.45226866242294 
44.45232741939961 
44.45232741939961 
44.45232741939961 
44.45226866242294 
44.45226785490755 
44.45155054828638 
44.452266647664864 
