42.34939383722701 
42.39280030895577 
42.393113359841074 
42.378165275411796 
41.55882026514894 
42.387585632493305 
42.36394921307856 
42.14528869053895 
41.877423554254825 
42.374812767144185 
42.38080509878794 
41.57046766367732 
42.39314363714931 
42.38650108931119 
42.39371150442144 
42.378740661492635 
42.1504316291302 
42.384547336531945 
42.39209977027104 
42.38496516520985 
42.16276919902487 
42.37766563106107 
42.36774895199012 
42.38905101067253 
42.15452619046185 
42.381307175015685 
42.39200051118733 
41.89668779329254 
42.393642628184445 
41.13406258886268 
42.14722710801437 
42.37959098187853 
42.38135490394185 
42.37465979385429 
42.39245314348026 
42.38807204728629 
42.39276151799539 
42.35162792534436 
42.14532588657228 
42.16340577014838 
41.90145762938453 
42.38563967767666 
42.15568160153641 
41.88640786733511 
42.37106677856653 
42.393102287198495 
42.39292343305443 
42.16837297366434 
42.383224632033915 
42.38927923027841 
42.3802782106894 
42.167795738266044 
42.381130162201494 
42.38230927980648 
42.168059502463265 
42.3934581857746 
41.90152502955552 
42.38499167541351 
42.391880174275535 
42.36638362314947 
42.388040889726 
42.393535697274025 
42.16399334353932 
42.15813005699287 
42.140674007955944 
41.12298211009057 
42.39131807990109 
42.37982646948698 
42.15343581039765 
42.392722620711275 
42.15482437849471 
42.39384835093607 
42.39356142371144 
42.391759295954685 
42.33897610492649 
42.39286929887133 
42.13778552747758 
42.37485821744657 
42.15749841908052 
42.37759330755497 
42.39356329429286 
42.39326571567164 
42.379484653944075 
42.3936730321592 
42.113286556637426 
42.13778552747758 
42.38321193808337 
42.392914987993585 
42.37739731926139 
42.150001302076426 
42.388525374174385 
42.14600659205423 
42.386429544039636 
42.38591733542348 
41.57536377697199 
42.14712844399017 
42.142344429635465 
42.156967886824766 
42.37042199106375 
41.56070655751697 
