37.9063800852745 
37.899045214581875 
37.90640123794292 
37.90635450938978 
37.90256813624481 
37.90637779879639 
37.90640671519255 
37.90640540494681 
37.906350805203346 
37.906269739364305 
37.906372820886624 
37.90640751791286 
37.89532465634669 
37.90269741661694 
37.906408155184074 
36.904457091881795 
37.906261479774365 
37.90618651439177 
37.90089465963659 
37.90639935165105 
37.89727418633022 
37.90640619120864 
37.906293880243354 
37.899050183170864 
37.90640399780381 
37.90231874263393 
37.906264347785694 
37.90640791174048 
37.906403487259595 
37.90271795893868 
37.906380898611125 
37.9062919906019 
37.906408417668516 
37.90638035480932 
37.90631246880042 
37.90640722461556 
37.90637705117856 
37.906403531266626 
37.902758268415816 
37.90266753363598 
37.90640544491039 
37.902446848068045 
37.902566390873595 
37.90634505011294 
37.90640453895897 
37.90640819134499 
37.906348386787116 
37.90624855227702 
37.906408156292926 
37.90640147367603 
37.9026730675044 
37.89538245909096 
37.906408155184074 
37.90640527569242 
37.90640509428823 
37.90632494227343 
37.90257159527198 
37.90636726188772 
37.63713477147171 
37.90272299963037 
37.90616756182535 
37.90631847848473 
37.906408122887335 
37.9064021940246 
37.906348386787116 
37.89905932861469 
37.9062935115934 
37.89913221486318 
37.9063489546495 
37.90637170675878 
37.906212121668844 
37.64139515780621 
37.90637091626105 
37.906286506022184 
37.90640685715943 
37.90258339223113 
37.63488911116758 
37.641367161333676 
37.906405258230755 
37.9062406976801 
37.90637975096568 
37.90630417688722 
37.906405487970915 
37.906407112414165 
37.90639715108981 
37.906399207376104 
37.90636957148424 
37.906283812764656 
37.90609357236626 
37.90260984079105 
37.90640783126465 
37.90271915186293 
37.902738527008125 
37.637016407475755 
37.89727255465368 
37.9062520195795 
37.90625091943897 
37.90629096107214 
37.90635002707124 
37.90627231749019 
