43.07072847005219 
43.07072847005219 
43.07072847005219 
43.070728438133855 
43.070727808308014 
43.07072847005219 
43.07072847005219 
43.07072847005219 
43.07072847005219 
43.07072847005219 
43.07072847005219 
43.07072847005219 
43.07072847005219 
43.07072847005219 
43.07072847005219 
43.07072847005219 
43.07072847005219 
43.07072847005219 
43.07072847005219 
43.07072847005219 
43.07072847005219 
43.0707284381362 
43.070727808308014 
43.070728438133855 
43.070728438133855 
43.07072847005219 
43.07072847005219 
43.07072847005219 
43.070727661083865 
43.07072847005219 
43.070728438133855 
43.07072847005219 
43.070727704326934 
43.07072847005219 
43.07072847005219 
43.07072847005219 
43.0707284381362 
43.07072847005219 
43.070728438133855 
43.07072847005219 
43.0707284381362 
43.070728438133855 
43.07072847005219 
43.07072847005219 
43.07072201317941 
43.07072847005219 
43.070728438133855 
43.07072847005219 
43.07072847005219 
43.070728438133855 
43.070727661083865 
43.07072847005219 
43.07072847005219 
43.07072847005219 
43.07072847005219 
43.07072807685914 
43.07072847005219 
43.0707284381362 
43.07072847005219 
43.0707284381362 
43.070728438133855 
43.07072847005219 
43.07072847005219 
43.07072847005219 
43.07072847005219 
43.07072847005219 
43.070728438133855 
43.07072847005219 
43.0707284381362 
43.07072807685914 
43.07072847005219 
43.07072847005219 
43.07072847005219 
43.07072847005219 
43.070728438133855 
43.0707284381362 
43.07072847005219 
43.070728434710645 
43.07072847005219 
43.0707284381362 
43.07072847005219 
43.07072847005219 
43.07072847005219 
43.07072847005219 
43.07072847005219 
43.07072847005219 
43.07072847005219 
43.07072847005219 
43.07072847005219 
43.070727704326934 
43.070727704326934 
43.07072847005219 
43.070727808308014 
43.070727704326934 
43.070727661083865 
43.07072847005219 
43.07072847005219 
43.0707284381362 
43.07072847005219 
43.07072847005219 
