43.07072847008701 
43.07072847008701 
43.07072847008701 
43.07072847008701 
43.07072847008701 
43.07072847008701 
43.07072847008701 
43.07072847008701 
43.07072847008701 
43.07072847008701 
43.07072847008701 
43.07072847008701 
43.07072847008701 
43.07072847008701 
43.07072847008701 
43.07072847008701 
43.06894025461911 
43.07072847008701 
43.070728440134374 
43.07072847008701 
43.07072847008701 
43.07072847008701 
43.070728440134374 
43.07072844196467 
43.07072847008701 
43.07072847008701 
43.07072847008701 
43.07072847008701 
43.07072844196467 
43.07072844196467 
43.070728440134374 
43.070727894295494 
43.07072847008701 
43.0707284167711 
43.07072847008701 
43.070728440134374 
43.070728440134374 
43.07072847008701 
43.07072844196467 
43.07072847008701 
43.07072847008701 
42.80468165675054 
43.07072847008701 
43.07072847008701 
43.07072847008701 
43.07072847008701 
43.070728440134374 
43.07072816466113 
43.070728128137695 
43.06893396303378 
43.07072847008701 
43.07072847008701 
43.07072844196467 
43.07072847008701 
43.07072847008701 
43.07072844196467 
43.07072847008701 
43.07072847008701 
43.07072847008701 
43.07072847008701 
43.07072847008701 
43.07072847008701 
43.07072847008701 
43.07072847008701 
43.07072847008701 
43.07072847008701 
43.070728440134374 
43.07072847008701 
43.07072847008701 
43.07072847008701 
43.07072847008701 
43.07072847008701 
43.07072847008701 
43.07072847008701 
43.070728440134374 
43.070728440134374 
43.07072847008701 
43.07072847008701 
43.07072847008701 
43.070727894295494 
43.07072844196467 
43.07072847008701 
43.07072847008701 
43.07072844196467 
43.07072847008701 
43.07072847008701 
43.07072847008701 
43.07072847008701 
43.0707277522396 
43.07072847008701 
43.07072847008701 
43.07072847008701 
43.07072847008701 
43.07072847008701 
43.07072847008701 
43.07072847008701 
43.07072847008701 
43.070728440134374 
43.070727894295494 
43.07072844196467 
