43.278449574590795 
43.278449061879584 
43.27844951429867 
43.27843446102152 
43.27585712601864 
43.27844937653884 
43.27843696116662 
43.2784491290345 
43.278449547787744 
43.27844905615759 
43.27844897686079 
43.27841885215141 
43.278449591274814 
43.27843701216734 
43.278449353620175 
43.27673114267935 
43.012504576511006 
43.27844954731661 
43.27844326523608 
43.27844940092349 
43.2784492487463 
43.27843133104787 
43.27844958172401 
43.27843116652334 
43.278449351815034 
43.27500006655715 
43.278424516046385 
43.27844955601454 
43.274996973671165 
43.273260792723434 
42.27246286129229 
43.27499722033731 
43.27844352683105 
43.278449140876724 
43.27844937195099 
43.27842190802204 
43.27844966717659 
43.278437383169546 
43.27843706114275 
43.27843726633076 
43.27844926406601 
43.278449512727875 
43.27844953157905 
42.69261781477028 
43.278449656813876 
43.27844328443094 
43.278437073541944 
43.278443356890826 
43.2784490353029 
43.27844333808529 
43.2784496667966 
43.27844319847535 
43.27842447991016 
43.27844938213588 
43.27843417647977 
43.276738036598026 
43.27838824564225 
43.2784402649624 
43.01455213801315 
43.27844942258292 
43.278449527776466 
43.27844943108572 
43.278449598295936 
43.27844319847535 
43.278431274556254 
43.278443049558106 
43.27844312368901 
43.278442822521264 
43.278421938616496 
43.27844962295983 
43.27841023626103 
43.27844959374528 
43.278449344124404 
43.27501183515761 
43.27843687144847 
43.27499972832311 
43.27844289962056 
43.278431249041326 
43.27844961365325 
43.278434080111595 
43.27844937126539 
43.27844352237368 
43.278449604253495 
43.278448961219354 
43.27844906590556 
43.278443418170646 
43.2784125180615 
43.27844944306817 
43.27844935855839 
43.27844958473917 
43.278443169555196 
43.27844937126539 
43.278449625534826 
43.2784495659352 
43.27844937126539 
43.27844949496664 
43.278418741948755 
43.27844950164197 
43.278449598295936 
43.27844940965442 
