43.070728470128245 
43.070728470128245 
43.070728470128245 
43.07072844093989 
43.07072775463054 
43.070728470128245 
43.070728470128245 
43.070728470128245 
43.070728470128245 
43.070728470128245 
43.070728470128245 
43.070728470128245 
43.070728470128245 
43.070728470128245 
43.070728470128245 
43.070728470128245 
43.070728470128245 
43.070728470128245 
43.070728470128245 
43.070728470128245 
43.070728470128245 
43.070728441797414 
43.07072775463054 
43.07072844093989 
43.07072844093989 
43.070728470128245 
43.070728470128245 
43.070728470128245 
43.0707278604733 
43.070728470128245 
43.07072844093989 
43.070728470128245 
43.07072778856331 
43.070728470128245 
43.070728470128245 
43.070728470128245 
43.070728441797414 
43.070728470128245 
43.07072844093989 
43.070728470128245 
43.070728441797414 
43.07072844093989 
43.070728470128245 
43.070728470128245 
43.070728441797414 
43.070728470128245 
43.07072844093989 
43.070728470128245 
43.070728470128245 
43.07072844093989 
43.0707278604733 
43.070728470128245 
43.070728470128245 
43.070728470128245 
43.070728470128245 
43.07072823246871 
43.070728470128245 
43.070728441797414 
43.070728470128245 
43.070728441797414 
43.07072844093989 
43.070728470128245 
43.070728470128245 
43.070728470128245 
43.070728470128245 
43.070728470128245 
43.07072844093989 
43.070728470128245 
43.070728441797414 
43.07072823246871 
43.070728470128245 
43.070728470128245 
43.070728470128245 
43.070728470128245 
43.07072844093989 
43.070728441797414 
43.070728470128245 
43.070728399612555 
43.070728470128245 
43.070728441797414 
43.070728470128245 
43.070728470128245 
43.070728470128245 
43.070728470128245 
43.070728470128245 
43.070728470128245 
43.070728470128245 
43.070728470128245 
43.070728470128245 
43.07072778856331 
43.07072778856331 
43.070728470128245 
43.07072775463054 
43.07072778856331 
43.0707278604733 
43.070728470128245 
43.070728470128245 
43.070728441797414 
43.070728470128245 
43.070728470128245 
