43.278442855819144 
43.27844893909636 
43.27844941652097 
43.27843669284368 
43.278442910543966 
43.278449609360464 
43.278449667252715 
43.278449667252715 
43.27844934371575 
43.278449465258234 
43.27670418563495 
43.278449467055125 
43.278449630790824 
43.27844326981719 
43.27844926143356 
43.27844294881997 
43.278449625114945 
43.278449590884556 
43.27844943787113 
43.27842508624278 
43.27844951907488 
43.27844906423307 
43.27844326005728 
43.27502393075861 
43.01042435329639 
43.27842525882888 
43.27843103629886 
43.27844958259461 
43.27844285325307 
43.278437303253156 
43.278430602647504 
43.275009269762606 
43.27844905803955 
43.2784495164742 
43.27844319526911 
43.27843738043754 
43.278449512009416 
43.27844934291237 
43.27844902156397 
43.278449662696254 
43.278449655025234 
43.27844958936961 
43.27843995616788 
43.27844960935953 
43.275018405851156 
43.278449559797785 
43.27843722873575 
43.27844943311899 
43.27844950839128 
43.27844929202161 
43.278449221364326 
43.278430827110974 
43.27844326053882 
43.278449253534276 
43.2784494113004 
43.27844263145599 
43.27673212835307 
43.278442916985796 
43.2784491609302 
43.27844906902349 
43.278436799132955 
43.2784307770684 
40.69261284381571 
43.27502466099743 
43.27844954570809 
43.27844941396748 
43.27844966125473 
43.278449285535864 
43.27844918757153 
43.276731996807406 
43.27844020713738 
43.278449667252715 
43.27844936122047 
43.278437441945464 
