37.28772736051922 
37.28772736051922 
37.28772263400436 
37.28772342879912 
37.28772736051922 
37.2877269728227 
37.28772657555535 
37.287722075150604 
37.287690853077166 
37.28772736051922 
37.28772736051922 
37.28772736051922 
37.28772736051922 
37.28772736051922 
37.28772657568433 
37.28772736051922 
37.28772736051922 
37.28771838518831 
37.28772736051922 
37.28772736051922 
37.28772657555535 
37.28772657568433 
37.28772736051922 
37.28772736051922 
37.28772736051922 
37.28772736051922 
37.28772657555535 
37.28772736051922 
37.28772736051922 
37.28772736051922 
37.28772736051922 
37.28772736051922 
37.28772735320144 
37.28772736051922 
37.28772736051922 
37.28772736051922 
37.28772736051922 
37.28772736051922 
37.28771963199661 
37.28772736051922 
37.28772736051922 
37.28772736051922 
37.28772736051922 
37.287725028310625 
37.28772736051922 
37.2877270638694 
37.28772736051922 
37.28772736051922 
37.28772736051922 
37.28772657568433 
37.28772736051922 
37.28772736051922 
37.28772657568433 
37.28772736051922 
37.28772657568433 
37.28772657555535 
37.28772657555535 
37.28772657568433 
37.28772736051922 
37.28772736051922 
37.28772736051922 
37.28772736051922 
37.28772657568433 
37.28772736051922 
37.28772657555535 
37.28772657568433 
37.28772657568433 
37.28772736051922 
37.28772736051922 
37.28772736051922 
37.28772736051922 
37.28772736051922 
37.28772657555535 
37.28772736051922 
37.28772736051922 
37.28772657568433 
37.28772657555535 
37.28772736051922 
37.28772657568433 
37.28772736051922 
37.28772736051922 
37.28772657568433 
37.28772736051922 
37.28772657555535 
37.28772736051922 
37.28772736051922 
37.28772736051922 
37.28772736051922 
37.28772736051922 
37.28772736051922 
37.28772736051922 
37.28772736051922 
37.28772657555535 
37.28772736051922 
37.28772736051922 
37.28772736051922 
37.28772736051922 
37.28772736051922 
37.28772736051922 
37.28772657555535 
