43.07072847008701 
43.07072847008701 
43.070728204314655 
43.07072816333964 
43.07072847008701 
43.070728451854656 
43.07072844196467 
43.070727905761544 
43.0707281949497 
43.07072847008701 
43.07072847008701 
43.07072847008701 
43.07072847008701 
43.07072847008701 
43.070728440134374 
43.07072847008701 
43.07072847008701 
43.07072787215017 
43.07072847008701 
43.07072847008701 
43.07072844196467 
43.070728440134374 
43.07072847008701 
43.07072847008701 
43.07072847008701 
43.07072847008701 
43.07072844196467 
43.07072847008701 
43.07072847008701 
43.07072847008701 
43.07072847008701 
43.07072847008701 
43.070728469916794 
43.07072847008701 
43.07072847008701 
43.07072847008701 
43.07072847008701 
43.07072847008701 
43.0707277522396 
43.07072847008701 
43.07072847008701 
43.07072847008701 
43.07072847008701 
43.070728393407514 
43.07072847008701 
43.070728469023194 
43.07072847008701 
43.07072847008701 
43.07072847008701 
43.070728440134374 
43.07072847008701 
43.07072847008701 
43.070728440134374 
43.07072847008701 
43.070728440134374 
43.07072844196467 
43.07072844196467 
43.070728440134374 
43.07072847008701 
43.07072847008701 
43.07072847008701 
43.07072847008701 
43.070728440134374 
43.07072847008701 
43.07072844196467 
43.070728440134374 
43.070728440134374 
43.07072847008701 
43.07072847008701 
43.07072847008701 
43.07072847008701 
43.07072847008701 
43.07072844196467 
43.07072847008701 
43.07072847008701 
43.070728440134374 
43.07072844196467 
43.07072847008701 
43.070728440134374 
43.07072847008701 
43.07072847008701 
43.070728440134374 
43.07072847008701 
43.07072844196467 
43.07072847008701 
43.07072847008701 
43.07072847008701 
43.07072847008701 
43.07072847008701 
43.07072847008701 
43.07072847008701 
43.07072847008701 
43.07072844196467 
43.07072847008701 
43.07072847008701 
43.07072847008701 
43.07072847008701 
43.07072847008701 
43.07072847008701 
43.07072844196467 
