35.571835346454186 
35.57206968772174 
35.57207555888681 
35.57202339102295 
35.29717193058423 
35.572001548301564 
35.57173415866834 
35.56671371771257 
35.55912698148453 
35.571954126403476 
35.572071513533245 
34.973004730907384 
35.572076410275635 
35.571967483217236 
35.57207769143907 
35.57195986079448 
35.566874472389024 
35.57196860780116 
35.57206759582799 
35.57207615108858 
35.57206501162172 
35.57186286717729 
35.571771504859946 
35.57202373868014 
35.5719120983442 
35.571927312837715 
35.572070049771824 
35.306440820802024 
35.572076768737155 
34.984279846392184 
35.566836939574095 
35.57202368767122 
35.572007182462194 
35.57180571378018 
35.57206962725296 
35.57206517243925 
35.57207660255472 
35.571576684832166 
35.56640451702739 
35.57207782308008 
35.559525814004196 
35.57207763588491 
35.57191341267348 
35.572019000717525 
35.571805811830416 
35.57207655702683 
35.57206940534578 
35.56704367360231 
35.571952501382164 
35.57202607862068 
35.57189359134453 
35.56704600088793 
35.5719272642263 
35.57206712074764 
35.56706265089639 
35.572074079369806 
35.30649715628097 
35.57207860467896 
35.5720656762437 
35.57189295443802 
35.572064227614796 
35.572077976270556 
35.5720786877983 
35.56645778363352 
35.56632528798968 
34.96171729605931 
35.572050242344176 
35.5719123135812 
35.56155861394895 
35.5720621883588 
35.57195633664078 
35.57207872284795 
35.57207496275899 
35.57205558179126 
35.571223559815294 
35.572071199412264 
35.571701571210106 
35.57191445047049 
35.57205605588688 
35.571993901429394 
35.57207483227568 
35.57207401681122 
35.57189990429648 
35.57207468035581 
35.55883665016941 
35.571701571210106 
35.571909513096735 
35.57206812971067 
35.57207363117909 
35.55401112465193 
35.57206382497755 
35.57195255072712 
35.572061775016735 
35.57195751523868 
35.29442883648925 
35.56662017419689 
35.56677815615991 
35.57196207427123 
35.572015153198 
35.29129312154915 
