35.57207262752962 
35.56676941104829 
35.57195693739338 
35.57207815891854 
35.56668601853121 
35.572072658625366 
35.57202389294964 
35.572071777127064 
35.57207098877437 
35.57177407196461 
34.98455840773378 
35.57207590588183 
35.5666070943525 
35.57196962680365 
35.57207782308008 
35.30039818373317 
35.566796563409014 
35.57185028668264 
35.56689802447805 
35.572053885738725 
35.30338225836269 
35.572022430580354 
35.30327251942937 
35.57187707165343 
35.57206855742674 
35.57134082080604 
35.57200220501607 
35.57207398128133 
35.572012412819454 
35.57195487205636 
35.572076224210015 
35.57205558179126 
35.572078712059096 
35.57194630311179 
35.571884395294546 
35.57207626451294 
35.57206787280984 
35.57200533725004 
35.57196051484465 
35.57198917283081 
35.572071462045876 
35.56645543628867 
35.55669498214426 
35.57189612069218 
35.57206821557022 
35.57207753048171 
35.57201140876021 
35.57177370034857 
35.572078552316306 
35.57201104415342 
35.57178594077412 
35.29700518847822 
35.57207782308008 
35.57206841824392 
35.57202084755038 
35.57202427037602 
35.57163643437228 
35.57198952659712 
35.56674573139279 
35.56436335952144 
35.55671749233187 
35.5719017279784 
35.57207442475533 
35.5720621883588 
35.57201140876021 
35.56675465141021 
35.57190130718977 
35.57200614072117 
35.57188813458212 
35.5719006069579 
35.57170113968442 
35.57171422958794 
35.572003757421186 
35.571837243464245 
35.57207430729207 
35.57182943671346 
35.5667134131952 
35.57180288410586 
35.57201911341202 
35.57170184461794 
35.57207393719376 
35.57198622816423 
35.572019911028924 
35.571974002910814 
35.571922536397906 
35.572054879261806 
35.306412577930224 
35.57186549976597 
35.57173253371 
35.566693172483475 
35.57202199124226 
35.572011073979496 
35.57204041457485 
35.297193012101 
34.98439575003659 
35.5719226235372 
35.56676172451569 
35.571845566002864 
35.57206681137057 
35.571603307629026 
