35.26776845930603 
35.267740126447485 
35.267738711561655 
35.26758999827375 
35.26776477970967 
35.267567308083045 
35.262277838325176 
35.259148076719384 
35.2674999297623 
35.267762051786534 
35.267766796414364 
35.267770752182926 
35.26776390688225 
35.26669149903718 
35.26775812392946 
35.26776893054145 
35.267770752182926 
35.26754039068075 
35.26776704605226 
35.267766126737314 
35.26775258431625 
35.26770456624785 
35.26775235246247 
35.26776973891628 
35.26776634118606 
35.26776872128951 
35.26764398603833 
35.26776905644135 
35.25662978603516 
35.26765093744939 
35.2677532742275 
35.26776337405514 
35.267656281647575 
35.267754695795176 
35.267763514882226 
35.26770902197123 
35.26770904390872 
35.26775752086077 
35.267764144174734 
35.262396711894255 
35.26770154182656 
35.267768632496924 
35.26765626281343 
35.26776976277099 
35.00197412346009 
35.26769863510887 
35.26775666895432 
35.267770368031705 
35.26776972112988 
35.00170124898702 
35.26776800944906 
35.267767839641 
35.25719730895331 
35.267770431958105 
35.26776574000408 
35.2677614132511 
35.26775752086077 
35.26776570258278 
34.992368323870615 
35.267594618668475 
35.26707931385708 
35.26757756090555 
35.267762051786534 
35.26770761082159 
35.26738457737674 
35.26730920695687 
35.267569820396666 
35.26776858736825 
35.26776931566957 
35.26775908122899 
35.26776985972432 
35.26770266301543 
