35.267768188359554 
35.26246158410777 
35.26774153212467 
35.26764267119402 
35.26776272627829 
35.25969160109228 
35.25717024318436 
35.261938325700164 
35.26758213079923 
35.26775966127917 
35.26776288785634 
35.26777075214805 
35.26776300601442 
35.26680284485821 
35.26776276994239 
35.26776836019034 
35.26777075214805 
35.26748373236611 
35.267764858667626 
35.26776825866824 
35.2676429035886 
35.267764244406735 
35.26774944026703 
35.26776969329939 
35.26776847538357 
35.26776826766607 
35.26764925569265 
35.26776657659488 
35.26727773350155 
35.26776430073056 
35.26752802076359 
35.26775699880787 
35.26253830376314 
35.26775835627056 
35.26770439901321 
35.2677034307958 
35.26776360534914 
35.26775642946343 
35.267647531312726 
35.24924491838061 
35.26250525586695 
35.26776982920843 
35.26765429649258 
35.26776792135394 
35.26742478415889 
35.26775657238373 
35.26775245300917 
35.267768480928744 
35.267767554569886 
35.26752423629393 
35.26776860041163 
35.26776906892672 
35.26253468896268 
35.267768570000335 
35.25991720790412 
35.26759215069513 
35.26775642946343 
35.26775989424779 
35.26682738515872 
35.26759441727403 
35.26205492688138 
35.26732504276508 
35.26775966127917 
35.267762944773104 
35.267528173089545 
35.26744397408035 
35.267600827351835 
35.267767502954364 
35.26776950849515 
35.26775641676871 
35.26776987262818 
35.267619381983906 
