37.90628300287937 
37.90640528030705 
37.90640733424644 
37.906380215656824 
37.63488128018051 
37.90637198275804 
37.90622987857396 
37.902609835310784 
37.897146570620244 
37.9063465265973 
37.90640578200219 
37.31133059219082 
37.906407733483974 
37.90635151862701 
37.90640814065138 
37.9063487357597 
37.90269301985401 
37.90635202052567 
37.906404402396134 
37.90640749705186 
37.906403389361024 
37.90629706686439 
37.906251464706585 
37.90638022864409 
37.906323048231386 
37.90633276687436 
37.90640521450939 
37.64151589191142 
37.90640788703211 
37.31946826941589 
37.90267509370998 
37.906380352182744 
37.906374081906456 
37.906268027953814 
37.906405153522364 
37.906403296093885 
37.906407731204666 
37.90614792635457 
37.9024482261233 
37.906408176700296 
37.89735711946564 
37.90640801525582 
37.90632371229394 
37.906378568697754 
37.906268192455194 
37.90640771865447 
37.90640500985284 
37.902783163961765 
37.90634594225726 
37.906381064566936 
37.906312507220804 
37.90278405124858 
37.906332670824774 
37.906404216814025 
37.90279011318619 
37.90640681750391 
37.641546088386626 
37.90640839156568 
37.906403572120695 
37.90631216687563 
37.90640306378285 
37.90640816376928 
37.90640841447076 
37.90247585636015 
37.90240708728686 
37.303187036472856 
37.90639778862322 
37.90632318996007 
37.89891779894012 
37.906402365807864 
37.90634729908598 
37.90640842411442 
37.906407142896434 
37.90639983430723 
37.90596598272389 
37.906405750797454 
37.90621378902081 
37.90632402478464 
37.90639999213484 
37.906365280120056 
37.90640713463603 
37.906406745215605 
37.906318623283 
37.90640709270121 
37.89699953457563 
37.90621378902081 
37.906325948166874 
37.90640457663765 
37.906406584207794 
37.893476836114694 
37.90640284304197 
37.9063459559785 
37.90640219723357 
37.906347788278566 
37.632843662661514 
37.90256341442767 
37.902641664744266 
37.906349481745664 
37.90637698812941 
37.630607631722256 
