43.278448878761886 
43.27844879969036 
43.27843723240989 
43.27844894206919 
43.27844326560864 
43.27844346890948 
43.27844966713859 
43.27844966725259 
43.278449269628574 
43.27844943357579 
43.27844297689618 
43.27844943484286 
43.278449587366495 
43.27843119541845 
43.27844944374796 
43.27844327166006 
43.27844964723211 
43.278449654082976 
43.27844326523608 
43.27843720533832 
43.27844959458409 
43.27843702135419 
43.27844944650145 
43.01250373701847 
43.01042804563323 
43.27843725990365 
43.278428187202145 
43.278449551019804 
43.27843084326187 
43.278449475932504 
43.27840330895761 
43.278436963155954 
43.27842476604073 
43.27844949496664 
43.278449334823094 
43.27842197217531 
43.27844951364674 
43.27844945163534 
43.278437185092784 
43.278449597234946 
43.27844957907506 
43.27844965518562 
43.27843699152423 
43.278449587366495 
43.27587544932742 
43.278449462982636 
43.278437249762625 
43.27844943108572 
43.278449452885916 
43.27844919581591 
43.27844312494393 
43.27671029758031 
43.27844943307179 
43.27844921155794 
43.27844958274647 
43.2784399225251 
43.27844964696409 
43.278436862409684 
43.278449216072765 
43.27843091796596 
43.27842799461455 
43.27841570311501 
43.27843385322344 
43.01250440694068 
43.27844950213217 
43.27844953138716 
43.27844959587091 
43.278449309400294 
43.27843102565393 
43.27672578382725 
43.27844944374796 
43.27844966725259 
43.27844957701866 
43.27844964696409 
