37.89895369566362 
37.906348421470994 
37.89546214952335 
37.9063516880809 
37.90258006458735 
37.90637612576476 
37.90640591517673 
37.90635005548813 
37.90632230496484 
37.90639856532388 
37.902511816200764 
37.29458480736475 
37.90634447830626 
37.906312507220804 
37.90626714279593 
37.90625392300662 
37.90629616083371 
37.90636879296463 
37.906407760387665 
37.906337666531584 
37.90637548023002 
37.90637656411285 
37.9063091967867 
37.90637804058174 
37.90634978888791 
37.90640570149263 
37.906332670824774 
37.90640453481476 
37.90640341541354 
37.90640226069604 
37.906265794841936 
37.90636879296463 
37.9063802003678 
37.906374587723136 
37.89352988272432 
37.906322353919684 
37.906400209930396 
37.634916575042695 
37.906380562521576 
37.900782603959975 
37.90640421791168 
37.90640060265115 
37.90267608895672 
37.906376779727786 
37.906294135837314 
37.906325948166874 
37.90637953407989 
37.90633836363619 
37.906403465972915 
37.90640404848076 
37.64142925244022 
37.89906656110899 
37.90637655790201 
37.90632523945185 
37.906157492143244 
37.90635233316705 
37.90610002593737 
37.90631739559998 
37.90634262914442 
37.90253884140605 
37.90623105831448 
37.90249812079338 
37.63930486434708 
37.90637308600968 
37.906324163505715 
37.906405144785936 
37.9064043299565 
37.90244416733841 
37.906365280120056 
37.90632131544502 
37.902624842494774 
37.90635205842974 
37.90623784919699 
37.906297362278735 
37.64131906944947 
37.906365280120056 
37.906361018531896 
37.9063800987658 
37.906400418082214 
37.906349382426505 
37.906278000385555 
37.89532151388088 
37.90633863335242 
37.89716178979548 
37.90608668184265 
37.90631887370321 
37.906262325466656 
37.90618549611222 
37.899121340712966 
37.906371164196806 
37.90271927827574 
37.90630868014343 
37.906227298753564 
37.9061992160215 
37.90637817860318 
37.90632732236499 
37.90269137254324 
37.90640591593277 
37.902683263062116 
37.897289610631546 
