37.28772736051922 
37.28772736051922 
37.28772736051922 
37.28772657555535 
37.28771963199661 
37.28772736051922 
37.28772736051922 
37.28772736051922 
37.28772736051922 
37.28772736051922 
37.28772736051922 
37.28772736051922 
37.28772736051922 
37.28772736051922 
37.28772736051922 
37.28772736051922 
37.28772736051922 
37.28772736051922 
37.28772736051922 
37.28772736051922 
37.28772736051922 
37.28772657568433 
37.28771963199661 
37.28772657555535 
37.28772657555535 
37.28772736051922 
37.28772736051922 
37.28772736051922 
37.28771838518831 
37.28772736051922 
37.28772657555535 
37.28772736051922 
37.28771849916074 
37.28772736051922 
37.28772736051922 
37.28772736051922 
37.28772657568433 
37.28772736051922 
37.28772657555535 
37.28772736051922 
37.28772657568433 
37.28772657555535 
37.28772736051922 
37.28772736051922 
37.28769457407573 
37.28772736051922 
37.28772657555535 
37.28772736051922 
37.28772736051922 
37.28772657555535 
37.28771838518831 
37.28772736051922 
37.28772736051922 
37.28772736051922 
37.28772736051922 
37.287722596692994 
37.28772736051922 
37.28772657568433 
37.28772736051922 
37.28772657568433 
37.28772657555535 
37.28772736051922 
37.28772736051922 
37.28772736051922 
37.28772736051922 
37.28772736051922 
37.28772657555535 
37.28772736051922 
37.28772657568433 
37.287722596692994 
37.28772736051922 
37.28772736051922 
37.28772736051922 
37.28772736051922 
37.28772657555535 
37.28772657568433 
37.28772736051922 
37.28772696617564 
37.28772736051922 
37.28772657568433 
37.28772736051922 
37.28772736051922 
37.28772736051922 
37.28772736051922 
37.28772736051922 
37.28772736051922 
37.28772736051922 
37.28772736051922 
37.28772736051922 
37.28771849916074 
37.28771849916074 
37.28772736051922 
37.28771963199661 
37.28771849916074 
37.28771838518831 
37.28772736051922 
37.28772736051922 
37.28772657568433 
37.28772736051922 
37.28772736051922 
