37.902677478342596 
37.90278700262046 
37.90272152582237 
37.90632193792392 
37.90267947222341 
37.90635088103396 
37.90635190086572 
37.906350254938424 
37.90622852987383 
37.906371316074306 
37.31673489418865 
36.29723519177388 
37.90631682006912 
37.90633923614917 
37.906270175857244 
37.90263611183869 
37.906201432836504 
37.90636900243148 
37.906407945241284 
37.902761016305725 
37.90640166815175 
37.902735917412016 
37.90637569956939 
37.9063767293859 
37.906308227683475 
37.9064036867921 
37.90629476498158 
37.90640242039947 
37.906376708950084 
37.90627034602639 
37.9063225121926 
37.90636900243148 
37.90637997318859 
37.90632150840259 
37.88802676007369 
37.90615985336607 
37.906402753454174 
37.63925150322426 
37.90640776688957 
37.89354138642449 
37.90625567296775 
37.90631931217511 
37.90254128456189 
37.906295074588584 
37.90634817660601 
37.90269573470781 
37.90640563409332 
37.90637778901813 
37.906403343780305 
37.90633715543745 
37.906254180282325 
37.90633475229344 
37.90640590981167 
37.90263111405043 
37.319367308787555 
37.90627209438817 
37.90614325969411 
37.90628868494294 
37.90636898907449 
37.90255353124718 
37.90634082435881 
37.906086692362294 
37.63708140561136 
37.90640051488893 
37.90631161175143 
37.90640652115993 
37.90640469804051 
37.90606163446636 
37.906298929011015 
37.90632257723795 
37.90252902550874 
37.90640484137966 
37.90626308353909 
37.90632517695489 
37.902678636758296 
37.906298929011015 
37.90637553856371 
37.906380199992576 
37.90640131563578 
37.90630956981796 
37.90266218560269 
37.639130689259986 
37.90628464179285 
37.63268662769029 
37.9062359023134 
37.906371871517166 
37.90625023845625 
37.902757408163595 
37.90278879304369 
37.90626487111542 
37.90618486900393 
37.90634937930703 
37.90626694266206 
37.897142428568735 
37.906365338011724 
37.906354474958064 
37.90637660916237 
37.90640680746262 
37.90276400820477 
37.90274174644841 
