37.90640619829299 
37.90264213927673 
37.90634771203895 
37.906408214076464 
37.90259565798156 
37.906406316973985 
37.906380271044526 
37.90640579945825 
37.906405692868205 
37.906256083919445 
37.31961276075663 
37.90640748469207 
37.90255462928623 
37.90635615846528 
37.906408176700296 
37.637163186069195 
37.902656138764875 
37.906292315796286 
37.902705671634635 
37.90639920314227 
37.63932131464755 
37.906379758946215 
37.6392619836496 
37.90630628753724 
37.90640474930547 
37.90602889715817 
37.90637219088593 
37.906406735476736 
37.90637601478742 
37.906346841670484 
37.90640768229193 
37.90639983430723 
37.906408421146274 
37.90633974767381 
37.90631273683571 
37.90640752824535 
37.90640450621973 
37.90637332709018 
37.90634891538442 
37.906363485062734 
37.906405767855894 
37.90247493725696 
37.895378272852504 
37.90631711506498 
37.906404682762954 
37.90640798627443 
37.90637568391069 
37.906252233644814 
37.9064083772458 
37.90637544584361 
37.906260694699455 
37.63479141016689 
37.906408176700296 
37.906404656021614 
37.90637926892441 
37.90638045736337 
37.90618539580158 
37.906367495419815 
37.90262569406108 
37.90088559648516 
37.89539054704655 
37.90631928969985 
37.90640682983571 
37.906402365807864 
37.90637568391069 
37.90263278291277 
37.9063190639056 
37.906373685331 
37.90631037444613 
37.90631884404236 
37.90621356047115 
37.90622236454426 
37.90637286526422 
37.90628754779833 
37.90640688010374 
37.90628077303911 
37.90260972430164 
37.90626700251235 
37.90637854442011 
37.90621383638864 
37.90640672341935 
37.90636251058594 
37.90637876370301 
37.906354026275984 
37.90633095860405 
37.9063995862196 
37.64150508410111 
37.906298093225395 
37.906229156851126 
37.9025983393899 
37.90637958314479 
37.906375536508364 
37.906394041739055 
37.63488926044774 
37.319528943315305 
37.90633090003893 
37.90263552621286 
37.90629057805558 
37.90640413184655 
37.906165354681995 
