37.28772736051922 
37.28772736051922 
37.28772736051922 
37.28772736051922 
37.28772736051922 
37.28772736051922 
37.28772736051922 
37.28772736051922 
37.28772736051922 
37.28772736051922 
37.28772736051922 
37.28772736051922 
37.28772736051922 
37.28772736051922 
37.28772736051922 
37.28772736051922 
37.28754147608858 
37.28772736051922 
37.28772657568433 
37.28772736051922 
37.28772736051922 
37.28772736051922 
37.28772657568433 
37.28772657555535 
37.28772736051922 
37.28772736051922 
37.28772736051922 
37.28772736051922 
37.28772657555535 
37.28772657555535 
37.28772657568433 
37.28771849916074 
37.28772736051922 
37.28772503680649 
37.28772736051922 
37.28772657568433 
37.28772657568433 
37.28772736051922 
37.28772657555535 
37.28772736051922 
37.28772736051922 
37.28746011892651 
37.28772736051922 
37.28772736051922 
37.28772736051922 
37.28772736051922 
37.28772657568433 
37.28772345606676 
37.28769267408129 
37.28360084537292 
37.28772736051922 
37.28772736051922 
37.28772657555535 
37.28772736051922 
37.28772736051922 
37.28772657555535 
37.28772736051922 
37.28772736051922 
37.28772736051922 
37.28772736051922 
37.28772736051922 
37.28772736051922 
37.28772736051922 
37.28772736051922 
37.28772736051922 
37.28772736051922 
37.28772657568433 
37.28772736051922 
37.28772736051922 
37.28772736051922 
37.28772736051922 
37.28772736051922 
37.28772736051922 
37.28772736051922 
37.28772657568433 
37.28772657568433 
37.28772736051922 
37.28772736051922 
37.28772736051922 
37.28771849916074 
37.28772657555535 
37.28772736051922 
37.28772736051922 
37.28772657555535 
37.28772736051922 
37.28772736051922 
37.28772736051922 
37.28772736051922 
37.28771963199661 
37.28772736051922 
37.28772736051922 
37.28772736051922 
37.28772736051922 
37.28772736051922 
37.28772736051922 
37.28772736051922 
37.28772736051922 
37.28772657568433 
37.28771849916074 
37.28772657555535 
