35.110659979941495 
35.11064350758362 
35.11065710294576 
35.11051531701931 
35.1023920133766 
35.1106537704114 
35.11052767474634 
35.11064635271821 
35.11065951394962 
35.110644320618675 
35.11064235863172 
35.11035445078594 
35.11066018017446 
35.110528362500055 
35.11065232689151 
35.10522797531965 
34.838528964230356 
35.11065880654232 
35.110593584867686 
35.11065400887203 
35.11064935273822 
35.110481723506815 
35.11065929792813 
35.1104772675809 
35.11065283278473 
35.09970517822547 
35.11040084298388 
35.11065893844964 
35.09967409851113 
35.09410098417647 
34.091984988383196 
35.099681436039546 
35.11060229905189 
35.11064543538633 
35.11065334979972 
35.1103845701163 
35.110663156405366 
35.11054113924311 
35.110530867096905 
35.11053706393305 
35.11064942802545 
35.11065695575536 
35.110658692795575 
34.52289042000493 
35.110662204085244 
35.11059401693031 
35.11053134293092 
35.110596679304344 
35.11064306211939 
35.110595616416454 
35.110663121406475 
35.11059144730304 
35.11040018873553 
35.11065361964297 
35.11050582707774 
35.105311675956 
35.11005291874075 
35.11056591960129 
34.84487605216234 
35.11065466689408 
35.110657005065114 
35.110654787252074 
35.1106608251663 
35.11059144730304 
35.11048053370554 
35.110587089873626 
35.11058923747826 
35.110580217657315 
35.110385383647355 
35.110661091936024 
35.110281503970015 
35.110660407823254 
35.11065212152425 
35.0998113565885 
35.110524758400906 
35.09969472887171 
35.110582639562146 
35.11048018565582 
35.110660903836155 
35.110502966692586 
35.11065328633463 
35.11060122516247 
35.110660035317636 
35.11064025221107 
35.110643209544534 
35.110597641740064 
35.110287785702056 
35.11065521750753 
35.11065278141377 
35.11065957823107 
35.11059078843547 
35.11065328633463 
35.11066065888241 
35.11065918429809 
35.11065328633463 
35.110657990676614 
35.11035099145135 
35.110657273546614 
35.1106608251663 
35.11065415026844 
