35.267768080280874 
35.26775675276042 
35.26776739707278 
35.26777010406064 
35.26744114365658 
35.26775990195528 
35.26757884814943 
35.267582005266696 
35.26776704978393 
35.2677537950611 
35.267693462209735 
35.26749662355458 
35.267767451094706 
35.25713794438009 
35.267757366396744 
35.267538800776045 
35.25463635349147 
35.26776696064248 
35.267762918093375 
35.26776901120807 
35.2676190159643 
35.267699430269836 
34.99887083911796 
35.26776272136085 
35.26236332003872 
35.26240970931664 
35.26776877025446 
35.26761137313012 
35.26760178670899 
35.262412013876485 
35.26747338950789 
35.26767654327716 
35.26775811991877 
35.26776314607428 
35.26741473271666 
35.2677707265496 
35.26757221146277 
35.267698175708695 
35.262417833595684 
35.26763885298371 
35.26776016697448 
35.26776905644135 
35.262368032886066 
35.26776307252193 
35.26776973891628 
35.267763709487234 
35.26761502521454 
35.26252811604679 
35.267757052830184 
35.267713960304015 
35.26775166924693 
35.267465934966154 
35.26776644706772 
35.267770431958105 
35.267693312307756 
34.998189739975736 
35.26775233962821 
35.26238819263275 
35.267764702565245 
35.26762011921979 
35.267569820396666 
35.26240850100961 
35.267698608427956 
35.267552006792805 
35.26776828335998 
35.26753041992163 
35.2675223684025 
35.26755415058562 
35.267763514882226 
35.26775943451836 
35.267698608427956 
35.26774300936593 
35.267580834140716 
35.25973280469489 
35.26775835721221 
35.26777024673545 
35.26771022664921 
35.267770752182926 
35.26776283826343 
35.267764754424995 
35.26765399047217 
35.26776808941822 
35.267700118950934 
35.256832920864696 
35.001981895683414 
35.26776285810757 
35.267767699197975 
35.267768292636816 
35.26777057916667 
35.26216015342832 
35.267770752182926 
35.26776976284074 
35.26777039111914 
35.26776902348418 
35.262412013876485 
35.267768885935915 
35.267770431958105 
35.26770673199564 
35.267703959459816 
35.26249687162291 
