35.11063800520603 
35.11063540236863 
35.11053594740933 
35.110639825567766 
35.110592949218166 
35.11059964322164 
35.110663152905474 
35.110663163405135 
35.1106499432528 
35.11065568159529 
35.11058440652031 
35.11065513238198 
35.110659821279505 
35.11047858779185 
35.11065527930035 
35.11059350848865 
35.110661320362425 
35.110661953531896 
35.110593584867686 
35.11053478767673 
35.110660485637595 
35.11052920698526 
35.11065620483131 
34.838503777379806 
34.83188963067346 
35.11053647088324 
35.11044952715873 
35.11065847510179 
35.11046754655951 
35.110656238158185 
35.110196964007294 
35.11052786060789 
35.110409162619746 
35.110657990676614 
35.11065126645568 
35.11038647033836 
35.110657710217815 
35.110656010003204 
35.11053426144094 
35.11066072802478 
35.11065972456568 
35.110662055223194 
35.11052779620389 
35.110659821279505 
35.10257160533009 
35.11065571538884 
35.11053687476695 
35.110654787252074 
35.11065612452791 
35.11064782031579 
35.110589353252735 
35.10503359805638 
35.110654964736355 
35.1106479353467 
35.1106593914143 
35.11055510347479 
35.110661295279854 
35.110524595329316 
35.11064834981565 
35.11046974758645 
35.110443819461096 
35.110321776783515 
35.110496107532235 
34.83852377053534 
35.110657317956495 
35.110657337789284 
35.110660603156305 
35.110651598481184 
35.11047298136933 
35.10519074016345 
35.11065527930035 
35.110663163405135 
35.11065886580728 
35.110661295279854 
