35.57134890678431 
35.57201934241624 
35.571921365539126 
35.57202404270005 
35.30317504179526 
35.572002549995126 
35.571910045427884 
35.571650237110504 
35.5665994253829 
35.57196147801178 
35.572070960163984 
35.29116505737399 
35.57207634992011 
35.5720176793104 
35.57207573063326 
35.57195891759578 
35.571866309811845 
35.571890564962736 
35.572066041203854 
35.57207531314334 
35.572013112432174 
35.571988567826665 
35.56683990775198 
35.57207240175358 
35.572013892314956 
35.57189563558429 
35.57207231033037 
35.572018130851326 
35.57207632921791 
34.97682509304248 
35.561710128395305 
35.571996365779654 
35.572056567630945 
35.571856244415066 
35.571909462112025 
35.57206491531195 
35.57194582022393 
35.57170576755409 
35.566757572814055 
35.572077946813025 
35.56694784767745 
35.57207708234855 
35.5719850395346 
35.571944793465306 
35.571962601414086 
35.57207524143402 
35.572070112132884 
35.57200309923867 
35.56699783771037 
35.57207818803715 
35.571944543688666 
35.5719740122317 
35.57193286958373 
35.572067600290424 
35.57207286367087 
35.57207635322455 
35.57206739335187 
35.572078066648416 
35.57206469783824 
35.57201994040291 
35.57195790217289 
35.57199964679069 
35.572078660148335 
35.56658681169251 
35.56637296717629 
35.288055032757384 
35.57200267466659 
35.57196223140009 
35.564124424915356 
35.572011826240384 
35.572068332921006 
35.57207872488145 
35.57207302971252 
35.57184158138661 
35.571276975324835 
35.57207177766369 
35.57174567570341 
35.57201359733109 
35.572054696978036 
35.571867740787276 
35.57207425687804 
35.57207227643855 
35.57206201223301 
35.57207208723739 
35.56151221063808 
35.57174567570341 
35.566871886403696 
35.5719654107775 
35.57201893304434 
35.56176397995842 
35.572064348948224 
35.571878378557415 
35.57205519993884 
35.571957270717895 
35.3063508853698 
35.57187800846533 
35.56190511578043 
35.572060388067555 
35.572064790137475 
34.5695641343168 
