35.57202331555458 
35.56179664059098 
35.57205898428394 
35.57197555842499 
35.566632949360006 
35.57201689863882 
35.57207410574892 
35.572070740572954 
35.57196528556615 
35.57180030439712 
35.57200389415296 
35.57207602535023 
35.556592504111705 
35.566876199031654 
35.57207774278499 
34.56929207021918 
35.57178809536482 
35.5716493350695 
35.56438752622792 
35.5720542240117 
35.55936587120794 
35.572072600161974 
35.57185437477354 
35.56180982112417 
35.57206652201795 
35.566150861721624 
35.57179582640707 
35.57207705740989 
35.57206536635795 
35.56692074459169 
35.572025072367914 
35.571849201524806 
35.57207869765513 
35.57202409594025 
35.571883619324566 
35.57207545848248 
35.57201498000388 
35.57206552559382 
35.56699785959094 
35.56682690702925 
35.57207058577185 
35.566400802855846 
35.566628400274894 
35.571950256199194 
35.572067790254735 
35.57207807458472 
35.57195899015824 
35.57176400968143 
35.572077946925994 
35.572060142829876 
35.56683126846171 
35.55669587151812 
35.57207774278499 
35.57207006990925 
35.57206941003416 
35.57191688512844 
35.566632162650706 
35.57198887552582 
35.30034652738652 
35.56692391114802 
35.57160893356983 
35.57189957533693 
35.57207782548075 
35.57206166164774 
35.57195899015824 
35.56182427946483 
35.57185343416112 
35.561967782537124 
35.57196055506606 
35.572000942229316 
35.5716973048491 
35.30620445584703 
35.57199856697046 
35.571834452636054 
35.57207422188477 
35.56666347173357 
35.297192831506 
35.306154204399924 
35.572070006926836 
35.57175317467785 
35.57202229941443 
35.571871390970095 
35.57207084264395 
35.572074950106064 
35.572048220522994 
35.57205379945467 
35.571995176028594 
35.571837590629585 
35.571472522223864 
35.5667137369894 
35.572076965054954 
35.566923888047526 
35.56695552253295 
35.30011621038217 
35.55936133710338 
35.571773120282714 
35.571770118705146 
35.571846557127124 
35.57196315555928 
35.57180728097291 
