37.28772736243681 
37.28772736243681 
37.28772430794163 
37.28772393321168 
37.28772736243681 
37.287726914254606 
37.287726670927384 
37.28772076378251 
37.28772391953057 
37.28772736243681 
37.28772736243681 
37.28772736243681 
37.28772736243681 
37.28772736243681 
37.28772662598016 
37.28772736243681 
37.28772736243681 
37.2877207282941 
37.28772736243681 
37.28772736243681 
37.287726670927384 
37.28772662598016 
37.28772736243681 
37.28772736243681 
37.28772736243681 
37.28772736243681 
37.287726670927384 
37.28772736243681 
37.28772736243681 
37.28772736243681 
37.28772736243681 
37.28772736243681 
37.287727358257676 
37.28772736243681 
37.28772736243681 
37.28772736243681 
37.28772736243681 
37.28772736243681 
37.2877190455472 
37.28772736243681 
37.28772736243681 
37.28772736243681 
37.28772736243681 
37.287726109830835 
37.28772736243681 
37.28772733632151 
37.28772736243681 
37.28772736243681 
37.28772736243681 
37.28772662598016 
37.28772736243681 
37.28772736243681 
37.28772662598016 
37.28772736243681 
37.28772662598016 
37.287726670927384 
37.287726670927384 
37.28772662598016 
37.28772736243681 
37.28772736243681 
37.28772736243681 
37.28772736243681 
37.28772662598016 
37.28772736243681 
37.287726670927384 
37.28772662598016 
37.28772662598016 
37.28772736243681 
37.28772736243681 
37.28772736243681 
37.28772736243681 
37.28772736243681 
37.287726670927384 
37.28772736243681 
37.28772736243681 
37.28772662598016 
37.287726670927384 
37.28772736243681 
37.28772662598016 
37.28772736243681 
37.28772736243681 
37.28772662598016 
37.28772736243681 
37.287726670927384 
37.28772736243681 
37.28772736243681 
37.28772736243681 
37.28772736243681 
37.28772736243681 
37.28772736243681 
37.28772736243681 
37.28772736243681 
37.287726670927384 
37.28772736243681 
37.28772736243681 
37.28772736243681 
37.28772736243681 
37.28772736243681 
37.28772736243681 
37.287726670927384 
