35.56684341752593 
35.56705403839064 
35.56693032258272 
35.571908861565625 
35.56684856779621 
35.57196556558989 
35.57196837426965 
35.571963788508704 
35.57173075529649 
35.571999926016915 
34.980482089169755 
33.953183593454376 
35.5718953477509 
35.571944543688666 
35.57181132836688 
35.56676355881462 
35.57167876543038 
35.57199381098978 
35.57207718351532 
35.56700495692743 
35.5720605540824 
35.56695850089727 
35.57201156819975 
35.572014314369994 
35.57188222892746 
35.57206559515713 
35.57185659618016 
35.57206248980046 
35.572014139198664 
35.57181184694909 
35.57191035009318 
35.57199381098978 
35.57202291121127 
35.571907699649856 
35.54644421059095 
35.57159833497658 
35.57206320074273 
35.30324472141682 
35.57207673445003 
35.55413245649253 
35.57178291230206 
35.57190171173664 
35.566581522589 
35.571857622577845 
35.571958429684464 
35.566871886403696 
35.572070576366855 
35.57201706773729 
35.57206504822508 
35.571939076724526 
35.571778883048935 
35.57193283639477 
35.572071780855175 
35.56675028090168 
34.98408638184782 
35.5718164069222 
35.57156431368376 
35.57184038255337 
35.57199356178652 
35.566604198130975 
35.571938788758565 
35.57145410288337 
35.300241097796665 
35.57205735881587 
35.57189143705261 
35.57207320349277 
35.57206847340302 
35.57140753059398 
35.571867740787276 
35.5719104868903 
35.56655910261807 
35.572068994604166 
35.57179223230442 
35.571917342378406 
35.56684653045188 
35.571867740787276 
35.57201128290323 
35.572023436383056 
35.57205967184237 
35.57188591065359 
35.56681245771998 
35.30301978781369 
35.57183960944098 
35.29411981679084 
35.57174043867259 
35.572001145081934 
35.57176844627226 
35.566995636273916 
35.56705895332644 
35.57179733394955 
35.57164465370811 
35.571961804273904 
35.571802868625696 
35.55911611809819 
35.57199421534125 
35.571975437027604 
35.57201387630042 
35.572074245044156 
35.56701293684029 
35.56696373459644 
