43.07072847005219 
43.07072847005219 
43.070728052634756 
43.070728117132504 
43.07072847005219 
43.07072845428604 
43.070728438133855 
43.07072802991645 
43.070721675264295 
43.07072847005219 
43.07072847005219 
43.07072847005219 
43.07072847005219 
43.07072847005219 
43.0707284381362 
43.07072847005219 
43.07072847005219 
43.070727661083865 
43.07072847005219 
43.07072847005219 
43.070728438133855 
43.0707284381362 
43.07072847005219 
43.07072847005219 
43.07072847005219 
43.07072847005219 
43.070728438133855 
43.07072847005219 
43.07072847005219 
43.07072847005219 
43.07072847005219 
43.07072847005219 
43.070728469754215 
43.07072847005219 
43.07072847005219 
43.07072847005219 
43.07072847005219 
43.07072847005219 
43.070727808308014 
43.07072847005219 
43.07072847005219 
43.07072847005219 
43.07072847005219 
43.07072829799873 
43.07072847005219 
43.07072844511568 
43.07072847005219 
43.07072847005219 
43.07072847005219 
43.0707284381362 
43.07072847005219 
43.07072847005219 
43.0707284381362 
43.07072847005219 
43.0707284381362 
43.070728438133855 
43.070728438133855 
43.0707284381362 
43.07072847005219 
43.07072847005219 
43.07072847005219 
43.07072847005219 
43.0707284381362 
43.07072847005219 
43.070728438133855 
43.0707284381362 
43.0707284381362 
43.07072847005219 
43.07072847005219 
43.07072847005219 
43.07072847005219 
43.07072847005219 
43.070728438133855 
43.07072847005219 
43.07072847005219 
43.0707284381362 
43.070728438133855 
43.07072847005219 
43.0707284381362 
43.07072847005219 
43.07072847005219 
43.0707284381362 
43.07072847005219 
43.070728438133855 
43.07072847005219 
43.07072847005219 
43.07072847005219 
43.07072847005219 
43.07072847005219 
43.07072847005219 
43.07072847005219 
43.07072847005219 
43.070728438133855 
43.07072847005219 
43.07072847005219 
43.07072847005219 
43.07072847005219 
43.07072847005219 
43.07072847005219 
43.070728438133855 
