35.57169381449147 
35.57185361045361 
35.56700996286806 
35.57201922353628 
35.57175455892797 
35.57206088097172 
35.57202170614551 
35.56690486054394 
35.571826632593606 
35.571952341201715 
35.57143202173725 
34.94962626570616 
35.57195501986501 
35.571995655962475 
35.57200570267736 
35.56192241100018 
35.57168087495153 
35.571996069266994 
35.572075328338144 
35.57196361316177 
35.57200885187864 
35.571885489888594 
35.5719540784991 
35.57207107742982 
35.57201520050722 
35.572011305385765 
35.572008164154774 
35.57201533528905 
35.572069621745534 
35.57193859431443 
35.57195663177758 
35.57191979866804 
35.57207223565537 
35.57195527890435 
35.55924000517939 
35.566712583412006 
35.57200780858538 
35.56418698875916 
35.57207458605195 
35.57184600409529 
35.571965375131946 
35.57200263388146 
35.57177453979673 
35.571858527652324 
35.571953130466625 
35.57203909959868 
35.57206932318616 
35.572018295995456 
35.57206320370829 
35.5720623169227 
35.57174670282975 
35.56182107111763 
35.30647142035446 
35.564364465118075 
35.55637177596618 
35.57196809212806 
35.56644825924017 
35.571842222807184 
35.57188781005463 
35.57150765553685 
35.57165567889553 
35.561310716865314 
35.30630001599453 
35.5720563198507 
35.57194352644794 
35.57206652749715 
35.57206926726453 
35.57127850225817 
35.571969635361945 
35.57195699309341 
35.57154264096275 
35.57196436025027 
35.56683356000561 
35.57191652820898 
35.56673735333074 
35.571969635361945 
35.57206167068563 
35.57207681720232 
35.57206291684035 
35.57190338980559 
35.57187171349573 
35.55415976994927 
35.57191933842476 
35.29124466719123 
35.56664742130419 
35.57195012172198 
35.571845648203464 
35.56691336314216 
35.55937850550784 
35.57194811278171 
35.566559838646704 
35.57185561305681 
35.56681660189365 
35.56674109696804 
35.57191514148736 
35.57202691605789 
35.572012297412975 
35.572075120327455 
35.57207281766273 
35.56688605549533 
