43.07072847008701 
43.07072847008701 
43.07072847008701 
43.07072844196467 
43.0707277522396 
43.07072847008701 
43.07072847008701 
43.07072847008701 
43.07072847008701 
43.07072847008701 
43.07072847008701 
43.07072847008701 
43.07072847008701 
43.07072847008701 
43.07072847008701 
43.07072847008701 
43.07072847008701 
43.07072847008701 
43.07072847008701 
43.07072847008701 
43.07072847008701 
43.070728440134374 
43.0707277522396 
43.07072844196467 
43.07072844196467 
43.07072847008701 
43.07072847008701 
43.07072847008701 
43.07072787215017 
43.07072847008701 
43.07072844196467 
43.07072847008701 
43.070727894295494 
43.07072847008701 
43.07072847008701 
43.07072847008701 
43.070728440134374 
43.07072847008701 
43.07072844196467 
43.07072847008701 
43.070728440134374 
43.07070595470805 
43.07072847008701 
43.07072847008701 
43.07072201526349 
43.07072847008701 
43.07072841860171 
43.07072847008701 
43.07072847008701 
43.07072844196467 
43.07072787215017 
43.07072847008701 
43.07072847008701 
43.07072847008701 
43.07072847008701 
43.0707281949497 
43.07072847008701 
43.070728440134374 
43.07072847008701 
43.070728440134374 
43.07072844196467 
43.07072847008701 
43.07072847008701 
43.07072847008701 
43.07072847008701 
43.07072847008701 
43.07072844196467 
43.07072847008701 
43.070728440134374 
43.0707281949497 
43.07072847008701 
43.07072847008701 
43.07072847008701 
43.07072847008701 
43.07072844196467 
43.070728440134374 
43.07072847008701 
43.07072847000175 
43.07072847008701 
43.070728440134374 
43.07072847008701 
43.07072847008701 
43.07072847008701 
43.07072847008701 
43.07072847008701 
43.07072847008701 
43.07072847008701 
43.07072847008701 
43.07072847008701 
43.070727894295494 
43.070727894295494 
43.07072847008701 
43.0707277522396 
43.070727894295494 
43.07072787215017 
43.07072847008701 
43.07072847008701 
43.070728440134374 
43.07072847008701 
43.07072847008701 
