37.90602825047093 
37.906378799735855 
37.9063266680211 
37.90638044910281 
37.6392161989397 
37.90637234010313 
37.90632245572177 
37.9061868438948 
37.90254799350052 
37.906349317309555 
37.90640557426557 
37.63054127426873 
37.906407716335956 
37.90637792955415 
37.90640740850041 
37.906348365768444 
37.90629845318751 
37.906311344550424 
37.906403809427104 
37.90640718357119 
37.906376316586844 
37.90636323538392 
37.90267629450228 
37.906406080586436 
37.90637644843121 
37.90631703670111 
37.90640605541321 
37.90637821884192 
37.906407710573276 
37.314075424015805 
37.89899753496212 
37.90636628700465 
37.906400214825055 
37.90629458582058 
37.9063222130366 
37.90640319724325 
37.90633964198057 
37.90621538218542 
37.90263391668672 
37.90640821014508 
37.90273199793625 
37.90640780748591 
37.906361962834495 
37.906339304531684 
37.90634981876654 
37.906407218875295 
37.906405258577976 
37.906372601311595 
37.9027582894251 
37.906408221508016 
37.90633923614917 
37.90635785874392 
37.90633478892104 
37.90640440307377 
37.906406207611845 
37.90640766208056 
37.90640431873354 
37.90640818811364 
37.90640319245501 
37.906378826304056 
37.90634794913053 
37.90636735386909 
37.906408406294375 
37.90254326023527 
37.902432549376215 
37.62831852019069 
37.906372346795614 
37.906349524298214 
37.90075775670569 
37.906375880658054 
37.90640454938109 
37.90640842410322 
37.90640641832213 
37.906289069354585 
37.905993636103084 
37.90640596408953 
37.90623792023354 
37.906376394706676 
37.90639948045234 
37.906298929011015 
37.906406920873714 
37.906406073558095 
37.90640228923511 
37.90640610421399 
37.89889657230999 
37.90623792023354 
37.90269573470781 
37.906350810966245 
37.90637843923935 
37.89902523507959 
37.9064030414265 
37.90630670145966 
37.90639970140095 
37.90634769296365 
37.64146834297118 
37.90631040308223 
37.89909730497294 
37.90640153991628 
37.906403217801895 
36.90459724560615 
