43.070728470128245 
43.070728470128245 
43.070728470128245 
43.070728470128245 
43.070728470128245 
43.070728470128245 
43.070728470128245 
43.070728470128245 
43.070728470128245 
43.070728470128245 
43.070728470128245 
43.070728470128245 
43.070728470128245 
43.070728470128245 
43.070728470128245 
43.070728470128245 
43.06890811825187 
43.070728470128245 
43.070728441797414 
43.070728470128245 
43.070728470128245 
43.070728470128245 
43.070728441797414 
43.07072844093989 
43.070728470128245 
43.070728470128245 
43.070728470128245 
43.070728470128245 
43.07072844093989 
43.07072844093989 
43.070728441797414 
43.07072778856331 
43.070728470128245 
43.070728360325724 
43.070728470128245 
43.070728441797414 
43.070728441797414 
43.070728470128245 
43.07072844093989 
43.070728470128245 
43.070728470128245 
43.0689147005948 
43.070728470128245 
43.070728470128245 
43.070728470128245 
43.070728470128245 
43.070728441797414 
43.07072821185541 
43.07072832024212 
43.07070525900775 
43.070728470128245 
43.070728470128245 
43.07072844093989 
43.070728470128245 
43.070728470128245 
43.07072844093989 
43.070728470128245 
43.070728470128245 
43.070728470128245 
43.070728470128245 
43.070728470128245 
43.070728470128245 
43.070728470128245 
43.070728470128245 
43.070728470128245 
43.070728470128245 
43.070728441797414 
43.070728470128245 
43.070728470128245 
43.070728470128245 
43.070728470128245 
43.070728470128245 
43.070728470128245 
43.070728470128245 
43.070728441797414 
43.070728441797414 
43.070728470128245 
43.070728470128245 
43.070728470128245 
43.07072778856331 
43.07072844093989 
43.070728470128245 
43.070728470128245 
43.07072844093989 
43.070728470128245 
43.070728470128245 
43.070728470128245 
43.070728470128245 
43.07072775463054 
43.070728470128245 
43.070728470128245 
43.070728470128245 
43.070728470128245 
43.070728470128245 
43.070728470128245 
43.070728470128245 
43.070728470128245 
43.070728441797414 
43.07072778856331 
43.07072844093989 
