43.278449585304955 
43.278449221347564 
43.27844959873177 
43.27844964521344 
43.27841559306099 
43.27844930172117 
43.27843066097812 
43.27843076297866 
43.278449537221924 
43.278449085744704 
43.27844284848319 
43.27842163648514 
43.27844957067422 
43.27500907535133 
43.278449235790205 
43.27842720624981 
43.27416429200915 
43.2784495576804 
43.278449416439834 
43.27844947547895 
43.27844321627238 
43.275869593173766 
43.278449624241375 
43.27673810722151 
43.278449427195376 
43.276719689380876 
43.27672542879333 
43.278449629384056 
43.27843384703215 
43.01246799775949 
43.27844937076465 
43.276698168773535 
43.278443601575184 
43.278449203879084 
43.27843725151018 
43.276731497153264 
43.278449666948866 
43.27842837040469 
43.27844304073194 
43.276725697420375 
43.27843688723878 
43.27844934077889 
43.27844961843041 
43.27671986740863 
43.27844963523045 
43.27844932813829 
43.2784493631676 
43.278449562203335 
43.27844875684951 
43.27844929378808 
43.27844966611316 
43.2784490174666 
43.27841850801123 
43.27844952298686 
43.27842180803904 
43.27587532142982 
43.27666475215171 
43.278449340443395 
43.27842494686151 
43.27844929377131 
43.27844941058897 
43.27844945455029 
43.27844966345528 
43.2784490174666 
43.27843750058912 
43.27842807083673 
43.27673790160567 
43.27844266151274 
43.27843731185353 
43.27844962307532 
43.278419333985 
43.2784496598124 
43.278449440448014 
43.27843670349356 
43.27844899997783 
43.278394705159606 
43.278449125724954 
43.27844952951143 
43.278449657609286 
43.27843122058639 
43.278449415721646 
43.278449587967714 
43.27844958214065 
43.27844923921131 
43.27844298909316 
43.27844334250939 
43.27670394546313 
43.27844956014032 
43.278449357414644 
43.278449614491926 
43.278437167075545 
43.278449415721646 
43.27844961436143 
43.27844963075269 
43.278449415721646 
43.2784495164742 
43.27672550648837 
43.27844963075269 
43.27844966345528 
43.278443357524104 
