47.13302442120404 
47.04617683098973 
47.41045825939982 
46.611258639174466 
47.218381030274614 
45.57267125869985 
46.8893883880778 
45.64728020110817 
46.16487918730695 
46.84999281391163 
47.378607468022466 
47.111491680632305 
46.084210031936934 
45.39757746684079 
47.05571795872161 
46.794895275443686 
47.12604108713841 
46.07539371723876 
45.33734828742996 
46.157402374634266 
46.985869864073116 
47.18976995155899 
46.00226476827193 
46.81352933461479 
47.12131950981258 
47.11828180799994 
46.18159791986845 
47.4204015998088 
46.933945253833244 
47.148374974492384 
47.31757183593821 
46.583669553306535 
46.858393196461385 
46.51248026393136 
46.525441504091035 
46.504438844850135 
47.10805235181131 
47.174722870454474 
46.971920168811145 
46.5677186313409 
47.14715267011948 
46.108075386388116 
46.617077450125734 
45.61743170317367 
46.631714497891096 
46.17487733119168 
46.65176874500503 
47.427084713614235 
45.39823839710371 
47.3634331739012 
47.06960719109385 
46.26220389475427 
46.20028139100722 
47.02325922574464 
47.45206302896111 
46.38980526006946 
46.90467978196092 
44.570615690745605 
45.605442115459944 
46.50800678159653 
46.89101287163899 
46.608362058101555 
47.10509648416575 
47.23401942172157 
47.07236056339688 
46.501781905147126 
46.98138010615431 
47.18976995155899 
46.00226476827193 
46.81352933461479 
47.12131950981258 
47.11828180799994 
46.18159791986845 
47.4204015998088 
46.933945253833244 
47.148374974492384 
47.31757183593821 
46.583669553306535 
46.858393196461385 
46.51248026393136 
46.525441504091035 
46.504438844850135 
47.10805235181131 
47.174722870454474 
46.971920168811145 
46.5677186313409 
47.14715267011948 
46.108075386388116 
46.617077450125734 
45.61743170317367 
46.631714497891096 
46.784773063806334 
47.12977844868078 
45.576740647288446 
47.53955788006814 
46.64228546718831 
46.8152650086293 
47.15288207966808 
46.84756339424924 
46.63484152807471 
