59.466676732592234 
58.94754954600289 
59.457135851141295 
59.23054677745492 
58.65607383364296 
59.22005352131343 
58.18966345036244 
58.59969281801308 
58.66345914806913 
59.22489137807246 
58.651662962183956 
59.46358880630388 
59.43389869010082 
57.612569188781556 
58.960421263048936 
58.97883576004454 
58.20792015543313 
59.22922169416637 
59.21860242623637 
58.96551132949138 
58.967268911858326 
58.64005602903335 
59.21306278321867 
58.91653607345004 
59.23608772335677 
59.65379673500237 
58.9400761171292 
58.62727937954104 
59.43437870545572 
58.98997942541847 
58.96658474729112 
58.20949251996226 
58.93878846568725 
59.220740611847525 
58.63479831036216 
58.19314342093374 
58.99490391115348 
58.6562564742773 
59.23222105242701 
58.96992129925274 
58.65559109855392 
59.662336083896626 
58.628225063068484 
59.25410214594515 
58.659696787570546 
58.96376635157346 
59.47185989382114 
58.244358483155246 
59.240842058770625 
59.233757413024826 
58.613940347253994 
58.24707623708404 
59.240635012184185 
58.95218039063612 
59.44959181635899 
59.447524727317294 
58.959291554209976 
57.66067195713696 
59.25154261596023 
58.97272307999516 
59.22232470329783 
59.24587153570418 
59.42345496116716 
58.95819157024869 
59.45572752872392 
59.453721479363686 
58.96823631876596 
59.229211457376024 
58.94963116454848 
59.240466506386745 
58.939702803553104 
58.98551272101462 
58.66109264414096 
59.233001843462006 
58.62575031684866 
59.19935780551137 
59.207628509569844 
57.6443031589446 
58.631689687453445 
58.61191356865553 
59.23445929816519 
59.25858353169631 
59.19269018064638 
59.455503677012885 
59.22017976835385 
58.95880534483947 
59.23556748207998 
58.22395684907456 
59.239304104355156 
58.22477041315277 
58.96949001954425 
59.663575316584016 
58.927194950896386 
58.99182156333341 
58.64501269538187 
59.20976484302455 
59.22284696329184 
59.44344009516028 
58.971833406682286 
58.63148754504224 
