47.44307067287037 
47.1868036312904 
47.259742949792155 
46.67021535216528 
47.445600132793665 
47.16390865572607 
47.40136616941933 
47.39741461339759 
46.929147463111384 
46.69131078692518 
47.18444405981668 
46.321046675162414 
47.357257482525505 
47.388335574796784 
46.9514637069112 
45.97205639211483 
47.17621347700651 
46.71600174954602 
46.677074661377524 
46.9438592726908 
47.201157303191614 
47.2141293136911 
46.89728979016884 
46.97143784476775 
47.18769574346949 
47.15987195165541 
47.35259924643268 
47.18319397308281 
47.19885693411548 
47.463874610142454 
47.420490584841794 
45.8928999516119 
46.96567846769973 
47.34870126069055 
47.14637468903423 
45.91422028250978 
46.965235804091776 
47.022704418354245 
47.35659491065746 
47.194534552170516 
47.22571676102296 
47.40447992611511 
47.14713115052386 
47.141431854089625 
46.903849209008314 
47.165239115683754 
46.90739943610494 
47.17099588687313 
46.75382852963235 
47.300807619161624 
47.42578065380811 
47.37136437374702 
47.163380242349994 
47.31784600071818 
47.16528608020717 
46.921735072308245 
47.19979377573761 
46.3705744955368 
46.95765866908225 
47.35589381468712 
47.180960332573065 
