59.949112907018 
59.758807190952155 
59.76924334124424 
59.74542470073035 
59.761793316588 
59.7547609855227 
59.75939171676668 
58.52819371242256 
59.52834284539698 
59.26023536380491 
59.94720290178881 
59.94475464211977 
59.24977210523901 
58.516042583358264 
59.7230772187735 
59.74472634232522 
59.95030875913081 
59.530440559988385 
59.74210529632033 
59.530627599430254 
59.74782593287232 
59.96136125434235 
59.75545646800351 
58.51100976181042 
59.766469089721234 
59.52266722903867 
59.760043783190035 
59.75373084050261 
59.75293918915254 
59.93481946850477 
59.94014504227642 
59.95373155896745 
59.94909918487225 
58.939496186983135 
58.53824564147294 
59.94398053164736 
59.75350361697767 
59.74896226763855 
59.54013449528187 
59.752789269381765 
59.53461740255688 
59.9450621574278 
59.751913110861416 
59.26153668488337 
59.94267382466377 
59.270615777517136 
59.52724697570353 
59.532653320397074 
59.24576695946182 
59.75737312223266 
59.94970449469866 
59.76828739397009 
59.27489449585226 
59.51922494770444 
59.96018964596317 
59.74006193334479 
59.521950397249 
59.527024788907305 
59.94571961454452 
59.93952880099392 
59.27060051680365 
59.53650875832215 
59.514937153100526 
59.285441537011216 
59.75890572988751 
59.75483057331561 
59.51930481447288 
59.96136125434235 
59.75545646800351 
58.51100976181042 
59.766469089721234 
59.52266722903867 
59.760043783190035 
59.75373084050261 
59.75293918915254 
59.93481946850477 
59.94014504227642 
59.95373155896745 
59.94909918487225 
58.939496186983135 
58.53824564147294 
59.94398053164736 
59.75350361697767 
59.74896226763855 
59.54013449528187 
59.752789269381765 
59.53461740255688 
59.9450621574278 
59.751913110861416 
59.26153668488337 
59.94267382466377 
59.94187313120246 
59.53080462777781 
56.923834081389835 
59.94266314096174 
59.549375313165456 
59.754980993360725 
59.753825549203015 
59.75864571849668 
58.93308248248682 
