47.37440093721704 
47.32636500710783 
47.38581491941164 
46.58943849353853 
46.99660039952986 
46.46508052035813 
46.901759859229315 
46.48686020777537 
46.61630035944079 
46.554481243862234 
47.42701845343846 
47.135428855527316 
46.07983287417298 
45.3561017855106 
47.281259931704014 
47.06269564569339 
47.528897070022055 
46.80943521420939 
46.46803570634658 
46.593986233475995 
47.25868852503295 
47.14483486628238 
47.02620183991156 
47.13102245470616 
47.135116579219485 
47.118589231320676 
47.11370652464359 
47.40080100056524 
47.42842832217281 
47.150412772147185 
47.32950611172879 
47.3670619390557 
47.36985521648316 
45.50925651094266 
46.145793232445605 
46.146997617677876 
46.61492828057384 
46.94302561343856 
47.171529070772685 
46.88657700841633 
47.160713002381925 
46.83439594119908 
47.377306869983464 
46.14331520470244 
47.11460006652284 
45.62712172198742 
47.17182974133636 
47.425830437045256 
46.776125666810294 
47.400830875468515 
47.361856625179264 
45.69525597025358 
46.93633830988084 
46.05119404084238 
47.46532389559687 
46.13338220200115 
46.90704903182935 
46.58280354215161 
46.56533687451311 
46.8489660285681 
46.892224109268895 
47.59954435430312 
46.56067971859504 
47.23686035093253 
47.160656843013506 
46.08504636602148 
47.18027701318094 
47.14483486628238 
47.02620183991156 
47.13102245470616 
47.135116579219485 
47.118589231320676 
47.11370652464359 
47.40080100056524 
47.42842832217281 
47.150412772147185 
47.32950611172879 
47.3670619390557 
47.36985521648316 
45.50925651094266 
46.145793232445605 
46.146997617677876 
46.61492828057384 
46.94302561343856 
47.171529070772685 
46.88657700841633 
47.160713002381925 
46.83439594119908 
47.377306869983464 
46.14331520470244 
47.11460006652284 
46.56323751400818 
47.3971864183063 
46.09290818413088 
47.55646656700997 
46.96893724218403 
47.11792974376471 
47.17210080972195 
47.13497511959124 
47.150828920753845 
