47.18684699229866 
46.92626321009292 
47.22150902871981 
46.93282748480079 
47.42701480393556 
47.01155942941893 
47.18796416003157 
46.29678222336633 
45.87649631916344 
46.39603468456208 
47.21370271573503 
47.150914469598824 
46.59071701766458 
45.9212057375733 
47.30704923947991 
46.945884505880194 
46.96805528322512 
46.962561197485094 
46.92942298840475 
46.673512889654766 
47.161066041951756 
47.38284816489 
46.942422820762296 
46.89475070035544 
47.390200034348304 
46.898732733285186 
47.195757801565826 
47.23478574100245 
47.16197472506898 
47.34392721213543 
47.365698675145744 
46.7267016120807 
47.151389698396734 
46.33784415416751 
46.33188881597992 
47.17766107051247 
46.961463225768995 
46.93113246153163 
47.18506938972018 
47.34679189413204 
47.15334524527718 
47.16194282036102 
47.194635363541195 
46.899313022904956 
47.16761406668556 
46.960545778740794 
47.20283595669046 
46.94406244263148 
46.62298180887079 
46.70795279195286 
47.14627459321848 
47.21846553143988 
46.96432493119154 
46.62116666414774 
47.23275918088499 
46.624667607220886 
46.36092681984809 
46.94959270797736 
47.366111621626295 
47.34414121796583 
46.95406146689374 
47.00232581734155 
45.930197372935524 
47.18880785583887 
47.352947636339614 
47.1931978322688 
46.923622517483736 
47.38284816489 
46.942422820762296 
46.89475070035544 
47.390200034348304 
46.898732733285186 
47.195757801565826 
47.23478574100245 
47.16197472506898 
47.34392721213543 
47.365698675145744 
46.7267016120807 
47.151389698396734 
46.33784415416751 
46.33188881597992 
47.17766107051247 
46.961463225768995 
46.93113246153163 
47.18506938972018 
47.34679189413204 
47.15334524527718 
47.16194282036102 
47.194635363541195 
46.899313022904956 
47.16761406668556 
46.961314783570096 
46.70988087907307 
45.25707069974338 
47.37888486290831 
47.2262345953145 
47.39779908113526 
46.977909367553906 
47.17077337674729 
46.604207444289614 
