59.96393146799963 
59.27456043056447 
59.7768928757793 
59.745773408907404 
59.96509085339423 
59.950077411639924 
59.95238874962023 
59.95541355566169 
59.74456968664907 
59.945134403612286 
59.944196570112666 
59.74636427604617 
59.74656397028897 
59.770282817068136 
59.53345450895332 
59.252656080809594 
59.94586326332532 
59.76649445295165 
59.27229562178688 
59.26644845896552 
59.54052093602381 
59.54355305346275 
59.51320106291201 
59.53648584514767 
59.93428279275649 
59.52823294017266 
59.526308166543515 
59.542077701285045 
59.94965656500788 
59.96867840907952 
59.76095283799242 
58.92232829803037 
59.523746348827665 
59.94450154801869 
59.93935748969212 
59.94086730308404 
59.5115278890968 
59.94162911735898 
59.515874561554746 
59.52178152527665 
59.76349324521553 
59.761459077225155 
59.2558819849047 
59.52253636812682 
59.25397964976771 
59.527250139822534 
58.94846100168869 
59.73924337739887 
59.53229770893809 
59.500672141212206 
59.96071080956883 
59.945387717804635 
59.51124286155994 
59.73801809042525 
59.75602712689765 
59.532575795519655 
59.94702991253487 
59.509153505871254 
59.52172341253458 
59.94329795585645 
59.52425123420053 
