59.44430814373535 
58.96442318296618 
59.46399791955322 
59.64723571426697 
58.95423205477972 
58.63571908705869 
58.62529004550448 
58.21694261619328 
58.95756717098236 
57.626570696344345 
59.231650622617224 
58.215315443755344 
58.631514038879644 
59.453520687682655 
59.44400577425646 
59.22293587465423 
59.45240215604815 
59.44471858735774 
59.63295111355981 
58.94490149510979 
58.18621190787127 
58.983732795155454 
59.235020709346635 
59.451218463183146 
58.9587631818175 
58.941419601420364 
58.944615992764234 
59.22130847016388 
59.642792699695576 
59.45382675923335 
58.92327498528696 
59.22932492688626 
59.22231536910573 
58.94578750193812 
59.22053329221607 
58.645482362484984 
59.46322083071705 
59.23551783405467 
59.44616766726831 
58.617343624141306 
58.94617896585023 
59.21613760113627 
58.19378894290048 
59.212203929827986 
58.24306184199653 
59.22159850444992 
58.97322540762468 
58.63150268149047 
59.460549356955596 
59.453644888261096 
59.20914827184487 
59.442983399810956 
58.23280469719395 
59.21986873345185 
57.634921988319476 
59.235743814061976 
58.93263552188619 
58.98013563010791 
58.957851889746145 
59.46272425311067 
59.2338157609834 
59.440129653324725 
59.19644316475916 
58.62693064235419 
59.24273083052221 
58.22432078352107 
59.44285648353227 
59.20914827184487 
59.442983399810956 
59.241335655495625 
59.45354720873095 
58.968255492070554 
58.93543739832301 
58.210712111548375 
59.24635599135686 
59.21444421742577 
57.57955024087475 
58.969360204155976 
58.64752618256436 
58.65555566410415 
59.63767123662653 
58.9342479579878 
59.214571745369554 
58.65660061347543 
58.951040137718905 
58.9555803874454 
58.17827929722898 
59.23347958755247 
58.234112950950404 
58.62611111303179 
58.66064289625031 
58.19013374771784 
59.21039981601056 
58.26490456891466 
58.96220917920448 
58.96735754662921 
58.66495927266368 
58.963741970139495 
58.9674564037316 
58.23252176121599 
