47.37056639809366 
46.90528678181652 
47.43609420155033 
47.59492329147112 
46.86562060953122 
46.55858333901211 
46.51609707191245 
46.13374018100209 
46.87954214689311 
45.53119544577252 
47.180188290057025 
46.13128597831054 
46.54437738907609 
47.40203140675701 
47.36694213996571 
47.152212808016365 
47.39629292663352 
47.36910573377988 
47.544286687887734 
46.82898508295099 
46.026059630157995 
46.97049716018439 
47.19089884367496 
47.394670261170425 
46.883929218302306 
46.82322878407057 
46.83342844453101 
47.14096403569858 
47.58154499177885 
47.39953782685698 
46.75154845185859 
47.17495696968616 
47.1465735411032 
46.838596757088496 
47.14641216664209 
46.59525843822098 
47.43331561861905 
47.19646450172178 
47.379347010794156 
46.48893445046303 
46.84323820961995 
47.125034501755664 
46.044461719977086 
47.10956843478745 
46.21882207540763 
47.144227951526325 
46.937645553018584 
46.542240389445666 
47.42118949948831 
47.39771063352156 
47.09588923465568 
47.361235404229376 
46.18621840852244 
47.13861808193754 
45.56203262390259 
47.19168682462813 
46.78379804866808 
46.956616744067105 
46.881403115162755 
47.42786954303804 
47.18435208013439 
47.35371862180493 
47.05073125709014 
46.524407720921054 
47.22051005013522 
46.16159965406383 
47.36026920510025 
47.09588923465568 
47.361235404229376 
47.21313693025287 
47.40271829360986 
46.914893786391694 
46.79713576971832 
46.108006664195955 
47.23333539364082 
47.12012916876662 
45.35796345246702 
46.91889508337822 
46.59869876437581 
46.62391849621595 
47.56113628329098 
46.802194143640506 
47.12124980540622 
46.62674180254057 
46.85607854862694 
46.8734415125407 
45.99392547257555 
47.187661362596394 
46.186424707450094 
46.52351795986692 
46.64149609177235 
46.031149198239156 
47.102382946660356 
46.29478605148597 
46.89778796350089 
46.91320396117298 
46.65926688359525 
46.89904587616578 
46.914500782517656 
46.18319664820106 
