46.94711950846468 
46.914595834184816 
47.448035902033055 
47.562010617489854 
46.554453684838926 
46.57306413468323 
46.8733490401843 
46.16025465011412 
46.9221587391286 
46.18651883597647 
46.913390029855606 
46.518016296044735 
46.17979914296708 
47.193792470638556 
47.3882625872432 
46.547826773421995 
47.17442288190169 
47.37798200474651 
47.34142081255952 
46.778463413970826 
46.88281117639397 
46.953583696979734 
46.91492643492203 
46.923705150503594 
46.859159504214254 
46.87073470763684 
46.83509386659709 
47.1118285855977 
47.58840844492909 
47.39697811760958 
46.766650729000645 
46.60019178813895 
46.640683575086804 
46.472540125039444 
46.65718086452451 
46.93135654845208 
46.970227088494006 
46.94731470976976 
47.16833911067579 
46.49604379404536 
46.90462963154675 
46.57649224581479 
45.39324580106847 
46.81616181171489 
46.93242582716885 
47.202146557405925 
46.625635883900806 
46.50744244727882 
47.38699233833781 
47.38433456631644 
47.07121137354513 
47.3576931762449 
45.67031287597247 
47.139480350000504 
46.08473350612227 
46.91948132793904 
47.09890718294922 
47.206168498347125 
46.90779759027199 
47.17697744886655 
46.871200190086924 
47.38322873359989 
47.07508558053672 
44.5914161151686 
47.21559109618314 
46.50114458171502 
47.359074037715466 
47.07121137354513 
47.3576931762449 
46.93557280420543 
47.15626989202456 
47.19946543565859 
47.319846828047304 
45.48148414878905 
47.454552601126295 
47.12802086222818 
46.064195429222266 
46.9371534830474 
46.52209776413429 
47.21534544084202 
47.56499558370283 
45.55103834480815 
47.114130845401704 
46.92041691382762 
47.39615682358678 
46.86057837141147 
45.50042405275682 
47.176438705597285 
46.14561684575437 
46.47332353351372 
45.63057374317308 
45.40452366497283 
46.47810418488241 
46.98467751624572 
46.86769797428982 
47.16823962225359 
46.267904734972284 
46.15146467163168 
46.679115925037806 
44.40653675175639 
