59.21817202933891 
59.19309138181813 
59.45643666301876 
58.65151502504636 
59.243177083296196 
57.641350744907164 
58.961493037752476 
57.66154913417905 
58.2272918932118 
58.94990335746915 
59.44772005003664 
59.21245991585166 
58.20500174127183 
57.58843154818904 
59.19697382644861 
58.933788780232526 
59.216876000400404 
58.20186877832193 
57.57405329319837 
58.22534918874269 
59.17890720220746 
59.234413694916185 
58.18159637445371 
58.9397864571545 
59.21526600945493 
59.214353618729874 
58.23245615621059 
59.45947347528252 
58.97305866851467 
59.222618961259776 
59.43058713253775 
58.64443276084967 
58.950623301349815 
58.62414593879703 
58.62715899698795 
58.62055585190445 
59.21089621091356 
59.230522643906085 
58.98467193921657 
58.639195927117136 
59.22245498879006 
58.21115003071256 
58.65482930083952 
57.654732407529394 
58.658938426761424 
58.22931893905717 
58.66369870005939 
59.46270487714379 
57.59062944277959 
59.44259276853304 
59.199940505451444 
58.25596652732546 
58.23760555430225 
59.18794810991761 
59.46869181126107 
58.58710031637211 
58.96517486721189 
56.63769651051123 
57.65023548822808 
58.62186712808633 
58.96238261018234 
58.64946599545024 
59.20938110333733 
59.24763171854371 
59.19835214283758 
58.62121384019283 
58.987747129057155 
59.234413694916185 
58.18159637445371 
58.9397864571545 
59.21526600945493 
59.214353618729874 
58.23245615621059 
59.45947347528252 
58.97305866851467 
59.222618961259776 
59.43058713253775 
58.64443276084967 
58.950623301349815 
58.62414593879703 
58.62715899698795 
58.62055585190445 
59.21089621091356 
59.230522643906085 
58.98467193921657 
58.639195927117136 
59.22245498879006 
58.21115003071256 
58.65482930083952 
57.654732407529394 
58.658938426761424 
58.92992938937301 
59.21788709208352 
57.64396543147445 
59.6311863864199 
58.660981669929356 
58.94001229215588 
59.22295740030804 
58.94739235015672 
58.65930744443012 
