47.43849609811001 
46.71790411409779 
47.265005083826225 
47.15337160964027 
47.44138609832627 
47.38708676317166 
47.398530607600584 
47.407132071034916 
47.15208259901731 
47.37173673852133 
47.36559998980098 
47.15466164750005 
47.157309846158775 
47.2413908286499 
46.96589502429007 
46.64011390326417 
47.37467433785451 
47.22751782461973 
46.70806050253832 
46.690804724254534 
46.99952191990858 
47.00673440847884 
46.89050942113527 
46.9797048029088 
47.33392310454702 
46.95395832427713 
46.94499960138808 
46.99678712118436 
47.38741385532963 
47.456982147944245 
47.21066204151104 
46.28870425686178 
46.937126477853724 
47.369177228273664 
47.351272336355464 
47.35313766458304 
46.89241908512876 
47.36252916571165 
46.907337759687096 
46.92786634249771 
47.216914038232986 
47.210496345717424 
46.65260887516257 
46.929911309230114 
46.64692520704377 
46.9493022734016 
46.382949360987844 
47.131418256790056 
46.966178984551036 
46.84930111706564 
47.427172323765134 
47.36893780457305 
46.88870425649233 
47.122881277458184 
47.19528039676141 
46.96918459697202 
47.377973270436826 
46.885480752934356 
46.92705187495376 
47.365698675145744 
46.93575012448601 
