59.96471874859084 
59.75473793569644 
59.77484316350831 
59.26023138662609 
59.96584462099237 
59.74763141334188 
59.95256911408665 
59.95226972070455 
59.5212316425482 
59.26486627463542 
59.75403941925318 
58.93044702903051 
59.94070734592806 
59.949210398158705 
59.528559300432974 
58.53451645040868 
59.750747826280374 
59.272776975196656 
59.26236416010339 
59.52613612799173 
59.75694092799899 
59.761175828499944 
59.51431920251157 
59.53270941472713 
59.75428322628253 
59.74622478882586 
59.93894452142074 
59.75338170283366 
59.75731649985778 
59.97011321189497 
59.95827649502185 
58.51102209488126 
59.53154444826212 
59.93771917376228 
59.742531933040524 
58.51875028171123 
59.53211506944421 
59.547314638271864 
59.940180411196984 
59.75638960142097 
59.7652234044405 
59.95375636269321 
59.743603899867885 
59.741058078585226 
59.515469095498894 
59.747745542828675 
59.515818703271535 
59.74977627827534 
59.28402560130681 
59.92507620686214 
59.9600902846779 
59.94507791583214 
59.74807917451199 
59.93058207716202 
59.74771805571409 
59.518808405570006 
59.75789784815495 
58.943712581332115 
59.529727344385705 
59.94014504227642 
59.752709310920146 
