59.448556098167586 
59.43578294103763 
59.251395460706235 
58.635877006298024 
58.97733399451831 
57.647092708937876 
58.93834662120584 
56.674800165820464 
58.21839846089552 
58.959906768915396 
59.64371464792805 
59.451852891774124 
58.63008974994038 
56.62697445594719 
59.202041802847596 
58.93940688436998 
59.42914481833177 
58.95036427837454 
58.20850909346616 
58.94205525853246 
59.42498420389213 
59.45578621018698 
58.92594134958239 
58.94072699800372 
59.22613239319818 
59.2154017746455 
58.64244113143258 
59.456719929902206 
59.45147735558637 
59.231580260550075 
59.21619707524465 
59.44175612844409 
59.45206861344764 
58.622931327344645 
58.230883750360796 
59.198330563795 
58.96845732913769 
59.237960193161626 
58.98803423104831 
58.964039297072084 
59.23915450581857 
58.22025658851259 
59.439293987613645 
58.630145871156984 
59.20826771096049 
58.96740665292408 
59.22936116660978 
59.46606490171192 
57.57066938873536 
59.22567604850792 
59.441583785317796 
58.670787644186326 
58.646263863190484 
59.20816078083855 
59.662251067205865 
58.94802308736095 
58.23766120006237 
57.64770541758952 
58.64450571890936 
58.63689024631999 
58.23247740637687 
58.979274346936684 
58.97678922715237 
59.24097514060263 
58.97926030730148 
58.61750423560613 
59.23286220990624 
59.45578621018698 
58.92594134958239 
58.94072699800372 
59.22613239319818 
59.2154017746455 
58.64244113143258 
59.456719929902206 
59.45147735558637 
59.231580260550075 
59.21619707524465 
59.44175612844409 
59.45206861344764 
58.622931327344645 
58.230883750360796 
59.198330563795 
58.96845732913769 
59.237960193161626 
58.98803423104831 
58.964039297072084 
59.23915450581857 
58.22025658851259 
59.439293987613645 
58.630145871156984 
59.20826771096049 
58.951571857019225 
58.619674674661354 
58.22160472690123 
59.44797799497198 
58.643531379939915 
59.433531850752374 
58.66105346140209 
59.220122334720614 
59.22271856190398 
