58.9873044977291 
58.94216191231314 
59.454889843825484 
58.95660999366708 
58.64147936988703 
59.21665710677196 
56.64241392635735 
58.225157911419274 
59.23193760928258 
58.958535553416006 
58.66634079060976 
58.644063449038576 
59.443393990911005 
57.60512268426031 
58.95741057456996 
59.23340734331801 
57.66594544450867 
59.21356629086269 
58.96172890217621 
58.64925688772034 
58.96521772665409 
58.650627802006504 
59.21143817399373 
58.614437023187435 
58.25060412463977 
59.460710869782396 
57.65856343809086 
58.961966526645426 
58.96354851381822 
59.228612157285845 
58.63839866901115 
58.23578704096879 
58.94873381754807 
59.42430797974735 
59.229549393662104 
0.0 
58.98562682648188 
57.64520216268581 
58.18898520221665 
59.23199653831918 
58.95369625980161 
59.66839732355518 
58.95643506868875 
59.24811122400888 
58.652947678328346 
58.960843169434725 
59.644306081305196 
58.64358443290348 
59.231678613086935 
59.44788037318687 
57.62263692278201 
58.646545053659125 
58.98480561856877 
57.612273386703166 
59.23449388497653 
58.95188994803652 
59.201885280043996 
57.64846350139158 
59.25258686317809 
59.23795708470491 
58.948712411689336 
59.23994813318897 
59.19728426587433 
58.62360871002955 
59.64346370437335 
59.45231029965179 
59.22989877480509 
58.95704013581063 
58.95302370138642 
59.24319082334188 
58.61879419143606 
59.24600491277313 
58.98267245558477 
59.23777533621752 
58.232594654984425 
59.193334045257664 
58.95641752933112 
58.23056664204478 
59.22046967310576 
58.19027054054395 
58.95921063133029 
59.257730935210375 
58.165644380551946 
59.45338387999715 
59.43915640273545 
57.64035785712387 
59.24168633857099 
58.229214467894586 
59.24285449383974 
58.63133249814086 
58.97395945657574 
59.657883900840716 
59.20340684273351 
59.47329922249973 
58.646430616898115 
59.43321123296375 
59.451878331230986 
58.64818358439485 
58.981522225553206 
58.643611722214104 
