41.12870326767269 
41.11857254182005 
41.1303920835527 
40.64545648784979 
41.129951585828756 
40.911409647138576 
40.913440889686434 
41.093930924915654 
40.868797468054176 
40.90541089915964 
41.13896871247141 
41.11293726679723 
40.32363104739089 
40.85899976999237 
41.12731806063371 
41.128554460481624 
41.143205212704146 
41.11520878738143 
40.87677683298597 
40.89174115957152 
41.127324741282386 
41.137962415442495 
40.90368303019905 
40.89571384259207 
40.90673014112425 
41.111857569477216 
40.907804942490735 
41.125955766185726 
41.13882659743281 
41.12581111647565 
41.14465079570193 
41.14506774972937 
41.13725949117629 
40.85309997002873 
40.626587422262325 
41.12972458922459 
40.89566830290388 
41.11225873348478 
41.112065943859754 
41.10789598730353 
41.12865595626008 
41.10325253006997 
41.13697246604255 
40.63094898367374 
41.13082558026502 
41.10737505929217 
40.88879232510033 
41.126952366314505 
40.90439755219945 
41.13977163510895 
41.1423924661644 
41.080156950788535 
41.12757051604895 
40.886320553678885 
41.14071478665667 
40.88590275853024 
41.108263445633675 
41.1340417460376 
40.89016415588394 
41.132747817961096 
41.125251469736476 
41.14415182501016 
41.12185128641307 
41.14006413115844 
41.13119177414273 
41.052666284562584 
41.11007912522527 
41.137962415442495 
40.90368303019905 
40.89571384259207 
40.90673014112425 
41.111857569477216 
40.907804942490735 
41.125955766185726 
41.13882659743281 
41.12581111647565 
41.14465079570193 
41.14506774972937 
41.13725949117629 
40.85309997002873 
40.626587422262325 
41.12972458922459 
40.89566830290388 
41.11225873348478 
41.112065943859754 
41.10789598730353 
41.12865595626008 
41.10325253006997 
41.13697246604255 
40.63094898367374 
41.13082558026502 
41.11083972419822 
41.10709473737643 
40.593463921512 
41.143468242238065 
41.11677268996472 
41.12974750213569 
41.13445338510438 
41.10965642685594 
41.106933651270225 
