40.931068249491155 
40.920478751282715 
40.931417812098154 
40.92240427918094 
40.93673095515006 
40.93140516564735 
40.93043538799336 
40.68945434423198 
40.67811854823017 
40.68774894018427 
40.93081591594504 
40.93018106579476 
40.91143781746083 
40.676967785378075 
40.93546353875212 
40.71052940369554 
40.92612731247966 
40.91542659141246 
40.9149034114894 
40.917565760666015 
40.93012682317392 
40.935679163038984 
40.931051197485544 
40.922670677073356 
40.9361204371563 
40.9200388409428 
40.92851967032861 
40.9258131677498 
40.919887225200554 
40.935249890014674 
40.936149609103836 
40.92642523241683 
40.92178048777093 
40.91529294296707 
40.69188154238922 
40.93096310730337 
40.920803325406396 
40.920467213472435 
40.93003300007709 
40.93508840840377 
40.935931695545925 
40.92978565504195 
40.92828373057891 
40.930131502617066 
40.93587942530962 
40.924806592808345 
40.92287320156856 
40.93019105023284 
40.90939081317953 
40.705609278838814 
40.92264103802912 
40.92848728937596 
40.926044911812134 
40.710004006524805 
40.93158150338174 
40.92996116572453 
40.906898804943545 
40.93089292652788 
40.93523333688504 
40.93571222775484 
40.93145291434405 
40.71095065540732 
40.90342338385014 
40.92781481929094 
40.9352751571774 
40.89253384106683 
40.91978526407911 
40.935679163038984 
40.931051197485544 
40.922670677073356 
40.9361204371563 
40.9200388409428 
40.92851967032861 
40.9258131677498 
40.919887225200554 
40.935249890014674 
40.936149609103836 
40.92642523241683 
40.92178048777093 
40.91529294296707 
40.69188154238922 
40.93096310730337 
40.920803325406396 
40.920467213472435 
40.93003300007709 
40.93508840840377 
40.935931695545925 
40.92978565504195 
40.92828373057891 
40.930131502617066 
40.93587942530962 
40.920445162521986 
40.70243857096501 
40.6830320915795 
40.936181135750154 
40.912806202281196 
40.936100481362125 
40.92042912196778 
40.93555947012596 
40.92402214721685 
