51.640242749917725 
51.63649569780015 
51.64026457102411 
51.63726529328151 
51.640254983339574 
51.638655035574544 
51.64019216611288 
51.64017354671546 
51.63574845635769 
51.63722762404037 
51.63863116569073 
51.632754777359985 
51.6401715788099 
51.640159578756226 
51.63427456990294 
51.63427667189642 
51.638697311319845 
51.63726932861448 
51.63562959259417 
51.63579644729138 
51.640172831654034 
51.63729676991554 
51.63861542977991 
51.632064814296335 
51.63872759543235 
51.63864553741006 
51.64013415121471 
51.63429579049331 
51.63867625176117 
51.64026729581815 
51.640182520575934 
50.82943963830696 
51.63870353075464 
51.64019594468091 
51.638712667530804 
51.63128080722295 
51.638682990093955 
51.41533940801263 
51.64012620565496 
51.6357588216253 
51.64022735477863 
51.640168648110745 
51.64019172389036 
51.63788849051476 
51.63500700838363 
51.638728429589655 
51.635668777205574 
51.638597678831154 
51.63357654629616 
51.64005689950788 
51.64020924784703 
51.64015194486287 
51.64016649863187 
51.64006878559088 
51.63864553741006 
51.62975692274057 
51.638657928778294 
50.83067396401627 
51.63566539428592 
51.64018042299469 
51.637183565011874 
