41.13498931325087 
40.871415812972565 
41.12932432583711 
41.13911639194301 
41.12355371353101 
40.916894655262766 
41.119431079740316 
40.868616407970855 
40.89951014916394 
41.10520074411038 
39.91965024460436 
41.13962354249668 
41.11856510211258 
40.88898262757107 
40.884083432343914 
41.12401858919293 
41.12334745026065 
41.121691354252285 
40.904180152954844 
40.89333859660517 
41.12989290988561 
40.89249042373925 
40.90773868132772 
41.12852038741859 
40.89932170439418 
41.1449476441496 
40.31134550392832 
41.124889157658835 
41.127398593581816 
41.134029538318096 
40.89814752845771 
40.64198304265437 
40.89295584776474 
41.12074730438248 
40.903669424113794 
40.88832744400259 
40.62346122504603 
40.90031937849688 
40.900566933245294 
40.9015115893094 
40.90094020460656 
41.14472579443646 
41.066388709166006 
41.14583167611845 
41.11940368470071 
41.133152916383935 
41.13385496281819 
40.90017446232478 
41.144028293464004 
40.886530595032305 
40.32194467565583 
40.6410815021433 
40.640922301598444 
40.62157416426518 
41.13236041043342 
40.622592911378874 
41.10014161727788 
41.111586019561756 
40.90637634767181 
40.88352744497305 
41.138297195799936 
41.12389670443821 
41.143293475670845 
41.13407722134617 
41.137497244244706 
41.11235479612707 
41.13968641856393 
40.898575510531956 
40.65380481832985 
41.123620932575136 
41.1064250803809 
41.129937524678276 
40.65010751192232 
41.130331148798916 
40.90325310409588 
40.91304595284253 
40.64562530149411 
41.10102709972939 
41.08452070069174 
41.124442046301446 
41.138036447367945 
41.145808352199296 
40.90929570842888 
41.12594247795884 
41.12358619643824 
41.110060979567926 
41.12738518779689 
40.64166505183009 
40.86514644379947 
39.86455848896298 
41.12357714135415 
41.14462195945052 
41.139409502012896 
41.136698614896986 
40.90084007604134 
41.11983049360955 
41.12245047678339 
41.08910653275768 
41.11620495885708 
40.877431729236655 
