40.93687769656775 
40.92323473189705 
40.9371676022863 
40.92623918697728 
40.937076848948045 
40.93031518019871 
40.936316393225454 
40.93615710226952 
40.9205508067384 
40.925753913878395 
40.93008943597486 
40.909580277350415 
40.93607692889316 
40.93588848024244 
40.915378115603474 
40.915314589212244 
40.930913217475 
40.92625410272514 
40.91907847174723 
40.92115496217563 
40.93612719694811 
40.92669489626952 
40.92982607352213 
40.90763366155015 
40.931322513239536 
40.930302168526254 
40.93560332991592 
40.9156425780022 
40.93065364563287 
40.93727703884113 
40.936148377974206 
40.116339782033634 
40.93094214243707 
40.93639465400603 
40.931089330871856 
40.90441774103867 
40.93070426939689 
40.705261709248205 
40.93550362816082 
40.920598975120186 
40.9367017957039 
40.93603411312114 
40.93630003696828 
40.9274125278451 
40.91788969024294 
40.93128204412079 
40.91955158465101 
40.929701168970986 
40.913307898480724 
40.93470395714124 
40.936487549776494 
40.935802259464346 
40.936019795068724 
40.93481192080576 
40.930302168526254 
40.89868718297506 
40.93043351797987 
40.12019223210758 
40.919488665457045 
40.93621386283354 
40.925231123736914 
