51.38788614514932 
51.153461908521706 
51.386319769725375 
51.389321597440635 
51.38473009102312 
51.16685645304214 
51.38382883727699 
51.15259104649999 
51.161578049247034 
51.379355727561865 
50.167724631081775 
51.38936850418619 
51.38374694560036 
51.158760531652554 
51.15770495933365 
51.38478347546087 
51.38471271891367 
51.384034727041396 
51.16323615739728 
51.15977792280499 
51.38636088260349 
51.15969530843764 
51.16479215952711 
51.386773825446866 
51.161555232046304 
51.39092485550065 
50.57601573693024 
51.385383429297114 
51.38614813530385 
51.387797622948696 
51.16145048933728 
50.900392410569815 
51.16036300128974 
51.3839467392407 
51.16318362303801 
51.15870812455942 
50.89500781348708 
51.16226124523041 
51.16229089890995 
51.16237127038251 
51.16231961845986 
51.390893764039205 
51.36736744705105 
51.39099416813818 
51.38382227000508 
51.387185116810144 
51.38778684235198 
51.16224606767571 
51.3908318016978 
51.15792849132965 
50.57975325674234 
50.90031334202471 
50.90029286592383 
50.89409770142746 
51.387650570302675 
50.89492591207704 
51.37784662358487 
51.38153348626049 
51.163419833479445 
51.1570318022533 
51.38924653205775 
51.3847647627382 
51.39075726469069 
51.387808429157296 
51.389179757964726 
51.38160323963752 
51.38937980357945 
51.161489303681726 
50.90443087559935 
51.38473775785796 
51.379472840746864 
51.38637735086697 
50.902622920042695 
51.38640392080861 
51.16315212700391 
51.165889448780746 
50.901475321288046 
51.37792135865655 
51.37324982140193 
51.38534373194431 
51.38922381153879 
51.39099159413897 
51.16492981286555 
51.385474562978075 
51.38473295539735 
51.38032937618665 
51.38560936906367 
50.90110498041831 
51.151658593156775 
50.15160184088327 
51.38474219039932 
51.390886964692356 
51.38934902175822 
51.38857378729053 
51.162927332984744 
51.38387087846147 
51.384631725756805 
51.3741890386835 
51.38247840050824 
51.155249697196055 
