51.38545764516064 
51.382411357659905 
51.38717823570152 
51.16495714827166 
51.387889949094756 
50.89695412376716 
51.16059393734827 
50.88336974036744 
50.887610087395004 
51.16330437633082 
51.389280715961995 
51.384645552032694 
51.380130025580264 
51.15164317359411 
51.38456287968402 
51.38396379718998 
51.38923064805592 
51.38010603407393 
51.154240837638746 
50.89716018988803 
51.38684546486387 
51.38475877555982 
51.1631885782772 
51.38250451424314 
51.16409284380721 
51.38779854747898 
50.89306231182339 
51.38628017383396 
51.1623294091693 
51.16412746363068 
51.3908940089731 
51.16602598215827 
51.384590371719824 
51.151654173515645 
50.90131614708326 
51.384028587779554 
51.38912774319645 
51.38933453324633 
50.899351342207794 
51.1622017327209 
51.1641164722593 
50.895926046848516 
51.15962578658395 
51.14908667917156 
51.38171976084926 
51.377834186856646 
50.8992976503071 
51.38552015879315 
50.89402846818174 
51.390854176738415 
51.38913986067913 
50.889872960527 
51.38254727520362 
51.38062796029841 
51.389430870628146 
51.16400613473077 
51.163122507319315 
51.15979030196362 
51.37938839436282 
51.3838932800051 
51.16424894482842 
51.384774159756866 
51.38615384682181 
51.38941187311372 
51.38923437781072 
51.3634272669567 
51.37715762376576 
51.38475877555982 
51.1631885782772 
51.38250451424314 
51.16409284380721 
51.38779854747898 
50.89306231182339 
51.38628017383396 
51.1623294091693 
51.16412746363068 
51.3908940089731 
51.16602598215827 
51.384590371719824 
51.151654173515645 
50.90131614708326 
51.384028587779554 
51.38912774319645 
51.38933453324633 
50.899351342207794 
51.1622017327209 
51.1641164722593 
50.895926046848516 
51.15962578658395 
51.14908667917156 
51.38171976084926 
51.16379137804268 
51.15799241484509 
50.88113428136341 
51.39076803957022 
51.1606042627007 
51.38525434935219 
51.388546431617385 
51.38151141791057 
51.375536425046 
