51.39092970964829 
51.15789409771069 
51.38790515565884 
51.16774759147852 
51.382521525150096 
51.38790309594183 
51.38235246210864 
51.157828615796475 
50.90260731166969 
51.38388981988265 
51.16250229973905 
51.38932553526008 
51.38597411164238 
50.90142885649056 
51.15500419955026 
51.385604822149304 
51.38620278605893 
51.38936810811536 
51.38475824220534 
51.16059930446753 
51.16241021284483 
51.15356344355011 
51.38226065879443 
51.1647606027696 
51.38243789818729 
51.390933361601604 
51.379979148646136 
51.160569243320495 
51.389119001091835 
51.384811928908825 
51.165026129066625 
50.89942127100635 
51.16125809345634 
51.38468622173023 
51.38770870870163 
51.37996526852039 
51.15962475830063 
51.38783013598702 
51.16143284910537 
51.165012254487074 
51.160573766449296 
51.39086129744449 
50.900457089815134 
51.38872421285781 
51.38087052470744 
51.387969312836496 
51.38778904374495 
50.90031134969866 
51.38941018867732 
51.38777083252679 
50.89591024063489 
51.15970629824523 
51.3831540234243 
51.37565535548915 
51.38768708808812 
51.383200026607206 
51.38386182285956 
51.3755177673086 
51.388735754137315 
51.374902039586686 
51.38847764216076 
51.382570189152354 
51.39076624263485 
51.38407023119205 
51.38922480657405 
51.38089629337031 
51.389408377894455 
51.38319644203332 
51.162214395677516 
51.3877833175366 
51.377868643842895 
51.38640209654972 
51.16506665445333 
51.39098263132058 
51.38765689164944 
51.38930617521537 
51.38556356352315 
50.89506523482971 
51.38303458442797 
51.15863448635798 
51.38699956435882 
51.3879819166934 
51.390754304562165 
51.384733064802745 
51.383201797934106 
51.38485838151616 
51.3894329764843 
51.15942634905036 
51.158759816415966 
50.899384848655764 
51.385525789833906 
51.39092042908993 
51.385567626987445 
51.38408700910062 
51.37995373304895 
51.383841528747254 
51.38159327874126 
51.38706847089374 
51.382522708088445 
51.154371331148816 
