51.38626175449964 
51.383219163382876 
51.386407448217554 
50.901450733204214 
51.38637193949864 
51.165735717886164 
51.16592747995104 
51.37621521900834 
51.152602599579545 
51.16334288358385 
51.389309557017064 
51.38164838645055 
50.57990132189291 
51.14985878195966 
51.38613624113657 
51.386244068903416 
51.39074698482462 
51.382384906654494 
51.155188192721724 
51.159633737645954 
51.38613059028523 
51.389221511989824 
51.163181858158666 
51.16061526384318 
51.16407775307005 
51.38102213220657 
51.16479132345309 
51.38547676830957 
51.38929399699942 
51.385464875478334 
51.39087811085603 
51.390922468057155 
51.38914995584542 
51.148099136625866 
50.89602698566671 
51.386348220975776 
51.160602667611165 
51.381060343780064 
51.38157001748502 
51.38013563326955 
51.38625650373055 
51.37918532497843 
51.38912839676689 
50.897163220174605 
51.3869770762436 
51.38008441977122 
51.15874401767536 
51.38557019807563 
51.16324905967526 
51.389385948190416 
51.39067783690207 
51.37179218861415 
51.38562414857493 
51.15851481269167 
51.389475984788064 
51.15786390650894 
51.3801689881776 
51.38779977754239 
51.1594882578684 
51.387682452987846 
51.38488931385991 
51.39083897125008 
51.384574436745616 
51.389409661606365 
51.38700853566208 
51.363478349155976 
51.38086243219994 
51.389221511989824 
51.163181858158666 
51.16061526384318 
51.16407775307005 
51.38102213220657 
51.16479132345309 
51.38547676830957 
51.38929399699942 
51.385464875478334 
51.39087811085603 
51.390922468057155 
51.38914995584542 
51.148099136625866 
50.89602698566671 
51.386348220975776 
51.160602667611165 
51.381060343780064 
51.38157001748502 
51.38013563326955 
51.38625650373055 
51.37918532497843 
51.38912839676689 
50.897163220174605 
51.3869770762436 
51.3814623693923 
51.37953204691644 
50.8863531735113 
51.390771690753546 
51.382523128897624 
51.386881296315124 
51.38784012458116 
51.380821734393976 
51.3800393535206 
