51.38792534065388 
51.1570400144919 
51.38862365348229 
51.38860216073428 
51.16410746220672 
51.386387857439566 
51.152469202786776 
51.374890079571315 
51.38327030676063 
51.38165619131865 
51.16333499475293 
51.16510473864275 
51.381560540983806 
50.57737907749335 
51.15856107958779 
51.38931103239348 
51.384733246636934 
51.389328163541265 
51.38471806031018 
51.160639490292645 
51.165987218941645 
51.37571154994654 
51.38153873227045 
51.38228665513339 
50.89417517358234 
51.38864429686424 
50.158738194543275 
51.38622771349699 
50.904469810991266 
51.389323615673355 
51.16414515007754 
50.89727916502637 
51.15424852917725 
51.38389356995046 
51.38782941863821 
51.15072587606883 
50.88977192335908 
50.90046117097798 
50.89603478290757 
51.165022066516315 
51.381633252787445 
51.390921691753526 
51.3689658817858 
51.39100872884902 
50.89616092386375 
51.38792532175069 
51.39078682205051 
51.37942463532575 
51.3893597796786 
51.389222916581915 
50.57451757990407 
50.90035203133695 
51.38019414421453 
51.15874204885223 
51.38697276169966 
51.16052131233363 
51.38916436232755 
51.15422324014498 
51.3910207918329 
51.38545524007049 
51.386994115212126 
51.38474635376337 
51.389276831912895 
51.15984001574317 
51.3906970815497 
51.38766961915342 
51.387133394948435 
51.38017636183286 
51.38462696822013 
51.16506628845749 
51.371069044275494 
51.1668766990351 
50.903674022162676 
51.390994185440164 
50.5813527957497 
51.3878117624783 
51.16150730250434 
51.15078043873675 
51.380075830983195 
51.15689275387638 
51.165025122363254 
51.38949367892053 
51.38628111790956 
51.387730993702135 
51.38468238230115 
50.88771746260167 
51.389432797951756 
50.888527910369795 
51.374840391445154 
50.904587340749515 
51.38627810870647 
51.39086899531159 
51.387887699119524 
51.38484579515911 
51.15509775601933 
51.38459220601073 
51.38313850453136 
51.155294646775246 
51.15087654621537 
51.15530695845462 
