41.12097168349876 
41.12371885722604 
41.122985745902106 
41.12315332350926 
41.12996797136407 
40.6262273421985 
41.13797225921066 
40.21305623551003 
40.86292689818884 
40.882769812385064 
41.14357564535061 
41.11799318980587 
40.9060022468572 
39.84720910507827 
41.114634607022715 
41.12115519179793 
41.13843113112331 
41.128593744581444 
41.1049597573562 
41.12811174740715 
41.119708772717644 
41.13345386484398 
41.13077308667068 
40.907565440605495 
40.91858279102146 
41.116788476560544 
40.888030742982636 
41.12926984151298 
41.138462792752975 
41.11669201453004 
41.14486502888869 
41.14490312150034 
41.13028693200794 
40.879443463622636 
40.903728021779756 
41.13673769993525 
40.88416350871116 
41.12211466776373 
40.63878108999169 
41.107634650671386 
40.91644472134392 
40.61510622485526 
41.13190227979417 
40.871416891265866 
41.11551210364318 
41.12565228720296 
41.09849729648922 
41.12448634988984 
40.58601169089229 
40.91750289830996 
41.142545224098086 
41.11788362871409 
41.12443751935505 
41.10074267777945 
41.145250383144095 
41.12528043314621 
40.89457920063055 
40.634836641477825 
41.11582230458877 
41.115548405776096 
40.8883129948657 
41.124263717309724 
41.115141117760956 
41.139301288109706 
40.89042650051219 
41.08524962921918 
41.095361261301306 
41.13345386484398 
41.13077308667068 
40.907565440605495 
40.91858279102146 
41.116788476560544 
40.888030742982636 
41.12926984151298 
41.138462792752975 
41.11669201453004 
41.14486502888869 
41.14490312150034 
41.13028693200794 
40.879443463622636 
40.903728021779756 
41.13673769993525 
40.88416350871116 
41.12211466776373 
40.63878108999169 
41.107634650671386 
40.91644472134392 
40.61510622485526 
41.13190227979417 
40.871416891265866 
41.11551210364318 
40.89026109764919 
40.878845205135605 
40.58820326727389 
41.1437131949584 
41.12899756587216 
41.132111019983626 
40.91079655804282 
41.131972068432916 
40.888022292614565 
