51.389182804769334 
51.38618177814025 
50.90253940054411 
51.38944266825495 
51.375617102072844 
51.15941403075728 
50.891734077507564 
50.57717974195284 
51.16061094240076 
50.56394862723875 
51.380209214015274 
51.15963022199542 
51.161262998424334 
50.900375361635824 
51.38406255337744 
51.15882383667342 
51.38783573321474 
51.38907277875429 
51.38682156510506 
51.38531865319986 
51.16050340510273 
51.37491747099141 
51.16052593867666 
51.3825328824303 
51.157761556824944 
51.164763483245395 
51.158682131747796 
50.89181189171077 
51.38768159608888 
51.38541000210622 
51.15613954529392 
51.14997055143686 
51.389373701687134 
50.90026084971039 
50.89607763905578 
51.37714115184839 
51.15885779267616 
51.1605930701108 
51.37861772559265 
51.15969174100542 
51.15956412582442 
51.161219191803816 
50.90234107434293 
51.37716354594874 
51.38791736764876 
51.38463412394318 
51.381069591797306 
51.386897552379 
51.38547967020615 
51.38768672977028 
51.38780162231735 
51.38387087846147 
50.89604442122825 
51.375631724207366 
51.1553262695976 
51.38246077927269 
51.163113808788616 
51.157953777820396 
51.38238391775808 
51.38922771103101 
51.39094739092706 
51.38920195762757 
51.38538369520159 
50.57333878111409 
51.16056655784637 
51.156242334187894 
51.38921672314891 
51.38780162231735 
51.38387087846147 
51.16508081977943 
51.39098221536545 
51.16071937715133 
51.38765413162478 
51.37717619223986 
51.38935038749217 
51.38617398746049 
50.89691383221488 
51.381730674971124 
51.16589343506371 
51.3823057080561 
51.38931209456635 
48.56157577870542 
51.383933064770304 
51.16338357675336 
51.386965416714986 
51.38244819342215 
51.159765873919135 
51.16225104331457 
51.38096871751649 
51.158798101429966 
50.57345704432823 
50.897023639465466 
51.38935996162864 
50.901357089807206 
51.378687750537445 
51.38629371151339 
50.90480307308269 
51.38551890739865 
51.161555232046304 
50.57603622490766 
