51.6387159408075 
51.635744955379444 
51.63873556623149 
51.636425807432474 
51.64022636465211 
51.638740757799816 
51.63866176861969 
51.4109862780083 
51.40760451787949 
51.41023187342015 
51.63869501186803 
51.63864078678968 
51.63342770315787 
51.40750756075619 
51.64012898711423 
51.41699440682359 
51.63725896272851 
51.634283245632645 
51.63424272571359 
51.634986327067594 
51.63863393001888 
51.64014712400557 
51.63870998996089 
51.63645066892967 
51.64017826174172 
51.63570656949334 
51.63798567093713 
51.63723291648501 
51.635693633980964 
51.6401035179034 
51.640175273085504 
51.63728464986277 
51.63637556100745 
51.63427808852832 
51.411790241196705 
51.63869863235583 
51.635771294313834 
51.63574283444192 
51.63863163218277 
51.640090426235 
51.640160748035164 
51.6386163544715 
51.63796881563048 
51.638635907114775 
51.64015944318619 
51.63715117913772 
51.63647038659291 
51.63863921503748 
51.63273178756213 
51.41537364558306 
51.636451782082005 
51.63798301304488 
51.637249607982085 
51.4169488888937 
51.63875980911003 
51.638620734843066 
51.63201005626924 
51.63869696390371 
51.64010309236129 
51.64014611654543 
51.638747463896564 
51.41703034371037 
51.63119399122174 
51.63791869087659 
51.640102336002556 
51.62768082129492 
51.635691151919424 
51.64014712400557 
51.63870998996089 
51.63645066892967 
51.64017826174172 
51.63570656949334 
51.63798567093713 
51.63723291648501 
51.635693633980964 
51.6401035179034 
51.640175273085504 
51.63728464986277 
51.63637556100745 
51.63427808852832 
51.411790241196705 
51.63869863235583 
51.635771294313834 
51.63574283444192 
51.63863163218277 
51.640090426235 
51.640160748035164 
51.6386163544715 
51.63796881563048 
51.638635907114775 
51.64015944318619 
51.63575148733331 
51.414501410603016 
51.40922921688035 
51.64018521867345 
51.63353671011323 
51.64017406689567 
51.63573823771481 
51.640135004025744 
51.63708043823933 
