43.070708838732536 
43.06360737737459 
43.07072778856331 
43.070715280839224 
43.07071482377595 
43.07071517387128 
43.07067193972509 
43.07065630433627 
43.07072793304278 
43.070675090376106 
43.06718987570993 
43.06895317979794 
43.07066999497057 
42.48089162564886 
43.06806153875824 
43.07072136313295 
43.070708149255005 
43.07072120996575 
43.07072820807629 
43.06716283519501 
43.070728287065684 
43.07069249544421 
43.07067589967376 
43.070720628767404 
43.067150764309325 
43.070728398733486 
42.48223346280665 
43.0707283034348 
43.06719287455653 
43.07072194482761 
43.0689429591333 
42.805744139024014 
43.06893037377455 
43.07069450544414 
43.07072839962802 
43.06713408028796 
43.06708237371917 
43.06896039649421 
43.068921506024715 
43.06895598088285 
43.07068485673199 
43.07072797896148 
43.07051557610564 
43.07072845210937 
43.0671891497441 
43.07072846412278 
43.07072719532983 
43.070672192219696 
43.07072160719826 
43.070720863561384 
43.067188426263954 
43.06718953534523 
43.070675451666425 
43.06807798906166 
43.07071744415508 
43.067172643987234 
43.07071861480203 
43.068907572938805 
43.070728470128245 
43.070701303239794 
43.07071431616828 
43.070715036465494 
43.07072056618958 
43.06892765836763 
43.07072687069603 
43.07071375092883 
43.07072128955943 
43.07068868955041 
43.07070897209316 
43.06894967975724 
43.070714918158345 
43.06895995044184 
43.068963242753675 
43.07072837515798 
42.80575561429045 
43.07072108257021 
43.06895001020205 
43.070660244643456 
43.07066634644232 
43.07068504547508 
43.06895929218837 
43.07072194482761 
43.07071489114204 
43.070714823431906 
43.07069483116936 
43.068960274180995 
43.070721663869726 
43.06892680538499 
43.07063054668634 
43.0671800898495 
43.07071468622458 
43.07072783967852 
43.07071502141993 
43.070695547132544 
43.06892680538499 
43.07069503837225 
43.07068526389307 
43.06804894471374 
43.070695612497715 
43.06893389145416 
