43.070715040907906 
43.066223183569356 
43.07070516982023 
43.07072165961083 
43.07071121150278 
43.068959891414835 
43.07070698095321 
43.06891721819717 
43.070721683877025 
43.07066887018476 
42.06807824164863 
43.07072126572941 
43.07068574102692 
43.068946505944105 
43.06717947969721 
43.07071179173136 
43.070708347974346 
43.07071150956164 
43.07072828631826 
43.06184640513221 
43.070721827411504 
43.07072120876184 
43.0680617059746 
43.07072710745438 
43.06891448776571 
43.07072825643339 
42.483537724579925 
43.07072800927785 
43.07070838132022 
43.0707218862979 
43.06892678039121 
43.06628757230624 
43.06891125771093 
43.07069466515872 
43.07072178470876 
43.06894607688096 
42.804626541659914 
43.070728079537275 
43.06804642315214 
43.06807756907804 
43.068929993089625 
43.07072785925893 
43.070531574434916 
43.07072836966069 
43.07071470490735 
43.07072846332132 
43.07072091080275 
43.068945770463785 
43.07072789173152 
43.06805851429705 
43.06719469899549 
43.068949998069996 
42.8067655527241 
42.80678969280629 
43.070726797506666 
43.06892671837349 
43.07070262226396 
43.07069482372885 
43.06891535563249 
43.06890437626818 
43.07072064131561 
43.07072798037262 
43.07072692545625 
43.07072116976794 
43.07072679750698 
43.070685021443 
43.070721230138126 
43.06894974981312 
43.06896662035482 
43.070698240439995 
43.07071170353826 
43.070721663793975 
42.80574816527323 
43.07071539366103 
43.0689535242339 
43.070727457100865 
42.80679324397137 
43.070676342243445 
43.07065989454995 
43.07071364082706 
43.07072709074746 
43.070728334530436 
43.07072759434164 
43.07069844415445 
43.07070146328893 
43.07072189682183 
43.07071502926216 
43.068962135364416 
43.06800326933777 
42.069783075036206 
43.070708046253266 
43.07072798037262 
43.07072118686113 
43.070714647310936 
43.068962135364416 
43.070691798976554 
43.0706981229381 
43.07068905186353 
43.07071461508433 
43.065375305769926 
