43.07071857916477 
43.07068190604298 
43.07072836006492 
43.06895610304023 
43.070715355110025 
43.068940609104104 
43.07071519934071 
42.805685484065265 
43.06362353466497 
43.068966188237084 
43.07072747645515 
43.0706981229381 
43.07071466083119 
43.07070499711603 
43.07072788862939 
43.07069548912182 
43.0707204538081 
43.0706893647123 
43.070686174327996 
43.068067931156286 
43.07072801307384 
43.07070155820911 
43.06895332501969 
43.07069248605497 
43.067190098823566 
43.07072105319883 
43.06893585384636 
43.07070213440079 
43.06892406333211 
43.068920889680435 
43.07072776282049 
43.068966213592 
43.0706986268071 
43.06718259507654 
43.067163566794875 
43.07070552675256 
43.07072120677646 
43.07072105319883 
42.80679177679111 
43.06895366321698 
43.0689497386702 
43.06629345142842 
43.0706948473844 
43.07068870345338 
43.07070143651771 
43.070702261115215 
43.06539094759593 
43.07069250711294 
42.80572861232098 
43.070727550933185 
43.07072627969164 
43.06713699897072 
43.07071538637368 
43.07068574102692 
43.07071857916477 
43.06895030046217 
43.0689469401339 
43.06894751471294 
43.07068869083618 
43.070707406064244 
43.06896035691622 
43.07070207727113 
43.07070169343446 
43.07072164925431 
43.07072095539829 
43.07057350897263 
43.07064333518088 
43.07070155820911 
43.06895332501969 
43.07069248605497 
43.067190098823566 
43.07072105319883 
43.06893585384636 
43.07070213440079 
43.06892406333211 
43.068920889680435 
43.07072776282049 
43.068966213592 
43.0706986268071 
43.06718259507654 
43.067163566794875 
43.07070552675256 
43.07072120677646 
43.07072105319883 
42.80679177679111 
43.06895366321698 
43.0689497386702 
43.06629345142842 
43.0706948473844 
43.07068870345338 
43.07070143651771 
43.068962135364416 
43.06887922028028 
42.8056204035726 
43.07072694881939 
43.06891750234908 
43.07071502799687 
43.070717964007535 
43.07068419344106 
43.07065064348027 
