43.07072820807629 
43.07069802061218 
43.070728407342116 
43.07071162299937 
43.07070878926457 
43.070708646544944 
43.07072107630735 
42.80357194353471 
43.068869695333994 
43.061879475381026 
43.070727374854215 
43.07068526389307 
43.07071131168449 
42.48090122847573 
43.07072136326303 
43.07070197277018 
43.070720426010276 
43.07071509874418 
43.07070215856283 
43.07071407617511 
43.07072809641628 
43.070711013674476 
43.07072128397139 
43.068937208459595 
43.0689666674898 
43.070676197006826 
43.070690955171656 
43.07070537177647 
43.07072076375094 
43.070689196561155 
43.07072785584056 
43.07072786821754 
43.07070494840396 
43.06806153892847 
43.068946531279664 
43.07071819003912 
43.07067971388398 
43.07068259876038 
42.806788276577564 
43.070699207374 
43.0689663044621 
43.06714064402065 
43.07071424317207 
43.06805512506093 
43.070711065834125 
43.070715029902765 
43.07064980976564 
43.07069271834681 
42.80679375037477 
43.06895657118204 
43.0707264566923 
43.07070107011179 
43.070728283795674 
43.07066999497057 
43.07072820807629 
43.07071513661632 
43.068943714050036 
43.06896019305909 
43.070708296490665 
43.07070118667986 
43.06894425395762 
43.070695721518746 
43.07071111240365 
43.070721230150774 
43.07070528066086 
43.070637650239874 
43.07064326861748 
43.070711013674476 
43.07072128397139 
43.068937208459595 
43.0689666674898 
43.070676197006826 
43.070690955171656 
43.07070537177647 
43.07072076375094 
43.070689196561155 
43.07072785584056 
43.07072786821754 
43.07070494840396 
43.06806153892847 
43.068946531279664 
43.07071819003912 
43.07067971388398 
43.07068259876038 
42.806788276577564 
43.070699207374 
43.0689663044621 
43.06714064402065 
43.07071424317207 
43.06805512506093 
43.070711065834125 
43.06892680538499 
43.06888277087475 
43.0671256071996 
43.070727013446025 
43.07071164315268 
43.070715087796984 
43.06895670219406 
43.07071294561475 
43.068905181253626 
