43.06807087245649 
43.07070444879298 
43.070695826726045 
43.070728309211624 
43.06715968684037 
43.06892680538499 
43.07068863637186 
43.0706987990743 
43.07072828706615 
43.06627692442725 
43.068892155797016 
43.07071479157746 
43.06629093118365 
43.07068942503198 
43.07070796563874 
43.068892155797016 
43.07071466763864 
43.07072703036627 
43.070727764728865 
43.070727764728865 
43.07068485673199 
43.07064347840674 
43.07067948346695 
43.070721601927076 
43.070714243342614 
43.0707281749364 
43.06895913869247 
43.06806153875824 
43.070727906484606 
43.07069795052041 
43.067147212148555 
43.070669672129284 
43.07070181602054 
43.070695748934895 
43.068907601956525 
43.0689137044442 
43.07064965159849 
43.06893347322055 
43.07066902630188 
43.067147212148555 
43.070640327212686 
43.0707017492904 
43.06805472268925 
43.07071488933578 
43.070721730595665 
43.07072177334464 
43.07070890230022 
43.068059423471944 
43.070711065834125 
43.07072820807629 
43.070721479373134 
43.07069503837225 
43.06892681733634 
43.068905099942235 
43.070695567861414 
43.070711065834125 
43.070727764728865 
43.07071228401791 
43.068959268710586 
43.07072820807629 
43.07071537856924 
43.070727185858516 
43.070727764728865 
43.067188681779406 
43.07068485673199 
43.07068264446421 
43.07072820807629 
43.070721479373134 
43.07069503837225 
43.07071226069982 
43.07072829875021 
43.06896684480576 
43.070714709208275 
43.06717041345279 
43.07072180516083 
43.070705443146444 
43.07067584508949 
43.07066343322958 
43.07071487343034 
43.07068916749788 
43.07072746071898 
42.482200087249524 
43.07069450544414 
43.0689474279624 
43.07072837543971 
43.07070472586947 
43.07068881342711 
43.07072687069603 
43.06630658377734 
43.06888247202894 
43.063646443319925 
43.06896000226189 
43.068959634871476 
43.07066247432558 
43.07072751422342 
43.07069265302883 
42.805756187016534 
43.065417816229285 
43.067150764309325 
42.80670070358714 
