34.53214694635586 
34.519701960142065 
34.53197248953381 
34.53215476210989 
34.53193358463745 
34.532078946655425 
34.531888219715185 
34.52579643729176 
34.526292268647616 
34.531749757228496 
34.52614871037212 
34.53205569699937 
34.53186613514561 
34.26256121459143 
34.52317776909685 
34.5320817652822 
34.53199248574715 
34.53206949882919 
34.53215935047535 
34.49346288383934 
34.53216016190019 
34.53172396839251 
34.53177407078961 
34.53211379177809 
34.53146157774595 
34.532160128509425 
34.53154902434682 
34.53215851721538 
34.53206047959204 
34.53195475615774 
34.52611793807846 
34.25904567525565 
34.52567782811926 
34.531794075503754 
34.53215863405414 
34.531899098345015 
34.52560158839143 
34.53209217048838 
34.49975270837547 
34.52632102023102 
34.52583332489273 
34.53213953026722 
34.26222342496204 
34.532163321766376 
34.53176261917731 
34.53216391983708 
34.53198601472154 
34.5203148704855 
34.53208220414773 
34.53205567980915 
34.52315410166721 
34.514373108503925 
34.531542433804084 
34.53193170946486 
34.53210774842356 
34.53166058395718 
34.53202097911296 
34.531697836774114 
34.532026815440645 
34.531178279036865 
34.532005923283315 
34.532084848546376 
34.53210825569116 
34.53193145774572 
34.53203891639217 
34.53159252391586 
34.532070426918175 
34.531813976375254 
34.53201681508019 
34.531945357989294 
34.531949975711996 
34.53208357266165 
34.52619917306379 
34.53215655046674 
34.53195624803642 
34.53212290830165 
34.53186552539298 
34.520076432568295 
34.53187831724995 
34.53196476926108 
34.531942691845494 
34.53202277745057 
34.53213467604357 
34.53185876030437 
34.531740694285176 
34.53215705847211 
34.532084741051534 
34.53179506499215 
34.52258172708822 
34.262362554242024 
34.53185233433238 
34.532152868177405 
34.53189187694987 
34.53178763733604 
34.53179506499215 
34.53177460803097 
34.53166158492297 
34.532141167830865 
34.53206506262411 
34.520144864195174 
