34.53205087234434 
34.53162476448158 
34.53216025980771 
34.52622533939468 
34.53201789513152 
34.52607234652629 
34.53201219402873 
34.26196232609137 
34.508333819619004 
34.5263434821326 
34.532128138524264 
34.531803318582654 
34.531991608077526 
34.53188813845869 
34.53214268094521 
34.531789452693246 
34.532037525825146 
34.53173262064188 
34.53169704158664 
34.52324351922332 
34.532147590890474 
34.531844610047784 
34.52620554951032 
34.531761317216976 
34.52040387093674 
34.53205949998417 
34.52598379155163 
34.531866707434645 
34.525882858840795 
34.52584947011383 
34.5321385324785 
34.526342678566 
34.53182182547324 
34.520297639396254 
34.52009886477402 
34.531906804042336 
34.53206495988992 
34.53205949998417 
34.26594033692794 
34.52621814464708 
34.52615755794109 
34.517308077205094 
34.53176726728343 
34.5317082291818 
34.531841838470115 
34.53187096088314 
34.514177110150875 
34.53176369750208 
34.262442338299635 
34.532131062920314 
34.53208625352818 
34.519793482869765 
34.532018685554114 
34.5316837684726 
34.53205087234434 
34.52617802239785 
34.526138186461495 
34.52615918720574 
34.5317058980648 
34.53189306727562 
34.52629568307645 
34.53186391167888 
34.53185073773812 
34.53208109429447 
34.53205668584375 
34.53048317245937 
34.531212131742514 
34.531844610047784 
34.52620554951032 
34.531761317216976 
34.52040387093674 
34.53205949998417 
34.52598379155163 
34.531866707434645 
34.525882858840795 
34.52584947011383 
34.5321385324785 
34.526342678566 
34.53182182547324 
34.520297639396254 
34.52009886477402 
34.531906804042336 
34.53206495988992 
34.53205949998417 
34.26594033692794 
34.52621814464708 
34.52615755794109 
34.517308077205094 
34.53176726728343 
34.5317082291818 
34.531841838470115 
34.52627846187423 
34.52540554076098 
34.26127682682459 
34.53210878241303 
34.52580933026087 
34.53200564451319 
34.53202986554463 
34.53162693888031 
34.53131307260893 
