34.53200527067076 
34.51656515360658 
34.53189392490896 
34.53208226425435 
34.53195056574005 
34.52627967450782 
34.53187980479344 
34.525798265627884 
34.53208317799085 
34.531480731529555 
33.523370198781436 
34.532066127423754 
34.5316837684726 
34.5261229860742 
34.520266567796504 
34.531969452318116 
34.53192720645031 
34.531958621320854 
34.53215650406798 
34.50235619465676 
34.53208841195807 
34.532066095424604 
34.52318171581222 
34.53211572577395 
34.52578111128065 
34.53215587324212 
33.93962955916811 
34.532148992907615 
34.5319282305213 
34.53208957680153 
34.52589941912053 
34.51725855383265 
34.525746847063054 
34.53176040048842 
34.532085420051764 
34.52610652872079 
34.258441557024206 
34.53215144090305 
34.5230368708532 
34.52334728377279 
34.525934466012586 
34.53214302478711 
34.5300290651674 
34.532160429665055 
34.5319938418595 
34.53216460617503 
34.53205530719925 
34.526095703011286 
34.53214486060293 
34.523146448709305 
34.52040896045195 
34.5261667258255 
34.26567701646821 
34.26596098764491 
34.53210541150591 
34.525896997820574 
34.53188431556468 
34.53176551010125 
34.5258142131049 
34.525660893189 
34.53204407258256 
34.53214755680256 
34.53210797275956 
34.532062606874305 
34.532105411622055 
34.53165552921747 
34.53206576898679 
34.52615697154531 
34.52635845257464 
34.531807445476375 
34.53196681241232 
34.53208182265936 
34.26265969029687 
34.532017676937635 
34.52621249189333 
34.53212686662674 
34.26598972182835 
34.53158736175434 
34.53140195094161 
34.53195596943094 
34.53211475421763 
34.53215920547224 
34.532131393292254 
34.531814910320946 
34.53184211680722 
34.53209076487352 
34.53200578401441 
34.52627846187423 
34.52254064744147 
33.528558575439355 
34.53191690610962 
34.53214755680256 
34.5320645386158 
34.53199190984912 
34.52627846187423 
34.53173857965604 
34.531803318582654 
34.53172014599287 
34.531990099218625 
34.514018694625925 
