43.07072016168741 
43.07070773178734 
43.07066710140391 
43.070728341781965 
43.06891061383853 
43.07069789591683 
43.06893040148274 
43.07069185670272 
43.070728323093284 
43.06884319632544 
43.07066011023586 
43.07067001781348 
43.067189543353486 
43.07066710140391 
43.07071426321962 
43.07066011023586 
43.070728098301856 
43.07072703015279 
43.070728080689335 
43.070728080689335 
43.067185589967785 
43.07067190822343 
43.07068279125301 
43.07072787650743 
43.07072060941459 
43.07072816321189 
43.070711018774375 
43.068061573794374 
43.07072775177266 
43.07068519026696 
43.067143941297985 
43.07067589701989 
43.07072170904229 
43.07071507058003 
43.07068214826306 
43.070659316711236 
43.07071364328221 
43.07069839726515 
43.07070750177238 
43.067143941297985 
43.070700894925544 
43.0707143986735 
43.068061230610944 
43.07072088329978 
43.06895071711024 
43.07070575759866 
43.07071533861724 
43.06806588332952 
43.07072063294868 
43.07072834851251 
43.07072793690108 
43.07069504993429 
43.070697907803535 
43.07067009524681 
43.07070228492978 
43.07072063294868 
43.070728080689335 
43.07070592992982 
43.06896550461793 
43.07072836002291 
43.07072184682333 
43.07071732577754 
43.07072809219973 
43.07070442955536 
43.06893319013442 
43.068065530609964 
43.07072836002291 
43.07072793690108 
43.07069504993429 
43.07072835881792 
43.07072827602863 
43.070705700210375 
43.06895920847208 
43.070692170007845 
43.06896662724682 
43.07070524157002 
43.06893353608531 
43.06889862444775 
43.07070549154164 
43.06892762298538 
43.07072736692413 
43.070691585097144 
43.07071063821873 
43.068966784410264 
43.07072839859403 
43.07069822065242 
43.068966005818254 
43.07072685859531 
43.06717396178741 
43.06888579330793 
43.06894089776762 
43.07072140099258 
43.0707209780305 
43.06892039479923 
43.07072082933689 
43.068953698290564 
43.07072833545183 
43.07072803818042 
43.07066607608681 
43.070631272658446 
