34.523268815381 
34.531868294543756 
34.531801080613945 
34.53215728245201 
34.52004091273675 
34.52590043068204 
34.53170615749107 
34.531827581811406 
34.53215843719359 
34.51712026240461 
34.525546191014165 
34.53199725060344 
34.51729870200715 
34.53173304915778 
34.531914226554655 
34.525546191014165 
34.53199239619142 
34.53211344171544 
34.53213876766913 
34.53213876766913 
34.531651579067855 
34.53121644517209 
34.531620145659744 
34.53207942809016 
34.531978311363865 
34.53215491779853 
34.52625320752922 
34.52317656337788 
34.53214471943108 
34.531796667456575 
34.519916044998 
34.53151005945998 
34.531854548349386 
34.53179870073903 
34.52569652831754 
34.52575392417797 
34.53127695623801 
34.52597780043847 
34.53148649602631 
34.519916044998 
34.531185293181196 
34.53185249696557 
34.52309283800661 
34.53200006003937 
34.53208390066344 
34.53208689872873 
34.531946854814464 
34.523179647209275 
34.53194510075499 
34.53215408889133 
34.532073819801084 
34.531774225589956 
34.52590086594956 
34.52568871535515 
34.531792880623726 
34.53194510075499 
34.53213876766913 
34.53198849574941 
34.526256913070725 
34.53215408889133 
34.532016908757846 
34.53211911709851 
34.53213876766913 
34.52035358041856 
34.531651579067855 
34.53165241691943 
34.53215408889133 
34.532073819801084 
34.531774225589956 
34.531987691836214 
34.53215884293535 
34.52636462483403 
34.53199343299322 
34.52018397422882 
34.53208683537016 
34.5319047003436 
34.53157054688388 
34.53144762345575 
34.532000092736915 
34.53172316985031 
34.53212729624507 
33.93510362835524 
34.53175518525499 
34.52615491006138 
34.53216201587037 
34.53187855573561 
34.531712436568334 
34.53210820981351 
34.51745631434427 
34.52544137355897 
34.508589998545276 
34.526283066401284 
34.52626900164132 
34.53141429302522 
34.53213059747263 
34.53176922131907 
34.26275366605278 
34.51449489991568 
34.519962618963135 
34.26500073178636 
