43.27844960444605 
43.278443097388475 
43.27844961134114 
43.278449164637316 
43.27844342391308 
43.278449565396585 
43.2784431339947 
42.692617461997926 
43.278431037219086 
43.27585720188109 
43.27844928883823 
43.278449076957656 
43.2784431276716 
42.690034587991036 
43.27844329969218 
43.2784427924257 
43.278449279912984 
43.278449394432734 
43.278449475896664 
43.278443240025894 
43.27844929660121 
43.27844928242889 
43.27844321941073 
43.276698256120184 
43.278449652600884 
43.27841890552173 
43.27844939561651 
43.27844935492633 
43.27844277636392 
43.27844917398028 
43.278449260688454 
43.27844949608753 
43.27844947226001 
43.278443330393955 
43.27671910426725 
43.2784492215531 
43.27844013231153 
43.27843099297918 
43.27672255149031 
43.278449394432734 
43.27844949464236 
43.27844905470269 
43.278443284191326 
43.278443284115056 
43.278449327754785 
43.27843117123037 
43.27840351641405 
43.278428048197384 
43.27673184206328 
43.27844314443872 
43.278449085033955 
43.27844939561651 
43.278449637551084 
43.27844311368299 
43.27844960444605 
43.278449398066826 
43.27844316671272 
43.2784494361574 
43.278449156783736 
43.27844911940769 
43.27844351388748 
43.27673473827443 
43.27844268542246 
43.276710204404765 
43.278424867601515 
43.278431167244655 
43.27843697932639 
43.27844928242889 
43.27844321941073 
43.276698256120184 
43.278449652600884 
43.27841890552173 
43.27844939561651 
43.27844935492633 
43.27844277636392 
43.27844917398028 
43.278449260688454 
43.27844949608753 
43.27844947226001 
43.278443330393955 
43.27671910426725 
43.2784492215531 
43.27844013231153 
43.27843099297918 
43.27672255149031 
43.278449394432734 
43.27844949464236 
43.27844905470269 
43.278443284191326 
43.278443284115056 
43.278449327754785 
43.278449232224 
43.27842468140604 
43.274963599907515 
43.27844925844382 
43.278430809374115 
43.27844334241527 
43.278440035712784 
43.27844912058768 
43.275869197672975 
