34.531944247043405 
34.50815799490132 
34.53213963119588 
34.532015014702466 
34.53199906180573 
34.53201116386119 
34.53151182560976 
34.53135322551123 
34.53214588962973 
34.53154291565027 
34.52039609641175 
34.526199209858234 
34.53152275239347 
33.93092276726061 
34.52317656337788 
34.532070746966745 
34.53192033031052 
34.532064424557 
34.53215408889133 
34.52007294769851 
34.532158437019376 
34.53176330849436 
34.5315721421035 
34.532045419935095 
34.519962618963135 
34.53216099022319 
33.93545259745782 
34.53215937120667 
34.52042311629622 
34.53209163516554 
34.52607581664289 
34.26261153206148 
34.525948226388536 
34.53175518525499 
34.532161091150336 
34.5197691092398 
34.519207248575995 
34.52629833320501 
34.52587155499942 
34.526220698764135 
34.531651579067855 
34.53214741824419 
34.52985967442187 
34.53216336090607 
34.52037076271373 
34.53216471662552 
34.53211927377823 
34.53151931173698 
34.53208093586838 
34.53205181914555 
34.520345757612866 
34.52038414049424 
34.53155537422898 
34.523361828562315 
34.53201232249472 
34.52018278281051 
34.53205400643224 
34.52569598839968 
34.53216539402021 
34.531835949467016 
34.531979219881094 
34.532006620034146 
34.532042010608066 
34.52593001982573 
34.53210820981351 
34.531959275406486 
34.532067927215024 
34.531706678028044 
34.53194925070722 
34.526155485786695 
34.53200148752159 
34.526281800243815 
34.52631943371285 
34.53216015678995 
34.26273275596148 
34.53206009432305 
34.52616629781063 
34.53141407444952 
34.53147201020073 
34.531657360309346 
34.526257735927054 
34.53209163516554 
34.531999352424904 
34.531998106258285 
34.53176636821703 
34.52629366779534 
34.53208185082527 
34.52590043068204 
34.53107685545405 
34.52028794629482 
34.53199358103303 
34.53214266183966 
34.53200492005908 
34.53179145049549 
34.52590043068204 
34.531774225589956 
34.53166555944333 
34.5230476899698 
34.53179334734209 
34.52599211350525 
