43.07072018168692 
43.07070765740136 
43.06717702678882 
43.070728270376584 
43.07063701322252 
43.068962135364416 
42.80678172368861 
43.0671856831013 
43.06896668443977 
43.06535846916573 
43.070679361526 
43.07070190802405 
43.07070807389454 
43.06716423899373 
43.07069515018786 
43.068927455867474 
43.0707150737873 
43.070717400292956 
43.0707085794781 
43.0707085794781 
43.068929993089625 
43.070652912696644 
43.0706860236602 
43.0707151399354 
43.07070442696151 
43.07072825581887 
43.06807115588397 
43.06717947969721 
43.07072777659065 
43.07069460398532 
43.06888515920124 
43.06890159013709 
43.070721636188416 
43.06718330651992 
43.0662710639684 
43.070643391567266 
43.06891364602012 
43.068914368844375 
43.07067885645928 
43.06889800154506 
43.07069465464131 
43.06892706204036 
43.06718849358106 
43.070721116041966 
43.070718588547905 
43.070702649450716 
43.07071532463441 
43.070708916812364 
43.07070141315432 
43.07071857916477 
43.07072136827107 
43.070691798976554 
43.06893654544296 
43.07065702189267 
43.07068907228171 
43.07070141315432 
43.070718181473225 
43.06892808759965 
43.070717418890105 
43.07072828631826 
43.07072822365066 
43.070726938379366 
43.07072788862939 
42.80467682851913 
43.06892360707623 
43.068927792558945 
43.07072828631826 
43.07072136827107 
43.070691798976554 
43.07072822858277 
43.07072822866836 
43.06895687519678 
43.0707144624983 
43.07067928388997 
43.07072169803189 
43.07070222896157 
42.806797041466 
43.070669912126874 
43.068959790723504 
43.07069209535854 
43.07072756258149 
42.069820563869406 
43.07069466515872 
43.06895386951365 
43.07072828118641 
43.07070474655041 
43.068949746218536 
43.07072682086996 
43.070689294116 
43.0689274670065 
42.80361956928403 
43.06895331046626 
43.0707276672405 
43.06717594707848 
43.070714558220814 
43.0707089259663 
42.80681354884442 
43.070727979100624 
43.06891448776571 
43.067121612572066 
