43.27844961998741 
43.278418825420545 
43.27844964677409 
43.278443241749095 
43.27844965039696 
43.27844949326251 
43.278449497869545 
43.278449633101175 
43.27844929845976 
43.27844905351309 
43.27844925489844 
43.27844928974155 
43.27844951712342 
43.278443242313266 
43.27844000028162 
43.27844020642824 
43.27844917267182 
43.27844937459522 
43.27840376717934 
43.2784249558959 
43.27844350723145 
43.27844359789497 
43.278437044526065 
43.27842772717827 
43.27844897398776 
43.27673762486049 
43.27843068853312 
43.27844953342706 
43.278449175486976 
43.27844964153338 
43.27844318374895 
43.01350297025158 
43.27843360054963 
43.27844947532695 
43.278449117614315 
43.27844937459522 
43.27844922602236 
43.27844896156757 
43.27843676865416 
43.278437184623414 
43.278449471195906 
43.27844299980913 
43.27844324630802 
43.278430772611536 
43.2784432288983 
43.278443241749095 
43.27841248479497 
43.278422012275314 
43.27844326123132 
43.27844291488057 
43.278449378997934 
43.27844952257145 
43.278443392711914 
43.2784430217287 
43.278442888475105 
43.2767223342525 
43.27844900089372 
43.27672553252346 
43.27843687877756 
43.278449133571904 
43.27844323896598 
