34.35790576789638 
34.357738936730925 
34.357980576121335 
34.35796206669122 
34.35798013600528 
34.35798154349818 
34.35789774715192 
34.351805352425906 
34.351414703676795 
34.34582013036536 
34.35789433348124 
34.35796330475802 
34.35795660155879 
34.345877824033494 
34.357976236480766 
34.35202188839337 
34.35782108564004 
34.35790632093655 
34.35790402188689 
34.3578942639575 
34.35796967002302 
34.35795760249986 
34.35789308696784 
34.35789107654252 
34.35798332643411 
34.35766343052241 
34.357970292558775 
34.3578326691254 
34.357697017308865 
34.35795853778549 
34.35796208975551 
34.35782964251494 
34.35796748691949 
34.35786102558894 
34.35176243569269 
34.35790168784252 
34.357677249020746 
34.35766343052241 
34.35788417590224 
34.357977249202335 
34.35797812589783 
34.357887994029085 
34.35786054985463 
34.357967592936184 
34.357967592936184 
34.35790674443151 
34.35774406899171 
34.357854935850256 
34.357624603524044 
34.35203282737499 
34.35795223963347 
34.357970292558775 
34.35783547070195 
34.35796841977436 
34.35790576789638 
34.357974148526566 
34.357683258310146 
34.35790575433248 
34.35795512065484 
34.35796166424557 
34.35797866128463 
34.352029684355664 
34.35758592917349 
34.35780950061999 
34.35795813586305 
34.35713837739041 
34.35773812522718 
34.35795760249986 
34.35789308696784 
34.35789107654252 
34.35798332643411 
34.35766343052241 
34.357970292558775 
34.3578326691254 
34.357697017308865 
34.35795853778549 
34.35796208975551 
34.35782964251494 
34.35796748691949 
34.35786102558894 
34.35176243569269 
34.35790168784252 
34.357677249020746 
34.35766343052241 
34.35788417590224 
34.357977249202335 
34.35797812589783 
34.357887994029085 
34.35786054985463 
34.357967592936184 
34.357967592936184 
34.35775446898069 
34.351882567191794 
34.348608183496644 
34.35796430235275 
34.3576325801724 
34.357977413992295 
34.357818724725234 
34.357957624646886 
34.35789871831931 
