57.29577188696784 
57.50832972601649 
57.50087929256746 
57.49400438378321 
57.31045987311557 
57.502134303389454 
57.08171446346049 
57.50111720247542 
56.81807763715435 
57.3047743255011 
57.3019918253461 
57.492631898279136 
57.499987310596715 
57.30825322633237 
57.476632161633326 
57.07885127091173 
57.508775409712065 
57.2926245162015 
57.49520457847121 
56.81735664568064 
57.30938275650941 
57.05023320738253 
57.28594309245631 
57.492631898279136 
57.30172651013863 
57.496922138516844 
57.491558313990126 
57.505033052240535 
57.490610429748244 
57.30069582362142 
57.29854531750071 
57.50835877645708 
57.50835148337255 
57.31360332910921 
57.487076422282456 
56.074384773560794 
57.07582133907028 
57.48197689454018 
57.48950859303541 
57.482693125645675 
56.472693263284505 
57.50515590661705 
57.06691585674943 
56.49576299038251 
57.310557972931406 
57.29781350169269 
57.30445943245479 
57.492929231123625 
56.825934538632715 
57.28963890665857 
57.49747128632325 
56.80473702104114 
57.08222158692811 
57.47374389788131 
57.495136603986474 
57.49044763466898 
57.48509611497173 
57.06128612252516 
57.508954690383284 
57.50833302755159 
57.4722594704463 
57.487933514440776 
57.477907096864286 
57.2976279068459 
57.50835877645708 
57.06903987068216 
57.47838247687644 
57.48377836227747 
57.47152886258955 
57.290123993814085 
57.499157549442494 
57.4953510761552 
57.48990820000735 
57.49382250282989 
56.80953138595411 
57.29543778300899 
57.07022702245897 
57.50773373232115 
57.480923679162366 
57.313667949166465 
57.50765336528185 
57.503762703337884 
57.49784477357952 
57.490530918402854 
57.49264017324679 
57.50176601970359 
57.492113252538005 
57.50775981176522 
57.49510241787587 
57.048854382091896 
57.49900325029988 
57.50772834436324 
57.485684541753386 
57.498604594611336 
57.49087986562246 
57.50400751094494 
57.30872346611026 
57.50314234685275 
57.507711848218456 
57.50030977123879 
