57.707704473300275 
57.88685754581758 
57.893747377182365 
57.89764958988235 
57.906893346900866 
57.90613827496742 
57.69340125995473 
57.48512246414872 
57.90705709012353 
57.91174850961439 
57.89644667412647 
57.216529326839996 
57.47783520170571 
57.68958673781741 
57.88137127575073 
57.903998307561295 
57.90382745586847 
57.897900945064734 
57.90697343135153 
57.89355866625544 
57.71406596737175 
57.87567813434865 
57.706911064161844 
57.908443588009234 
57.90741511731751 
57.90695748182434 
57.90658675125349 
57.88744202435622 
57.894403754915146 
57.69943671004116 
57.454703247855306 
57.906316174182905 
57.47916471873176 
57.702475443946135 
57.707229330520285 
57.908045277713676 
57.896620913070656 
57.181257140193715 
57.88244803388555 
57.89440059122191 
57.911045102639555 
57.68463013345693 
57.89566034288403 
57.8850035344236 
57.89834818701676 
57.89815371265174 
57.706704825990926 
57.69519802717164 
57.884019251317 
57.883607616212785 
57.90693623274782 
57.689162550615784 
57.892157520180625 
57.89287724056783 
57.69174790741001 
57.484876035327545 
57.902711118205005 
57.87843465986303 
57.90413686104039 
57.699917440314174 
57.70698503849073 
57.70267928681765 
57.70138034525081 
57.705531421987125 
57.7106913561365 
57.91200752009727 
57.70617612167571 
57.898697512163984 
57.89666553802025 
57.899373014396694 
57.905408562610376 
57.90905273164514 
57.908675920794686 
57.91148099658788 
57.91136103628896 
57.893773724438404 
57.90464758853818 
57.899783581066465 
57.90255105411615 
57.48206619888985 
57.911808282527765 
57.903028343341 
57.91232486001654 
57.89097242673595 
57.911604326420075 
57.91099087586597 
57.900442964124004 
57.70541863914711 
57.8899434363523 
57.90632509393469 
57.91104407153363 
57.908550607056036 
57.91018053406787 
57.91084664224623 
57.484876035327545 
57.91089823588337 
57.710850030012 
57.69163077597949 
57.89947523508791 
57.69014008896716 
