57.89550617003628 
57.91232486001654 
57.887720517646386 
57.676568008076984 
57.90449404902615 
57.89482514537508 
57.8888897339787 
57.91051015650712 
57.89654017009743 
57.88861930994604 
57.4818982753423 
57.693025312702346 
57.89568985549574 
57.903829365414815 
57.888870676399506 
57.89947918519597 
57.90825547219332 
57.89426435065884 
57.90696657757734 
57.70151696418262 
57.90955897059797 
57.88877401967189 
57.898986880143525 
57.911953063319 
57.90059308992246 
57.911181943870105 
57.899165913424675 
57.898738086200765 
57.699686365396786 
57.70938906851139 
57.883345941380796 
57.679319324981776 
57.91201782615788 
57.70420815697177 
57.706540947252144 
57.8863083279949 
57.905817685690714 
57.89628211053158 
57.91200937802756 
57.902931510627745 
57.89885656402845 
57.87987210005693 
57.909788555269266 
57.887101089372976 
57.90669588934875 
57.90147583173191 
57.46682167732316 
57.90067752566362 
57.912327539533734 
57.908093770225264 
57.91183211921956 
57.87101875633033 
57.88999150759364 
57.90453130162473 
57.90605190541678 
57.8916613277365 
57.885612120033066 
57.91167567326985 
57.86794990395343 
57.908832260105974 
57.908406681937805 
57.70151696418262 
57.47885816939308 
57.902913566598606 
57.87525848273066 
57.7070171930724 
57.90747787454983 
57.88718008710989 
57.463924285456066 
57.70968587640719 
57.70028621862671 
57.91173758358719 
57.679512168074886 
57.88630674114769 
57.902564179404166 
57.910355350220044 
57.70688109198544 
57.69052181911789 
57.47923462723419 
57.48412392318496 
57.69700619624731 
57.89134021084074 
57.903950685109805 
57.90505090806784 
57.47015450052555 
57.70876621819536 
57.90721445248085 
57.906923588575424 
57.88780181955387 
57.90743176641095 
57.905210581961015 
57.70281833832593 
57.904420878374694 
57.903236423234425 
57.47346504422238 
57.90517684315822 
57.67994502300658 
57.70715036912596 
57.90743176641095 
57.703722010123776 
