59.76349820269488 
59.9716736878927 
59.96599075276856 
59.96052527240567 
59.774893483464844 
59.96690025765866 
59.54771921325694 
59.96613708277475 
59.2842159193271 
59.770450034804355 
59.768420018818496 
59.95940379158307 
59.965301977311306 
59.77337643281004 
59.9469483542213 
59.545414694750356 
59.971949016392976 
59.76109202683734 
59.96153677364192 
59.283543703488846 
59.77422537665529 
59.52304308284953 
59.755882765839786 
59.95940379158307 
59.76825702772256 
59.96286759665058 
59.958603403623634 
59.96909539668384 
59.95788588489326 
59.76731407353382 
59.765676659025274 
59.971691580129 
59.97168807107199 
59.7774524236594 
59.95516215153418 
58.541938981919294 
59.543005458373834 
59.95119783500493 
59.957071273393254 
59.951777358540355 
58.94383468747778 
59.969307660008916 
59.5360530922915 
58.96189429695302 
59.775110426399145 
59.76506561215662 
59.77041544554544 
59.959725225370086 
59.29036007571633 
59.75894064090967 
59.96334176371779 
59.27381415615508 
59.548217847731664 
59.944761405445696 
59.96149513700466 
59.958059582502074 
59.95366834820684 
59.531866675523744 
59.97205934378395 
59.97167672468039 
59.94356992285718 
59.955826797090836 
59.94800901328806 
59.76495382896466 
59.971691580129 
59.537727843126106 
59.94843861902571 
59.95258199936502 
59.942988089187274 
59.75923520325618 
59.96465492740278 
59.96162620804823 
59.95731677214711 
59.960411530715845 
59.27763118122659 
59.76329350854818 
59.53864015041746 
59.97130585380308 
59.95041335786772 
59.77764622991295 
59.97125737035437 
59.96803907989522 
59.96357394519286 
59.95783487038975 
59.95940875855364 
59.966536124095896 
59.959083893936146 
59.97132236794644 
59.9613368509277 
59.522013545899576 
59.96456102123044 
59.971302296536074 
59.95416860422716 
59.96417675819381 
59.95805172441166 
59.96846250438115 
59.773663805672214 
59.967657600977404 
59.97129336470367 
59.96550089066811 
