59.76134851878804 
59.97159422379199 
59.96205258160775 
59.95475285935804 
59.77629061026764 
59.966839350261594 
59.7726867545321 
59.96472438092985 
59.2820602893185 
59.76819895297837 
59.546148484248036 
59.956770934065794 
59.96214747765994 
59.766722636209884 
59.950780501729334 
59.54705148573883 
59.97192137053556 
59.951845316954675 
59.96015356078288 
59.54977918103645 
59.96735735456558 
59.755190111959635 
59.755910873281316 
59.95548225942603 
59.5460189996113 
59.96532389807569 
59.96043691838784 
59.967771527545295 
59.95842787290277 
59.76874045304043 
59.75808271735394 
59.969096968373506 
59.97153177349495 
59.777471273585114 
59.95626004161335 
58.53841781706721 
59.76754152703238 
59.949181576504635 
59.957641269645826 
59.76311610420208 
59.522575160123715 
59.966097420784685 
59.75677132670865 
59.26704016704243 
59.96032075065373 
59.76419472900338 
59.76888536173964 
59.957077311529616 
59.543528051390254 
59.75513107056376 
59.96018939771455 
58.95223587890854 
59.768595886271704 
59.74828790444907 
59.95685549843013 
59.95339912779818 
59.94717755620539 
59.530797034521385 
59.97204501129763 
59.96782852069549 
59.75437032758736 
59.954530790602945 
59.95066452314767 
59.54532329535982 
59.969096968373506 
59.530769299070585 
59.95349884098884 
59.95188802621022 
59.950579248190635 
59.759157419745726 
59.96718216619153 
59.96155205639179 
59.95918697123505 
59.957059755097035 
58.95562861997861 
59.766968194153826 
59.53776037334828 
59.97114021233927 
59.76068186140598 
59.96649533056654 
59.97106070955564 
59.967364002750664 
59.95954837841492 
59.96203914402217 
59.95938144891662 
59.967769447575876 
59.96196641962534 
59.96884601311812 
59.96187367149623 
59.74705819359714 
59.9650156862591 
59.971053905998 
59.95538058248786 
59.9658253065582 
59.96061728659996 
59.964355927926285 
59.77355392316428 
59.966853373194496 
59.97108543611575 
59.96539343858955 
