57.70608199072603 
57.7071887721393 
57.892559957458886 
57.89921155140316 
57.90995973084003 
57.90720386476654 
57.685276117510064 
57.697317914938324 
57.91178711301716 
57.911857965403044 
57.89408320472191 
57.21921737716576 
57.23111148367301 
57.86940432096675 
57.88771391164839 
57.90944771134803 
57.900852206775795 
57.895684761375094 
57.90861727866754 
57.899135984594 
57.715103458450045 
57.88319763884307 
57.70697970282324 
57.91151264059616 
57.90845611636928 
57.90701922402275 
57.89699286520244 
57.88841841372223 
57.89373187139725 
57.887193517981906 
56.877561345982805 
57.908048597324424 
57.47511908520197 
57.705308944202 
57.70194111646431 
57.90588708758817 
57.89670826901971 
56.87983259675729 
57.888093156517996 
57.89379569729098 
57.91126704038156 
57.884454961198514 
57.90045286512178 
57.88920672210124 
57.89539536128102 
57.89599175299098 
57.70680076180513 
57.69062993345217 
57.889704587889476 
57.879063903228605 
57.90856317545533 
57.68848085268807 
57.887641904355306 
57.89837477769465 
57.88729559580184 
57.69372359343993 
57.907488232337066 
57.88004322389146 
57.90364261646822 
57.69900590120624 
57.704478347580135 
57.88395850460818 
57.88624900120444 
57.707707471576406 
57.7109710639985 
57.912011064517216 
57.70287174759029 
57.902275587827496 
57.896714991748205 
57.89247726382787 
57.90579407444972 
57.91066184709827 
57.90898757470754 
57.910171962300865 
57.91153260760719 
57.897812669630625 
57.90344693383776 
57.8990670116466 
57.90766960316487 
57.48205608217585 
57.91184467955509 
57.90395197256001 
57.91237506177756 
57.89276411911218 
57.911844379158424 
57.911294103003236 
57.71320945349544 
57.70475510595693 
57.89012607961584 
57.91123318008966 
57.9112735627739 
57.90229793769173 
57.90907548975633 
57.9112279987895 
57.69372359343993 
57.91119912519584 
57.71108161487922 
57.69724280028049 
57.892483520395196 
57.69009766298806 
