57.079837997201736 
57.498805854753556 
57.47580671633008 
57.064907425250915 
57.480603786085034 
57.488366181209756 
57.49469877911981 
57.29188980008102 
57.48420193273143 
57.50472956136415 
57.300619341018994 
57.280932545430204 
57.29670132331313 
57.48541598062706 
57.49632915173464 
57.48862660119107 
57.29892826375287 
57.490235958603265 
57.498830131692245 
57.488055306784965 
57.50139247314544 
57.50506269715047 
57.49428845771449 
57.50822338421254 
56.790332742378716 
57.482490966163645 
57.50089820642695 
57.49663993765049 
57.502258818134095 
57.499682965738934 
57.48733045853339 
57.50791292122189 
57.50243983656642 
57.26767207058577 
57.295406046160664 
57.49627064616035 
57.47554628847934 
57.29956055643981 
56.77911517072055 
57.49624423728952 
57.502327624685826 
57.49199818126381 
57.50875818595236 
57.48760863761917 
57.48466570631219 
57.475060228684946 
57.30191318150372 
57.30789460130619 
57.47670940547141 
57.502780718663665 
57.48504076956454 
57.06294212127737 
57.315405475395984 
57.508960144863686 
57.50758205386656 
57.49940834183021 
57.25726545741238 
57.491010444805035 
57.2969869552435 
57.30223136265537 
57.49846174978704 
57.49537161028862 
57.49632915173464 
57.508210298537406 
57.04362954210206 
57.30220199948491 
57.48689437168021 
57.50506269715047 
57.07681007831503 
57.48942151024148 
57.49611410115525 
57.26057465709392 
57.50799514644773 
57.50586046921983 
57.50395594512515 
57.05408613229973 
56.80471585553969 
57.28379488442445 
57.50832913663059 
57.48895036314526 
57.087666221804064 
57.49546392435779 
57.31188500178197 
57.3028951989598 
57.285822891353746 
57.29615299495272 
57.30008035844071 
57.27587845669021 
57.50287768620725 
57.506445374740835 
57.48230843858644 
57.50607533717523 
57.30486149896486 
57.2969869552435 
57.49591168216929 
57.5049699671582 
57.08458136358966 
57.50510912775481 
57.49972147836269 
57.05121929427777 
