59.76790002577524 
59.96688303633314 
59.95474157420699 
59.94538899225429 
59.94575724987034 
59.76595190075201 
59.961822253589546 
59.764300927298834 
59.951532410735794 
59.96765358122279 
59.95505449940305 
59.75525795253215 
59.54853802211126 
59.95584797257142 
59.963163716879436 
59.959089395984215 
59.542611356882375 
59.959089395984215 
59.96632943056448 
59.954824970174215 
59.96568621960053 
59.96913163986898 
59.773356740145495 
59.97171147662795 
59.52389660983995 
59.95218131463959 
59.96531532110443 
59.96845804472101 
59.96701295021626 
59.96382416313529 
59.96067120942731 
59.9714448933711 
59.96990465175122 
59.92978036639009 
59.76254584273392 
59.962373345018094 
59.94701483274946 
59.953031159490656 
59.26023230444928 
59.963579416104054 
59.77422110767731 
59.770577975839664 
59.97199955414305 
59.95170516728098 
59.956731176854184 
59.76308759837158 
59.76848315702719 
59.77593479647679 
59.95092593239394 
59.95939167447985 
59.95489510447321 
58.95110412649606 
59.96757837208683 
59.97209531807144 
59.97006956344947 
59.97001936686364 
59.7374671175043 
59.959048419060544 
59.55085114591162 
59.76796213676996 
59.957738373295236 
59.965509852358494 
59.963163716879436 
59.97168112014829 
59.52429650342952 
59.767423748153455 
59.957133021839 
59.96913163986898 
59.94406420726804 
59.96614590870799 
59.95868214344959 
59.52413765272474 
59.97150341760587 
59.96991316730221 
59.96894717660468 
59.52682201411427 
59.27386941237616 
59.75943621426723 
59.97170052171254 
59.95852360947097 
59.77167766709592 
59.96454182410479 
59.77615538106318 
59.54044219545753 
59.76205740914517 
59.76908127010366 
59.76466553472274 
59.52939084373113 
59.96803907989522 
59.971515875758 
59.956827846837676 
59.971335742882786 
59.953977463914214 
59.55085114591162 
59.961154213868575 
59.970370112772514 
59.54909200444092 
59.971319282749256 
59.96691841956931 
59.26946082884334 
