59.546211812615404 
59.964309254535706 
59.94644578578172 
59.53464080098919 
59.95008493363058 
59.95609945497634 
59.96109584967051 
59.76048507935047 
59.952850009367076 
59.968915391549395 
59.76743255533535 
59.75201831893579 
59.7643897613677 
59.95387291429074 
59.962508228022195 
59.95639764373036 
59.76607467883748 
59.95766291264038 
59.964324383865474 
59.956045800121274 
59.96631128786424 
59.96912175131298 
59.96070477764696 
59.971615059644854 
59.26252722485494 
59.95152199532531 
59.96587129401724 
59.962699510668166 
59.96698364785398 
59.964986641438294 
59.95546365152076 
59.971422908680765 
59.967232510279885 
59.74166572776635 
59.76328221181445 
59.96233777275347 
59.946290707535056 
59.76662130236431 
59.25387690884732 
59.9623193705827 
59.96716188581056 
59.95902073899791 
59.971945046258625 
59.95563428275276 
59.95340870015109 
59.945851648096756 
59.768384796075296 
59.77300142557455 
59.94700326163631 
59.96757835388288 
59.95363856786902 
59.53306380381479 
59.77873010331185 
59.97206972095138 
59.971220566170665 
59.964817117058224 
59.73368970149073 
59.95827487021927 
59.764411292131626 
59.768581149092725 
59.964096457722796 
59.961645867166915 
59.962508228022195 
59.97160825166517 
59.51807615758684 
59.768712687740596 
59.95505598820704 
59.96912175131298 
59.54397948103937 
59.957159546399346 
59.96237780292026 
59.73619428085839 
59.97147527397639 
59.96988617294695 
59.96830288047005 
59.52615444865206 
59.27380026333069 
59.75425230085741 
59.9716801581071 
59.956594705401606 
59.55230601379682 
59.96184116616265 
59.77609117080129 
59.76914548038218 
59.755969576781084 
59.76389539369313 
59.76678046849907 
59.74812734353016 
59.967364002750664 
59.97024570489342 
59.95154715185219 
59.97001999609872 
59.77066772135286 
59.764411292131626 
59.962253174802406 
59.969064862636166 
59.54986824408158 
59.96928707431333 
59.96500817834506 
59.524023493166055 
