51.63654713829963 
51.640250065120924 
51.64014704514432 
51.63870769319382 
51.64022192869293 
51.640269295243584 
51.64026803961579 
51.64013947157729 
51.640116899194005 
51.640256256516096 
51.63870014636541 
51.63869553256844 
51.63725110617571 
51.64026778960307 
51.64022257145835 
51.6401886721176 
51.632115967516775 
51.6401886721176 
51.64023284311253 
51.640194315225585 
51.64024594776112 
51.64027034970838 
51.640214387174396 
51.6402678475472 
51.41276489481039 
51.64020299690069 
51.64024042210933 
51.64022442482947 
51.64023943196159 
51.640232623081076 
51.640256858952505 
51.64026601079093 
51.64026278791644 
51.63791778790727 
51.63863416494629 
51.64026807208935 
51.64018496507788 
51.63871847042197 
51.627574335606106 
51.64022151028055 
51.640250428850486 
51.640199442757485 
51.640269873998236 
51.64026203732209 
51.640202465237785 
51.64012878870311 
51.63508807983074 
51.6402494891581 
51.64018112376729 
51.640245665040545 
51.6402327875406 
51.63282171189471 
51.638803575146326 
51.64027051383956 
51.64026803961579 
51.64025682648145 
51.6401328323102 
51.640163038921735 
51.63431216059401 
51.636517118704056 
51.640261084139 
51.64024647195336 
51.64022257145835 
51.64027051383956 
51.631271533119374 
51.64023596721342 
51.64016315314255 
51.64027034970838 
51.63873960728565 
51.6402167550061 
51.64021784607259 
51.63867393437489 
51.640269451196914 
51.640268343250625 
51.640269451196914 
51.63867954339373 
51.6276205456251 
51.634299151701434 
51.640267913674094 
51.64018458126266 
51.638782778373624 
51.64026788460909 
51.634383792640875 
51.63797187052358 
51.637971321003995 
51.64023284311253 
51.64024082236612 
51.636357394092805 
51.64024042210933 
51.64026208067221 
51.6401479532297 
51.64027034970838 
51.63874660299344 
51.63431216059401 
51.640246290850605 
51.640270358833135 
51.41453705000068 
51.6402571463485 
51.640240428670936 
51.63052227531508 
