51.638698249759116 
51.64026703530344 
51.64023789646538 
51.64027036815301 
51.63659133221196 
51.640236995967456 
51.412820457149884 
51.6402597273757 
51.40934534249813 
51.63575357803984 
51.640221764696996 
51.640183864565344 
51.6402411643152 
51.63436742000667 
51.64022076957175 
51.632077131754606 
51.640270550710774 
51.63877170542015 
51.64020151160947 
51.41447425842809 
51.6402682083733 
51.4170122153141 
51.6371745848348 
51.640183864565344 
51.640221764696996 
51.64024866536511 
51.640194929212306 
51.64025183347487 
51.64017878921813 
51.63422069572308 
51.63870651313091 
51.640267997275984 
51.640270422544994 
51.6329071143163 
51.64015163835267 
50.82825883252082 
51.6371903986822 
51.64015383250857 
51.64016459843733 
51.640165356490556 
51.413537243399084 
51.64025738501177 
51.63726563533043 
51.146842566800046 
51.63877623839978 
51.64023529251224 
51.63875419900115 
51.64026725714996 
51.63436422834157 
51.63499609958296 
51.640216837331636 
51.14887306164081 
51.41452597020509 
51.640216432175265 
51.640222083653214 
51.640198310366266 
51.640188558640354 
51.41624013804421 
51.640270550710774 
51.64027036815301 
51.640103334061536 
51.64017861694502 
51.64017063415352 
51.63725878247217 
51.640267997275984 
51.6357477397231 
51.640174350100374 
51.64017029817479 
51.640170215724666 
51.64019284771046 
51.64023582686 
51.64025411007011 
51.64026703530344 
51.640218522011764 
51.62990372648008 
51.63419609833702 
51.637242797578544 
51.64026483279467 
51.640186087467235 
51.640267177936465 
51.64026703530344 
51.64024555729139 
51.64021461599356 
51.64018212440982 
51.640183652325156 
51.64026820833518 
51.64017813584706 
51.640267177936465 
51.640237119773126 
51.63863045805059 
51.64021179427013 
51.64026342081315 
51.64017490609307 
51.6402208775814 
51.640230140278454 
51.640245816866575 
51.64026983222638 
51.64024555729139 
51.64026703530344 
51.64023663797299 
