60.11018587843257 
60.11018587843257 
60.11018587843257 
60.11018587843257 
60.11018587843257 
60.11018587843257 
60.11018587843257 
60.11018587843257 
60.11018587843257 
60.11018587843257 
60.11018587843257 
60.11018587843257 
60.11018587843257 
60.11018587843257 
60.11018584045964 
60.11018587843257 
60.11018587843257 
60.11018587843257 
60.11018587111709 
60.11018587843257 
60.11018587843257 
60.11018587843257 
60.11018586378987 
60.11018587843257 
60.11018587843257 
60.11018587843257 
60.11018587843257 
60.11018587843257 
60.11018587843257 
60.11018587843257 
60.11018587843257 
60.11018587843257 
60.11018587843257 
60.11018587843257 
60.11018587843257 
60.11018587843257 
60.11018587843257 
60.11018587843257 
60.110185875503895 
60.11018587843257 
60.11018587843257 
60.11018587843257 
60.11018587012985 
60.11018587843257 
60.11018587843257 
60.11018587843257 
60.11018587843257 
60.11018587843257 
60.11018587843257 
60.11018587843257 
60.11018587843257 
60.11018587843257 
60.11018587843257 
60.11018587843257 
60.11018587843257 
60.11018587843257 
60.11018587843257 
60.11018587843257 
60.11018587843257 
60.11018587843257 
60.11018587843257 
60.11018587843257 
60.11018587843257 
60.11018587843257 
60.11018587843257 
60.11018587843257 
60.11018587843257 
60.11018587843257 
60.11018587843257 
60.11018587843257 
60.110185136047015 
60.11018587843257 
60.11018587843257 
60.11018587843257 
60.11018587843257 
60.11018587843257 
60.11018587843257 
60.11018587843257 
60.11018587843257 
60.11018587843257 
60.11018587843257 
60.11018587843257 
60.11018587843257 
60.11018587843257 
60.11018587843257 
60.11018587843257 
60.11018587110607 
60.11018587843257 
60.11018587843257 
60.11018587843257 
60.110185856469194 
60.11018587843257 
60.11018587843257 
60.11018587843257 
60.1101858682008 
60.11018587843257 
60.11018587843257 
60.110185875503895 
60.11018587843257 
60.11018587843257 
