51.63798316027683 
51.640255153445324 
51.64017805959105 
51.64019874289704 
51.64021198284147 
51.638057994994725 
51.64026846982327 
51.64017618741924 
51.64016060740425 
51.64025089319022 
51.640162472607294 
51.638673056609875 
51.63578383618556 
51.64026820833518 
51.640225758989466 
51.64018913861865 
51.414506666475276 
51.64018913861865 
51.64023789646538 
51.6401835308513 
51.640235261332556 
51.64027038638265 
51.63877623839978 
51.640268341657666 
51.631337022914465 
51.640205202233886 
51.64024555729139 
51.640253109151764 
51.640236995967456 
51.64023784154702 
51.64026215789601 
51.64026654978154 
51.64026311594932 
51.64010339881471 
51.6386554376523 
51.6402682083733 
51.64018239922151 
51.64015686590212 
51.62831350690778 
51.640222007165534 
51.638768513767694 
51.638731912618574 
51.64027011195844 
51.64026690997732 
51.640210632939166 
51.6386875725354 
51.63874903133885 
51.64026239189452 
51.640189167429554 
51.64021961080644 
51.64024283627704 
51.144761352684824 
51.64025749796674 
51.640270550710774 
51.64026846982327 
51.64026241934916 
51.640140301053286 
51.64015799659156 
51.63507877867317 
51.63725997047913 
51.64025609695138 
51.640262417779944 
51.640225758989466 
51.640270550710774 
51.63127678733262 
51.64023400055077 
51.640173893428496 
51.64027038638265 
51.64019640753321 
51.6402449679746 
51.64019985001563 
51.63505226297992 
51.640269341379586 
51.64026864533876 
51.640269341379586 
51.638669687761826 
51.635692845541676 
51.63431547630548 
51.640267997275984 
51.64021580885452 
51.63804918074107 
51.64026828726525 
51.63658501309913 
51.4170530545807 
51.638741581365736 
51.64023789646538 
51.640217408716886 
51.63563754674543 
51.64024555729139 
51.64026728116052 
51.64016937068798 
51.64027038638265 
51.640190249393825 
51.63507877867317 
51.64022354055704 
51.64027036815301 
51.415391016805486 
51.64026781069025 
51.64024032272673 
51.633512957308334 
