60.11018588065611 
60.11018588065611 
60.11018588065611 
60.11018588065611 
60.110185876755146 
60.11018588065611 
60.11018588065611 
60.11018588065611 
60.11018588065611 
60.11018588065611 
60.11018588065611 
60.11018588065611 
60.11018588065611 
60.11018588065611 
60.11018588065611 
60.11018588065611 
60.11018588065611 
60.11018588065611 
60.11018588065611 
60.11018588065611 
60.11018588065611 
60.11018588065611 
60.11018588065611 
60.11018588065611 
60.11018588065611 
60.11018588065611 
60.11018588065611 
60.11018588065611 
60.11018588065611 
60.11018588065611 
60.11018588065611 
60.11018588065611 
60.11018588065611 
60.11018588065611 
60.11018588065611 
60.11018588065611 
60.11018588065611 
60.11018588065611 
60.11018588065611 
60.11018588065611 
60.11018588065611 
60.11018588065611 
60.11018588065611 
60.11018585583965 
60.11018567365873 
60.11018588065611 
60.11018565121594 
60.11018588065611 
60.11018588065611 
60.11018588065611 
60.11018161430187 
60.11018309005393 
60.11018588065611 
60.11018161430187 
60.11018565220338 
60.11018588065611 
60.11018309005393 
60.110180888192104 
60.110185877239026 
60.110185657092245 
60.11018588065611 
60.11018309005393 
60.11018588065611 
60.110185657092245 
60.11018588065611 
60.11018588065611 
60.11018588065611 
60.11018566828034 
60.11018588065611 
60.110185689813626 
60.110180888192104 
60.11018565121594 
60.110185657092245 
60.11018328711103 
60.11018328711103 
60.11018588065611 
60.11018588065611 
60.11018565121594 
60.11018306354677 
60.110185877733976 
60.11018588065611 
60.11018588065611 
60.11018565220338 
60.110185657092245 
60.11018588065611 
60.110180888192104 
60.110183126000756 
60.110185657092245 
60.11018588065611 
60.11018588065611 
60.11018588065611 
60.110183126000756 
60.11018588065611 
60.11018565121594 
60.11018588065611 
60.11018588065611 
60.11018588065611 
60.11018565220338 
60.11018588065611 
60.11018161430187 
