49.87486991117061 
49.872891920919486 
49.874727460767474 
49.87480184597553 
49.874902842856194 
49.87487892044266 
49.87488092164251 
49.86838243398912 
49.87490672690976 
49.87490275366252 
49.874901406413734 
49.64518445732358 
49.388528371325926 
49.87481632650063 
49.87472361848267 
49.87489024248329 
49.87487290070248 
49.87479148084494 
49.87487786244698 
49.874806915485195 
49.87490706286629 
49.874671068503375 
49.872954975723786 
49.874902842856194 
49.87487892044266 
49.874902842856194 
49.87482368660979 
49.87480430584268 
49.87474613483583 
49.87474753767184 
49.647135244653995 
49.87487786244698 
49.87299659494887 
49.86846684148485 
49.87488092164251 
49.87486324698871 
49.87477509314341 
49.64508569720145 
49.87482884003095 
49.87474704492399 
49.87489650646265 
49.874800947809504 
49.87482884003095 
49.87472241849381 
49.8748085769547 
49.87475560511819 
49.86120597811965 
49.87289078144338 
49.87482884003095 
49.874891407514056 
49.87487786244698 
49.86930727828414 
49.87476059935403 
49.874826715032526 
49.8747216438418 
49.87096641132809 
49.87489361921724 
49.874623098801344 
49.8748513809037 
49.87288234941435 
49.87104002469937 
49.87467829492917 
49.874836701740946 
49.87307839837514 
49.87304619737836 
49.87490473451831 
49.872990368536115 
49.87489660889973 
49.87477509314341 
49.87490672690976 
49.8748494057503 
49.87490109965274 
49.874893499500736 
49.874892888527754 
49.8749055461579 
49.87489384106509 
49.87490044206383 
49.87482174596093 
49.87486677425014 
49.649322643688286 
49.87490275376812 
49.874848517623406 
49.874906826848274 
49.874801979569064 
49.87490706286629 
49.87489646798535 
49.873044526889935 
49.87103992376363 
49.87473365071406 
49.874900554461405 
49.87490275376812 
49.87486457497809 
49.874886112882336 
49.87489393362908 
49.87096641132809 
49.87490044206383 
49.87303340665165 
49.87300558137031 
49.87490244166791 
49.872858137424025 
