49.52711371161955 
49.52915475472544 
49.52910818980791 
49.52916166674012 
49.52445785494384 
49.529106319122185 
49.30029074773049 
49.52914305728444 
49.295835479293864 
49.52335049522887 
49.529080502712986 
49.52901923048242 
49.52911149573026 
49.52160703547103 
49.529079602947874 
49.518650059295815 
49.52916204530367 
49.52723486697055 
49.52904774255153 
49.3023837159074 
49.52915719007187 
49.30561462168003 
49.52514842161619 
49.52901923048242 
49.529080502712986 
49.5291247426889 
49.52903640391455 
49.52913016459557 
49.529011007269794 
49.52136856319898 
49.52712738934281 
49.52915675167797 
49.52916177931382 
49.519745099526986 
49.52896625702617 
48.715831555076484 
49.525174294463675 
49.52896966065246 
49.52898734852836 
49.5289889312205 
49.301157943163716 
49.52913820195864 
49.525297979057854 
49.03348552064121 
49.52724311035831 
49.529103936724105 
49.527205488625356 
49.52915521113071 
49.52160155787148 
49.52237283626599 
49.52907144444113 
49.03607123847778 
49.30246805090978 
49.529072914337085 
49.52908117431458 
49.52904110571586 
49.52902549534168 
49.304658731314056 
49.52916204530367 
49.52916166674012 
49.528886875564204 
49.529010650605635 
49.52899756461162 
49.525287238776215 
49.52915675167797 
49.52333955755088 
49.529002969232984 
49.52899687415486 
49.528997851111264 
49.52903324073925 
49.52910273041186 
49.52913371859335 
49.52915475472544 
49.52907608913647 
49.515883858555384 
49.52132793896654 
49.525261017637355 
49.52915018057516 
49.529021530707794 
49.52915504860927 
49.52915475472544 
49.52912061207215 
49.52907029645023 
49.5290144545762 
49.52901878900889 
49.52915718994294 
49.52900849589479 
49.52915504860927 
49.529106568223426 
49.527004299400694 
49.529064454697554 
49.52914724890703 
49.52900411130505 
49.52907749818972 
49.52909556222081 
49.52911766616983 
49.52916055688689 
49.52912061207215 
49.52915475472544 
49.529104427332584 
