51.63870412532783 
51.64026670547994 
51.64023284311253 
51.640270358833135 
51.634390032271234 
51.64023943196159 
51.63657597638808 
51.64023400059076 
51.40852103468978 
51.63648324586525 
51.417100981315265 
51.64017089111989 
51.640215335258056 
51.63433551779742 
51.640228537301006 
51.630625621357126 
51.64027051383956 
51.64022006244162 
51.64020474913804 
51.63573349834135 
51.64026807208935 
51.63865461372632 
51.63640809312776 
51.64017089111989 
51.417100981315265 
51.64025654624425 
51.64020569317789 
51.64024395821212 
51.64018609424551 
51.631294286565115 
51.638680616442585 
51.640267913674094 
51.640270321770586 
51.63732109062488 
51.640174557846734 
50.82824974974938 
51.63723097396984 
51.64014526831001 
51.64017215942713 
51.63871974392353 
51.63864690137887 
51.64023127635805 
51.638728443607555 
51.1468133325442 
51.64021453364875 
51.64022484053992 
51.63508798646593 
51.640267366940435 
51.63874754459065 
51.63205969307425 
51.6402139250961 
50.82824130023733 
51.63212446428983 
51.63875218354248 
51.640213410596715 
51.64017404421081 
51.640151623657204 
51.414546373288076 
51.64027051383956 
51.640270358833135 
51.637935844432704 
51.64017552935525 
51.64019097222799 
51.41452261034833 
51.640267913674094 
51.63353780827784 
51.64019245764365 
51.640149299100315 
51.640198671508834 
51.640174208664035 
51.64024886643792 
51.64024894810093 
51.64026670547994 
51.640202625290875 
51.14684742105512 
51.63128279152665 
51.63650803000095 
51.640263954704196 
51.63871088968679 
51.64025704327018 
51.64026670547994 
51.64024042210933 
51.64019122043567 
51.64019937422592 
51.6401965689496 
51.64026778960307 
51.64020836448874 
51.64025704327018 
51.640239297904 
51.63715193785706 
51.64022915260636 
51.64026281441742 
51.6401724472868 
51.64022255747278 
51.640245552526274 
51.640216616337725 
51.64026983118828 
51.64024042210933 
51.64026670547994 
51.64023855862038 
