49.87490196816672 
49.87490662584827 
49.87486208717836 
49.87464907708739 
49.87486863461707 
49.87490669428306 
49.87484551031826 
49.87490667748977 
49.87490669428306 
49.87467493827933 
49.869292474217445 
49.87116173138555 
49.87490196816672 
49.87488079639932 
49.87474346224267 
49.87482802201325 
49.87490655973537 
49.87489542398098 
49.87490697946899 
49.87293308057969 
49.874894565682034 
49.8747068850182 
49.8748153596502 
49.874904107322266 
49.87483526132095 
49.87490244083931 
49.87487100389072 
49.87483531439674 
49.872850173292946 
49.87125473236303 
49.87464135891154 
49.874739525264495 
49.87490473499333 
49.874839284814016 
49.87490199531048 
49.874885344794855 
49.8748891462561 
49.87488219705487 
49.8749059371922 
49.87485397210349 
49.87484803027322 
49.87469245383721 
49.874901444340125 
49.87483486230002 
49.87486900915288 
49.874847961483134 
49.86936915908281 
49.87489893893289 
49.87490697946899 
49.87488159588824 
49.87490248228167 
49.87478010495772 
49.87471283034908 
49.87486863461707 
49.87490642295279 
49.874885344794855 
49.87476349522834 
49.87490697946899 
49.87457532059526 
49.87488458188753 
49.87490697946899 
49.87293308057969 
49.869256267122 
49.87486972018355 
49.87489793045389 
49.87118204860211 
49.874881341096376 
49.87470733664379 
49.871166532430934 
49.87489535461391 
49.87207566598784 
49.87490242210028 
49.86923978767695 
49.87474733923934 
49.87483802484257 
49.87489230841833 
49.87205772402485 
49.872056716142396 
49.64836124439212 
49.86483349890581 
49.872060789449094 
49.87468698837488 
49.87487732116013 
49.8748971917791 
49.87289866901941 
49.87301954052045 
49.874901934309655 
49.87488930140326 
49.87469951655057 
49.87488252671 
49.87486972018355 
49.865728211730975 
49.87486967391726 
49.8748804293678 
49.64823988099536 
49.87486958580232 
49.870046065176645 
49.872985541973854 
49.87488252671 
49.87301824794303 
