60.11018016496109 
60.11018562761426 
60.11018587952187 
60.11018587952187 
60.11018562713065 
60.11018016496109 
60.11017868473762 
60.11018587952187 
60.11018587952187 
60.11018454276734 
60.11018587952187 
60.11018587952187 
60.11018587952187 
60.11018562713065 
60.11018564083477 
60.110182184070894 
60.11018587952187 
60.11018562713065 
60.11018562761426 
60.11018587952187 
60.11018587952187 
60.110185643694464 
60.11018564083477 
60.110185375222976 
60.11018587952187 
60.11018562761426 
60.110185375222976 
60.110185405007314 
60.110185643694464 
60.110185643694464 
60.110185375222976 
60.110185643694464 
60.11018564083477 
60.11018562761426 
60.11018562713065 
60.11018564083477 
60.110185375222976 
60.11018564083477 
60.110185375222976 
60.11018564083477 
60.110185375222976 
60.11018587952187 
60.110185405007314 
60.11018235611624 
60.11018587952187 
60.11018587366849 
60.11018587952187 
60.11018587952187 
60.10907675058456 
60.11018587952187 
60.11018587952187 
60.11018587952187 
60.11018587952187 
60.11018587952187 
60.11018587952187 
60.11018587952187 
60.11018587952187 
60.11018587952187 
60.11018587952187 
60.11018587952187 
60.11018587952187 
60.11018587952187 
60.11018587952187 
60.11018587952187 
60.11018587952187 
60.1085116281004 
60.11018587952187 
60.11018587952187 
60.11018587952187 
60.11018587952187 
60.11018587952187 
60.11018587952187 
60.11018587952187 
60.11018587952187 
60.11018587952187 
60.11018587952187 
60.11018587952187 
60.11018587952187 
60.11018587952187 
60.11018587952187 
60.11018587952187 
60.11018587952187 
60.11018587952187 
60.11018587952187 
60.11018587952187 
60.11018587952187 
60.11018587952187 
60.11018587952187 
60.11018587952187 
60.11018587952187 
60.11018587952187 
60.11018587952187 
60.11018587952187 
60.11018587952187 
60.11018587952187 
60.11018587952187 
60.11018587952187 
60.11018587952187 
60.11018587952187 
60.11018587952187 
