41.80717607807199 
41.807176105329674 
41.807176040711575 
41.80716659051516 
41.80717602906147 
41.80717610353146 
41.8071754119895 
41.807176103441854 
41.80717610353146 
41.80717597502003 
41.80716535945688 
41.805052801034215 
41.80717607807199 
41.80717599229833 
41.80717523286909 
41.807176105329674 
41.807176104986226 
41.80717608492437 
41.807176105329674 
41.807175148924344 
41.8071760769438 
41.80717494766037 
41.80717610421348 
41.807175976209706 
41.807175851175444 
41.807176105329674 
41.80717593682012 
41.807176055115974 
41.80716548449693 
41.807176027767184 
41.807175055382274 
41.80717518720826 
41.807176105329674 
41.807175638830245 
41.80717608408001 
41.8071760769438 
41.807176103441854 
41.80717607462442 
41.80717610078541 
41.807175785274296 
41.807176067262496 
41.80716682307777 
41.80717607128972 
41.807176105329674 
41.807176075580145 
41.80717542726602 
41.80710723270978 
41.807176104642785 
41.807176105329674 
41.80717598272502 
41.80717607600907 
41.80717545629792 
41.80717515660272 
41.80717602906147 
41.807176105329674 
41.8071760769438 
41.80717577644748 
41.807176105329674 
41.80717482111239 
41.80717608020652 
41.807176105329674 
41.807175148924344 
41.80715672516058 
41.807176055115974 
41.8071760769438 
41.8071569205701 
41.80717602709792 
41.80717537595073 
41.80714812690306 
41.80717607223119 
41.80716638753163 
41.807176105329674 
41.807175044749 
41.80717552790416 
41.80717596297924 
41.80717595637656 
41.80507590085597 
41.80716662897214 
41.80713946410353 
41.807157000584624 
41.80715299035235 
41.80717607807199 
41.80717577644748 
41.80717607223119 
41.80717497712534 
41.807175574005164 
41.80717607807199 
41.80717610353146 
41.80717493694236 
41.80717588979978 
41.807176055115974 
41.80502093773117 
41.80717607223119 
41.8071758634292 
41.807143260515026 
41.80717605494426 
41.807156479021124 
41.8071760769438 
41.80717588979978 
41.80717586180871 
