41.807176097790396 
41.80717554532345 
41.807175752231295 
41.80717536870541 
41.807176103612825 
41.807175752231295 
41.807176095643875 
41.807097081406106 
41.807176103614324 
41.807176074457956 
41.80717610533004 
41.8050618291163 
41.80716682901497 
41.80717601819162 
41.80717536870541 
41.807175719959176 
41.80717599940643 
41.807175597174144 
41.80717584994527 
41.80717542527284 
41.80717610533004 
41.80717561314655 
41.80717610421423 
41.807176103612825 
41.807175752231295 
41.807176103612825 
41.8071760097105 
41.80717610533004 
41.80717610421423 
41.80716628457834 
41.80717477812448 
41.80717584994527 
41.80715739799769 
41.80716632527598 
41.807176095643875 
41.80717572891459 
41.80717552916133 
41.80500568708794 
41.80717610533004 
41.80717610421423 
41.80717605905846 
41.80717578219417 
41.80717610533004 
41.807175118727116 
41.80717546623231 
41.80717610533004 
41.80717610533004 
41.80714369190473 
41.80717610533004 
41.80717601973487 
41.80717584994527 
41.807130183373644 
41.80717539987671 
41.80717539987671 
41.80716564706862 
41.80293935800351 
41.80717610533004 
41.80717536870541 
41.807175672638124 
41.807165396463624 
41.80712449127134 
41.80715670144913 
41.80717605905846 
41.80717605872101 
41.80716669343206 
41.80717609538441 
41.80715739799769 
41.80717605872101 
41.80717552916133 
41.807176103614324 
41.807175761466794 
41.807176029553766 
41.80717609718187 
41.80717610481488 
41.80717610533004 
41.807175977160924 
41.80717605872101 
41.80717566378506 
41.80717570412137 
41.80086653329373 
41.80717607815335 
41.80717605905846 
41.80717610533004 
41.807175369649876 
41.80717610533004 
41.80717610533004 
41.8071757018185 
41.8071244518601 
41.80717454655561 
41.80717610533004 
41.80717607815335 
41.80717605588948 
41.80717605872101 
41.80717605872101 
41.80293935800351 
41.80717605872101 
41.80717605905846 
41.80714395109004 
41.8071760777053 
41.80714369190473 
