43.2784374399261 
43.278449667252715 
43.27844948153062 
43.278449653586826 
43.27844946590624 
43.278449667252715 
43.278449667252715 
43.2784495164742 
43.27844961998741 
43.27844961998741 
43.27844306497418 
43.27844951432234 
43.278437176667 
43.278449653586826 
43.27844941450906 
43.2784495164742 
43.2784495975008 
43.2784495164742 
43.27844944474093 
43.27844936605997 
43.2784495726845 
43.27844966649274 
43.2784495164742 
43.278449667252715 
43.27673517328417 
43.27844930943289 
43.27844946590624 
43.27844941447215 
43.27844965522199 
43.27844944474093 
43.27844965522199 
43.278449653586826 
43.27844966649329 
43.27843689314068 
43.27844274845985 
43.27844965522199 
43.27844965218399 
43.27844964202574 
43.27840976686968 
43.27844959867268 
43.278449594987606 
43.27844924811168 
43.27844966580917 
43.27844962926722 
43.27844944033862 
43.27844950922644 
43.27841621600319 
43.27844956627002 
43.278449207072335 
43.278449655025234 
43.27844955532259 
43.278449522720734 
43.278443601966124 
43.278449667252715 
43.278449667252715 
43.278449667252715 
43.27844900367115 
43.278449133797594 
43.278406807499394 
43.278431166180944 
43.27844962987668 
43.27844959867268 
43.27844941450906 
43.278449667252715 
43.27840973096365 
43.278449614491926 
43.27844907844637 
43.27844966649274 
43.278449651081075 
43.278449479743735 
43.278449340443395 
43.27844935868469 
43.278449667252715 
43.278449661600774 
43.278449667252715 
43.27844309275789 
43.27838517993461 
43.27841899691866 
43.278449655292036 
43.27844935389482 
43.278449667252715 
43.27844966649329 
43.278407149908176 
43.27844049908828 
43.2784495011749 
43.27844944474093 
43.278449667252715 
43.27843090926522 
43.27844946590624 
43.278449629762015 
43.27844889594139 
43.27844966649274 
43.278443364188654 
43.278406807499394 
43.278449469043906 
43.27844966649329 
43.274149088915486 
43.278449667252715 
43.27844955125401 
43.27839747216725 
