41.519013974383256 
41.51902493381639 
41.51902465223318 
41.51902498456986 
41.519000143409585 
41.51902495338168 
41.51902453826183 
41.51902498667908 
41.51673965735862 
41.51902498667908 
41.519024710983096 
41.51902400219133 
41.5190248097852 
41.518960375704765 
41.51902450561363 
41.51901451490989 
41.51902498667908 
41.51901476903159 
41.519024241744184 
41.51901451490989 
41.51902495338168 
41.516837598120055 
41.518989366296275 
41.51902400219133 
41.519024710983096 
41.51902495228564 
41.51902427218795 
41.51902473938448 
41.51902462831073 
41.51898435630683 
41.51901420299467 
41.51902495228564 
41.51902498667908 
41.51902495066081 
41.519024769992136 
41.252241540177806 
41.519004757308075 
41.519024408139664 
41.51902498647763 
41.519024241744184 
41.519003499802686 
41.51902495470572 
41.51902498667908 
41.254843377552234 
41.51901478952642 
41.51902462831073 
41.51900473326489 
41.51902497704454 
41.51901507008464 
41.519024957209126 
41.519024424988665 
41.25223021009472 
41.51902495470572 
41.51902447447122 
41.5190244526589 
41.51902474052218 
41.51902445938211 
41.5168141389565 
41.51902498667908 
41.51902498456986 
41.51902346216683 
41.51902498667908 
41.519024286124704 
41.51902462831073 
41.51902495228564 
41.51900467339063 
41.519024436341894 
41.51902459455138 
41.51902498667908 
41.51902485893903 
41.51902477197407 
41.51902498667908 
41.51902493381639 
41.51902452612159 
41.51900473326489 
41.51898435630683 
41.51902498667908 
41.51902495470572 
41.51902407986333 
41.519024969693184 
41.51902493381639 
41.51902471791782 
41.51902462831073 
41.51902442204437 
41.51902411377331 
41.51902495470572 
41.51902417850295 
41.519024969693184 
41.51902498667908 
41.51901451490989 
41.51902426839804 
41.51902493340618 
41.51902433092597 
41.51902442204437 
41.51902498667908 
41.51902480005085 
41.51902497704454 
41.51902471791782 
41.51902493381639 
41.51902453968431 
