41.80717609711551 
41.807157316903734 
41.807175835862935 
41.80717544557579 
41.807176103441854 
41.807175835862935 
41.807175976209706 
41.80712001306608 
41.80717610353146 
41.80717607807199 
41.807176105329674 
41.802954023242805 
41.80507603490152 
41.80717609768991 
41.80717544557579 
41.80717586180871 
41.80717607600907 
41.80717547307232 
41.807175887565144 
41.80717552790416 
41.807176105329674 
41.80717559385106 
41.80717610515795 
41.807176103441854 
41.807175835862935 
41.807176103441854 
41.80717581299541 
41.807176105329674 
41.80717610515795 
41.80717544557579 
41.80715633367707 
41.807175887565144 
41.80716648442211 
41.807138881706905 
41.807175976209706 
41.807175749430876 
41.807175331851894 
41.805010156980586 
41.807176105329674 
41.80717610515795 
41.80717606026614 
41.80717548495489 
41.807176105329674 
41.80717486083045 
41.807175524692056 
41.807176105329674 
41.807176105329674 
41.80716646074831 
41.807176105329674 
41.80717602094254 
41.807175887565144 
41.80713946410353 
41.80717561918869 
41.80717561918869 
41.807174985101426 
41.80715556039041 
41.807176105329674 
41.80717544557579 
41.80717575635637 
41.80716548449693 
41.807155992855904 
41.807174754748516 
41.80717606026614 
41.8071760599167 
41.80716659281842 
41.807176093507096 
41.80716648442211 
41.8071760599167 
41.807175331851894 
41.80717610353146 
41.80717570273185 
41.807176068383946 
41.80717609768991 
41.80717606514672 
41.807176105329674 
41.807176055115974 
41.8071760599167 
41.807175542309686 
41.80717594160097 
41.805075591771235 
41.8071760769438 
41.80717606026614 
41.807176105329674 
41.807175446262676 
41.807176105329674 
41.807176105329674 
41.80716658042248 
41.807155992855904 
41.8071748640643 
41.807176105329674 
41.8071760769438 
41.807176014603456 
41.8071760599167 
41.8071760599167 
41.80715556039041 
41.8071760599167 
41.80717606026614 
41.80717592202616 
41.80717607462442 
41.80716646074831 
