43.27844306346125 
43.27844964677409 
43.27844944474093 
43.27844966649329 
43.278404160247376 
43.27844965522199 
43.27844944765074 
43.278449667252715 
43.27584205172097 
43.278449667252715 
43.27844946113084 
43.27844907844637 
43.27844958689942 
43.27841899691866 
43.27844941890759 
43.27842818129318 
43.278449667252715 
43.27844940199395 
43.27844927011242 
43.27842818129318 
43.27844965522199 
43.27844288001365 
43.27843080814097 
43.27844907844637 
43.27844946113084 
43.278449612468926 
43.27844939493564 
43.2784495324898 
43.2784495164742 
43.27840050504688 
43.27844306854865 
43.278449655292036 
43.278449667252715 
43.278449655025234 
43.27844956475142 
42.68875265329595 
43.278437402485785 
43.27844930610509 
43.278449666758874 
43.27844322647272 
43.278448951444474 
43.278449653586826 
43.278449667252715 
43.013499379950375 
43.2784495164742 
43.2784495164742 
43.27841621600319 
43.27844966391464 
43.2784435687974 
43.27844965552003 
43.278449414779516 
42.69259504908704 
43.278449653586826 
43.278443293984495 
43.27844939182908 
43.27844955301873 
43.278449469450806 
43.27670781958652 
43.278449667252715 
43.27844966649329 
43.27843689314068 
43.278449667252715 
43.278449494602604 
43.27673517328417 
43.278449655292036 
43.27844320758252 
43.27844928983513 
43.27844935461558 
43.278449667252715 
43.27844954540546 
43.27844961983555 
43.278449667252715 
43.27844964677409 
43.27844921087221 
43.013517946518775 
43.27840050504688 
43.278449667252715 
43.278449653586826 
43.27844310871905 
43.27844966250842 
43.27844964677409 
43.27844946590624 
43.2784495164742 
43.27844947547895 
43.27844935693297 
43.278449653586826 
43.27844938979202 
43.27844966250842 
43.278449667252715 
43.27842818129318 
43.27844948912375 
43.27844964662427 
43.27844932315464 
43.27844947547895 
43.278449667252715 
43.27844945412487 
43.27844966391464 
43.27844946590624 
43.27844964677409 
43.27844941554206 
