43.27844949496664 
43.27844966725259 
43.278449566310854 
43.27844965518562 
43.278449540356355 
43.27844966725259 
43.27844966725259 
43.27844949496664 
43.27844959772474 
43.27844959772474 
43.27844915308461 
43.2784432585096 
43.27843109031512 
43.27844965518562 
43.278449404490374 
43.27844949496664 
43.27844955498344 
43.27844949496664 
43.27844950862333 
43.278449312023156 
43.278449517026196 
43.27844966641702 
43.278443451327604 
43.27844966725259 
43.27844949496664 
43.27844929660121 
43.278449540356355 
43.27844953303192 
43.2784496546873 
43.27844950862333 
43.2784496546873 
43.27844965518562 
43.27844966645637 
43.278448939118 
43.278442795321595 
43.2784496546873 
43.278449587366495 
43.27844961968531 
43.27840979081902 
43.278449641076854 
43.27844333658886 
43.27844322446824 
43.27844966664474 
43.27844964842657 
43.2784494180439 
43.27844351814363 
43.27843730477718 
43.27844961927314 
43.27844926172808 
43.27844954692811 
43.278449650401015 
43.275015659075315 
43.27844966725259 
43.27844966725259 
43.27844966725259 
43.27844966725259 
43.2784490375336 
43.278448993972944 
43.278416054861474 
43.27843735983608 
43.2784496066658 
43.278449641076854 
43.278449404490374 
43.27844966725259 
43.27840972295542 
43.27844958473917 
43.27844919616533 
43.27844966641702 
43.27844965218399 
43.278449576040295 
43.27844927645848 
43.27844954244317 
43.27844966725259 
43.2784496617932 
43.27844966725259 
43.27844291025782 
43.27843061611384 
43.27841007243405 
43.27844965427283 
43.27844949460761 
43.27844966725259 
43.27844966645637 
43.27842534501272 
43.276738171751475 
43.27844341445446 
43.27844950862333 
43.27844966725259 
43.278433941298346 
43.278449540356355 
43.278449650896896 
43.27844905808863 
43.27844966641702 
43.27844938468085 
43.278416054861474 
43.27844944795298 
43.27844966645637 
43.27672607904793 
43.27844966725259 
43.278449538456954 
43.27842477804976 
