41.807176074457956 
41.80717610533004 
41.80717603932768 
41.80717579292418 
41.80717591106669 
41.807176103614324 
41.80717558678833 
41.807176103612825 
41.807176103614324 
41.80717601639228 
41.80714736529382 
41.80715738837026 
41.807176074457956 
41.80717595039516 
41.80717501598741 
41.80717610533004 
41.80717610318389 
41.80717604395292 
41.80717610533004 
41.80716594266881 
41.80717607815335 
41.80717492265792 
41.80717606497537 
41.807176095643875 
41.80717563239141 
41.80717610533004 
41.80717593973002 
41.807175977160924 
41.807165396463624 
41.8071576852342 
41.80717473924216 
41.80717512528031 
41.80717610533004 
41.80717573429309 
41.80717608611518 
41.80717607815335 
41.807176103612825 
41.8071760777053 
41.80717610232604 
41.80717578606317 
41.80717589260582 
41.80717581077015 
41.807176068797126 
41.80717610533004 
41.80717599906336 
41.807175817822 
41.80714807554068 
41.80717606531882 
41.80717610533004 
41.807175963126966 
41.80717607830857 
41.80717529762407 
41.80717478076817 
41.80717591106669 
41.80717610464353 
41.80717607815335 
41.80717571239215 
41.80717610533004 
41.80717485492403 
41.807176078823744 
41.80717610533004 
41.80716594266881 
41.80714797664637 
41.807175977160924 
41.80717607815335 
41.807157317484894 
41.80717599213149 
41.80717488035878 
41.80716658724792 
41.807176067251255 
41.80716176739292 
41.80717610533004 
41.807138315069146 
41.807175306958186 
41.80717568665597 
41.80717599699257 
41.807162287260894 
41.80717579257923 
41.803992682286484 
41.80712046560186 
41.80716210931693 
41.807176074457956 
41.80717575188823 
41.807176067251255 
41.807165559929565 
41.80716653325523 
41.807176074457956 
41.807176103614324 
41.80717487381909 
41.807176011204255 
41.807175977160924 
41.80709830191692 
41.807176067251255 
41.807175966865856 
41.8050613159327 
41.80717597647441 
41.8071468022915 
41.80717607815335 
41.807176011204255 
41.807175719959176 
