41.51901397648012 
41.51902493239941 
41.519024519761444 
41.51902498466692 
41.518950817765386 
41.51902495480095 
41.51902451520239 
41.51902498667953 
41.51567990141413 
41.51902498667953 
41.51902455092674 
41.519023757742424 
41.51902481056396 
41.51897484007248 
41.51902446357811 
41.51898985200815 
41.51902498667953 
41.51902443103062 
41.51902415519353 
41.51898985200815 
41.51902495480095 
41.5190135885331 
41.51899395178284 
41.519023757742424 
41.51902455092674 
41.519024866049556 
41.519024412328335 
41.51902469706557 
41.51902467303232 
41.51894457581348 
41.51901398381779 
41.51902495498225 
41.51902498667953 
41.51902495427444 
41.51902476414887 
40.92800500134693 
41.51900493082788 
41.51902421988378 
41.519024985370606 
41.5190143164069 
41.51902348867923 
41.51902495046577 
41.51902498667953 
41.25353149160264 
41.51902467303232 
41.51902467303232 
41.51897043019551 
41.51902497783566 
41.51901502718309 
41.51902495558658 
41.51902444650202 
40.93291004082316 
41.51902495046577 
41.519014458485344 
41.51902439795664 
41.519024733055915 
41.5190245668349 
41.51678937259397 
41.51902498667953 
41.51902498466692 
41.519003869484344 
41.51902498667953 
41.519024621213475 
41.51683397812343 
41.51902495498225 
41.519014272475665 
41.519024189040785 
41.519024330026795 
41.51902498667953 
41.5190247251538 
41.51902488557227 
41.51902498667953 
41.51902493239941 
41.51902403503138 
41.25356192064337 
41.51894457581348 
41.51902498667953 
41.51902495046577 
41.51901405958025 
41.51902497410803 
41.51902493239941 
41.51902456357563 
41.51902467303232 
41.51902457665945 
41.51902433616902 
41.51902495046577 
41.51902439868413 
41.51902497410803 
41.51902498667953 
41.51898985200815 
41.519024600541606 
41.519024932003845 
41.5190242650678 
41.51902457665945 
41.51902498667953 
41.519024532345775 
41.51902497783566 
41.51902456357563 
41.51902493239941 
41.519024448525165 
