44.43098858377533 
44.430916887336764 
44.22732186222375 
44.44043225885599 
44.45233248917278 
44.452258774009195 
44.45233248917278 
44.45228565207164 
44.451946329332706 
44.45228565207164 
44.45228644498184 
44.452286535889705 
44.448470907866515 
44.452288722697816 
44.45233248917278 
44.45186494460268 
44.45228565207164 
44.45233248917278 
44.22392662267559 
44.45225990525442 
44.448470907866515 
44.452288722697816 
44.45179513724673 
44.45233248917278 
44.22392662267559 
43.95927938244956 
44.45228565207164 
44.22819618002111 
44.45179513724673 
44.45228644498184 
44.452286535889705 
44.45228644498184 
44.45225945451338 
44.43958353861566 
44.219280934516135 
44.45225923509195 
44.45233248917278 
44.45223222528303 
44.452286535889705 
44.45217852079203 
44.45233248917278 
44.45217852079203 
44.447951366188704 
44.45233248917278 
44.45233248917278 
44.45228565207164 
44.45224027077122 
44.44865021124403 
44.43756555671956 
44.452286535889705 
44.45233248917278 
44.45228644498184 
44.45223970010273 
44.45228565207164 
44.452288722697816 
44.452286535889705 
44.452288722697816 
44.452288722697816 
44.213717112581 
44.452286535889705 
44.44167091143288 
44.45208570197927 
44.42754606436644 
44.4404032438586 
44.452288722697816 
44.452288722697816 
44.45228644498184 
44.45233248917278 
44.451907450800256 
44.451627176668815 
44.45228644498184 
44.45233248917278 
44.45228565207164 
44.452288722697816 
44.45228644498184 
44.45233248917278 
44.45184471662973 
44.45220313105919 
44.452332269762465 
44.45165012183381 
44.452288722697816 
44.45228644498184 
44.45228644498184 
44.45233248917278 
44.45228565207164 
44.448470907866515 
44.452286535889705 
44.45228565207164 
44.45179302023156 
44.452286535889705 
44.448470907866515 
44.45233248917278 
44.451726395623616 
44.45228565207164 
44.452286535889705 
44.45233248917278 
44.45233248917278 
44.45228565207164 
44.452207200153595 
44.452205259334825 
