44.45225837508997 
44.452254780394505 
44.452254341669416 
44.45225837508997 
44.45225731652181 
44.452324230921334 
44.452324230921334 
44.452324230921334 
44.452324230921334 
44.452254780394505 
44.452324230921334 
44.452254780394505 
44.45225731652181 
44.4522033524294 
44.45225837508997 
44.452324230921334 
44.45225837508997 
44.451898910124626 
44.452324230921334 
44.44884396635515 
44.452324230921334 
44.452192492200325 
44.45225834589181 
44.45212286046635 
44.452324230921334 
44.452324230921334 
44.452324230921334 
44.45225837508997 
44.45225834589181 
44.452324230921334 
44.45225834589181 
44.45195810707143 
44.45225834589181 
44.45221715717543 
44.45225731652181 
44.452324230921334 
44.452324230921334 
44.45225837508997 
44.45225834589181 
44.452324230921334 
44.21045851135408 
44.4480747147815 
44.452254338996475 
44.452324230921334 
44.45225837508997 
44.45225731652181 
44.45225834589181 
44.45225834589181 
44.452324230921334 
44.45225837508997 
44.452324230921334 
44.452254780394505 
44.45208285094887 
44.452324230921334 
44.452065803246015 
44.452324230921334 
44.452324230921334 
44.452254780394505 
44.45225731652181 
44.452324230921334 
44.45225731652181 
44.452324230921334 
44.452254780394505 
44.45218709058214 
44.45225837508997 
44.45211145248137 
44.452324230921334 
44.452324230921334 
44.452324230921334 
44.452324230921334 
44.452324230921334 
44.45225731652181 
44.45225731652181 
44.452324230921334 
44.452254780394505 
44.45225731652181 
44.4522033524294 
44.452324230921334 
44.45225731652181 
44.452254780394505 
44.452254780394505 
44.45225834589181 
44.452254780394505 
44.45225834589181 
44.452324230921334 
44.45225731652181 
44.45225834589181 
44.45212286046635 
44.452254780394505 
44.452324230921334 
44.452324230921334 
44.452227709272755 
44.452254780394505 
44.452324230921334 
44.452254780394505 
44.452324230921334 
44.45225731652181 
44.45225834589181 
44.45212286046635 
44.452324230921334 
44.452324230921334 
