59.859194957320526 
59.46169313753014 
59.46258397645339 
59.896661217225954 
59.697142725220914 
59.70097336106424 
59.895614300318805 
59.6975417520858 
59.695171862454664 
59.87677776658214 
59.474829395018155 
59.470113086606126 
59.89744263155738 
59.885611501255745 
59.899363673014726 
59.88673292099152 
59.21306701793071 
59.70131736480563 
59.87481438537193 
59.474829395018155 
59.470113086606126 
59.89765899373492 
58.46627330877789 
59.895653101999905 
59.88740591451295 
59.87996377483861 
59.89763123923486 
59.70131736480563 
59.89742575940519 
59.458324470279365 
59.89126105449901 
59.69160212753157 
59.89742575940519 
59.89804157115802 
59.6872339912493 
59.88235783970497 
59.89845957338683 
59.87359378825092 
59.89287642210047 
59.45602719319549 
59.46552295744395 
59.89424478252535 
59.89593502024423 
59.89711968941694 
59.19387985646917 
59.20638260276883 
59.46896919798327 
59.68361532599451 
59.89594158624905 
59.70127334238763 
59.89165183443541 
59.48010583885532 
59.88860722227601 
59.472474858026445 
59.19976656091362 
59.65700427094265 
58.88457687707394 
59.460168719864264 
59.68377157547553 
59.879008509648344 
59.69354146554259 
59.88095721630308 
59.883180388954315 
59.889936822911906 
59.47759842154885 
58.87274824907536 
59.896376007666824 
59.688642894742586 
59.447212801943834 
59.887683078291694 
59.2037396327194 
59.698383283492674 
59.69760500124173 
59.47849825148713 
59.88898510392646 
59.88887740974464 
59.87364319540958 
59.685853811753695 
59.6931406231875 
59.69847278279383 
59.87310271067432 
59.88061291716703 
59.89209405211135 
59.892986756773055 
59.69095232930708 
59.48213568280346 
59.68565916190192 
59.893066396035486 
59.677581626299876 
59.878445058244615 
59.696224149402646 
59.68773445602995 
59.70155423480545 
59.68541555172044 
59.69752887028059 
59.69425401159672 
59.69217736012597 
59.88809248481359 
59.89819611680719 
59.700850593711685 
