51.497767898125744 
51.48599548922346 
51.301632920158944 
51.49765237401412 
51.497767898125744 
51.497767898125744 
51.500756891661965 
51.49764135946407 
51.4977793399555 
51.49765237401412 
51.497767898125744 
51.497767898125744 
51.49779526676032 
51.49765237401412 
51.49779526676032 
51.49466828927408 
51.49765237401412 
51.500756891661965 
51.497767898125744 
51.49779526676032 
51.49755898329979 
51.28862935342374 
51.49750654577432 
51.49179657846576 
51.500756891661965 
51.49764135946407 
51.479555993965654 
51.49756633410394 
51.497767898125744 
51.49764135946407 
51.49457481730095 
51.4977793399555 
51.4977793399555 
51.49755898329979 
51.49755898329979 
51.497767898125744 
51.49764135946407 
51.4944365299791 
51.46687971189287 
51.49764135946407 
51.49457481730095 
51.4977793399555 
51.49755898329979 
51.49779526676032 
51.497767898125744 
51.500756891661965 
51.489125165578315 
51.49164642640089 
51.48670887032143 
51.49779526676032 
51.49765237401412 
51.500756891661965 
51.500756891661965 
51.500756891661965 
51.500756891661965 
51.500756891661965 
51.500756891661965 
51.30138457254001 
51.49765237401412 
51.49155434261214 
51.49765237401412 
51.500756891661965 
51.4977793399555 
51.49453012302436 
51.49779526676032 
51.49755898329979 
51.500756891661965 
51.48631101389325 
51.497767898125744 
51.49472498120475 
51.49779526676032 
51.49765237401412 
51.500756891661965 
51.494645792122235 
51.49764135946407 
51.49765237401412 
51.49755898329979 
51.500756891661965 
51.49197945881925 
51.497604705681745 
51.49768404855734 
51.497767898125744 
51.500756891661965 
51.4977793399555 
51.49764135946407 
51.497767898125744 
51.500756891661965 
51.4977793399555 
51.48631101389325 
51.497767898125744 
51.49472498120475 
51.49779526676032 
51.4977793399555 
51.494645792122235 
51.49765237401412 
51.500756891661965 
51.494645792122235 
51.49755898329979 
51.500756891661965 
51.49181481306537 
