50.77525360739449 
50.73963439166555 
50.77036900317546 
51.08259087840267 
51.49835913497699 
51.49557148042087 
51.495525144568454 
51.49848575458357 
51.433737159334505 
51.49848575458357 
51.49842673017475 
51.49848662434498 
51.28866581557758 
51.49859412505235 
51.50114472435646 
51.393264113590334 
51.49848575458357 
51.50114472435646 
50.80761322724465 
51.49522093118597 
51.28866581557758 
51.49859412505235 
51.46088953346806 
51.49545680549143 
50.80761322724465 
50.48209769987893 
51.49848575458357 
51.078708339305074 
51.46088953346806 
51.49842673017475 
51.49848662434498 
51.49842673017475 
51.49549345429539 
51.02655486655278 
50.79520422541291 
51.49547087324131 
51.49255775710072 
51.49273887345718 
51.49848662434498 
51.48830119100992 
51.49835913497699 
51.48830119100992 
51.282413759675585 
51.50114472435646 
51.49831620598292 
51.49848575458357 
51.495749938173304 
51.295348327724845 
50.70311386078287 
51.49848662434498 
51.495525144568454 
51.49842673017475 
51.49582266274346 
51.49848575458357 
51.49859412505235 
51.49569589291144 
51.495770359827524 
51.49580351710404 
50.41843989974414 
51.498199871193144 
51.04180672124026 
51.48123083242077 
51.0491636808622 
51.299386851573466 
51.49859412505235 
51.49859412505235 
51.49842673017475 
51.49835913497699 
51.26531768899846 
51.26067435711505 
51.49842673017475 
51.50114472435646 
51.49848575458357 
51.49859412505235 
51.49842673017475 
51.49831620598292 
51.04252497959376 
51.43749271505444 
51.498247247347656 
51.45011479854907 
51.49859412505235 
51.49842673017475 
51.49842673017475 
51.30546363374642 
51.49848575458357 
51.28866581557758 
51.46397546580553 
51.49848575458357 
51.46647727186147 
51.49848662434498 
51.28866581557758 
51.49831620598292 
51.46359665076345 
51.49848575458357 
51.46397546580553 
51.49835913497699 
51.50114472435646 
51.498461490054694 
51.2942460328128 
51.48829962239287 
