59.68064429436206 
59.67611757230018 
59.48610072186541 
59.68062080866417 
59.68064429436206 
59.68064429436206 
59.68124906285516 
59.68062637343999 
59.68064671073442 
59.68062080866417 
59.68064429436206 
59.68064429436206 
59.68064935029413 
59.68062080866417 
59.68064935029413 
59.68001819209642 
59.68062080866417 
59.68124906285516 
59.68064429436206 
59.68064935029413 
59.68060971848501 
59.48060646556069 
59.680591922039056 
59.67728064592146 
59.68124906285516 
59.68062637343999 
59.67265567142534 
59.68060392390391 
59.68064429436206 
59.68062637343999 
59.680007099310906 
59.68064671073442 
59.68064671073442 
59.68060971848501 
59.68060971848501 
59.68064429436206 
59.68062637343999 
59.67998675299813 
59.66685702235822 
59.68062637343999 
59.680007099310906 
59.68064671073442 
59.68060971848501 
59.68064935029413 
59.68064429436206 
59.68124906285516 
59.676747790162814 
59.67869732573217 
59.67590200592487 
59.68064935029413 
59.68062080866417 
59.68124906285516 
59.68124906285516 
59.68124906285516 
59.68124906285516 
59.68124906285516 
59.68124906285516 
59.486481991771576 
59.68062080866417 
59.67868627142902 
59.68062080866417 
59.68124906285516 
59.68064671073442 
59.679997847966966 
59.68064935029413 
59.68060971848501 
59.68124906285516 
59.675454526034535 
59.68064429436206 
59.67931766234994 
59.68064935029413 
59.68062080866417 
59.68124906285516 
59.680021341942485 
59.68062637343999 
59.68062080866417 
59.68060971848501 
59.68124906285516 
59.67803558778645 
59.6806112798973 
59.68062764794805 
59.68064429436206 
59.68124906285516 
59.68064671073442 
59.68062637343999 
59.68064429436206 
59.68124906285516 
59.68064671073442 
59.675454526034535 
59.68064429436206 
59.67931766234994 
59.68064935029413 
59.68064671073442 
59.680021341942485 
59.68062080866417 
59.68124906285516 
59.680021341942485 
59.68060971848501 
59.68124906285516 
59.67800343439962 
