58.9834222038133 
58.968215009610915 
58.98126814456459 
59.26515232907578 
59.680726289007886 
59.67943839043222 
59.680160669992894 
59.68074560300904 
59.65328572449983 
59.68074560300904 
59.680733724254864 
59.680745737287644 
59.480580859891816 
59.680767137199695 
59.68128397707256 
59.63616761582616 
59.68074560300904 
59.68128397707256 
58.99683297299916 
59.67936756795266 
59.480580859891816 
59.680767137199695 
59.664510151019144 
59.67942145115334 
58.99683297299916 
58.67347524933392 
59.68074560300904 
59.263443819693485 
59.664510151019144 
59.680733724254864 
59.680745737287644 
59.680733724254864 
59.679422258720365 
59.24142683716529 
58.99148637882185 
59.679417601787954 
59.67884333854412 
59.67814710346997 
59.680745737287644 
59.67617052198622 
59.680726289007886 
59.67617052198622 
59.477668245795535 
59.68128397707256 
59.680718576703846 
59.68074560300904 
59.68019091601271 
59.48397498101356 
58.95158912835885 
59.680745737287644 
59.680160669992894 
59.680733724254864 
59.6802071607786 
59.68074560300904 
59.680767137199695 
59.680187841081754 
59.6802019243159 
59.68020924776942 
58.64628720560518 
59.680688473238654 
59.247357396616515 
59.67294391308905 
59.25123964307981 
59.485201922842265 
59.680767137199695 
59.680767137199695 
59.680733724254864 
59.680726289007886 
59.47051363697008 
59.4691659903934 
59.680733724254864 
59.68128397707256 
59.68074560300904 
59.680767137199695 
59.680733724254864 
59.680718576703846 
59.247959224259795 
59.654781371587674 
59.680704491528076 
59.660215959360585 
59.680767137199695 
59.680733724254864 
59.680733724254864 
59.48765371730495 
59.68074560300904 
59.480580859891816 
59.66549162548906 
59.68074560300904 
59.667097804836025 
59.680745737287644 
59.480580859891816 
59.680718576703846 
59.665786517095526 
59.68074560300904 
59.66549162548906 
59.680726289007886 
59.68128397707256 
59.68074079907183 
59.482913824279585 
59.67689838130404 
