57.92728548041952 
57.927276273739125 
57.92727643364639 
57.9272851755146 
57.9272853818058 
57.927276527467356 
57.92728507163709 
57.92728548782623 
57.92728413975194 
57.92728539923136 
57.92728550252871 
57.927284934790244 
57.92728538932849 
57.92728501547486 
57.92728543680755 
57.92728539923136 
57.9272848634391 
57.92728542722171 
57.92727675305085 
57.92728548359893 
57.92728533265375 
57.9272855070584 
57.92728420696431 
57.92728534811917 
57.92728531383694 
57.927284196403015 
57.92726854166469 
57.927285233126426 
57.92728542722171 
57.92728534338437 
57.92728548980301 
57.92728510549974 
57.927285515716115 
57.92728540981754 
57.92728550499501 
57.927267653419456 
57.92728369953288 
57.927276676643025 
57.92728461636822 
57.92728538512043 
57.92728551425525 
57.92728376551519 
57.92728464135297 
57.927285515125384 
57.92728550139233 
57.927285509601425 
57.92728549916574 
57.92728546829017 
57.927276643433146 
57.92728542993536 
57.92728551097818 
57.927285518263695 
57.927285518232075 
57.9272853607727 
57.92728551681693 
57.92728551467187 
57.92728538651592 
57.92728479360598 
57.927285511332244 
57.927285242958106 
57.92727594356521 
57.92728551425525 
57.92728545900177 
57.92728502335307 
57.92727682973617 
57.92728505891003 
57.92728445873237 
57.9272854779205 
57.92728403889698 
57.92728354604767 
57.92727693471384 
57.92728548053783 
57.92728528542295 
57.927283913450864 
57.92728551734025 
57.9272766693588 
57.92728411055535 
57.92728524210575 
57.92728526951294 
57.92728535713681 
57.927285494596596 
57.927284564825825 
57.92726816887669 
57.9272854381247 
57.92727669465966 
57.92728546855591 
57.927276523255486 
57.92728421067164 
57.927284491323014 
57.92728550094761 
57.92728411055535 
57.92728472158201 
57.92728539514685 
57.927285224685 
57.9272848634391 
57.92728550736073 
57.92727623018793 
57.927284755322376 
57.92727600625278 
57.92727631859861 
