51.57842205871321 
51.573309890198686 
51.57857674700866 
51.57862260532355 
51.57633277885542 
51.577125767657066 
51.578606382577775 
51.577061494746346 
51.57858506450521 
51.578500967123986 
51.57485025122722 
51.57412842023405 
51.578613426450666 
51.57855412985405 
51.57862756639506 
51.57860814627957 
51.355489173918954 
51.5756528081413 
51.578500967123986 
51.57485025122722 
51.57412842023405 
51.57861647690964 
51.347668245462124 
51.57860318300716 
51.57851578157171 
51.57850192943241 
51.57861705257076 
51.5756528081413 
51.578616016094756 
51.572524964727826 
51.57862095306385 
51.57557854246362 
51.578616016094756 
51.57861754126645 
51.57855686106872 
51.57853857822596 
51.57862114273533 
51.578540585101756 
51.578567817970345 
51.578533554085915 
51.575613515256414 
51.57860469822651 
51.578604602390975 
51.5786200957229 
51.35103760043804 
51.56889118134951 
51.57493117916002 
51.57547098453733 
51.57860716305015 
51.57704719213132 
51.57862080494043 
51.577147393452535 
51.5785594526499 
51.577094316157755 
51.35141607133219 
51.578301960340184 
51.574070172787195 
51.57478595811832 
51.57704663813729 
51.57844261693591 
51.577093494232145 
51.578602064322745 
51.57855806160903 
51.57860094806772 
51.344183988005156 
51.56960135360293 
51.57861140670233 
51.57853272190339 
51.574045818737446 
51.578567152313276 
51.570348827644814 
51.57861986151856 
51.57192046207122 
51.57562226039523 
51.57854384498616 
51.578563006742876 
51.578552127137556 
51.57632754454767 
51.577097926470806 
51.57858991275985 
51.57848678759358 
51.57858049778289 
51.57861368645 
51.57856946950632 
51.57860038555952 
51.575655051430296 
51.57703078641761 
51.57862564781452 
51.57850133776003 
51.57851193569826 
51.57485751771908 
51.57624671319974 
51.57862805032878 
51.57484495226921 
51.57706276136071 
51.57710527849526 
51.57858706374871 
51.57856183273887 
51.57862797512076 
51.57861800771079 
