51.57860702380742 
51.57715131041592 
51.578624955634204 
51.578508036515665 
51.57562250203139 
51.57861497242716 
51.577069131845874 
51.57859024106254 
51.57707952706369 
51.578561538823834 
51.57481443637102 
51.57694782346208 
51.578629061455175 
51.57862880075744 
51.578508036515665 
51.57562250203139 
51.578465675623704 
51.57857676353744 
51.57862558244398 
51.09029013474822 
51.5770204611477 
51.5786181497277 
51.57850722859991 
51.577028473783734 
51.575519952856574 
51.57860702380742 
51.57715131041592 
51.578624955634204 
51.578508036515665 
51.57562250203139 
51.57862534129804 
51.5786044875354 
51.578511730262484 
51.57849365038647 
51.5741861979561 
51.57857287939721 
51.57850722859991 
51.577028473783734 
51.575519952856574 
51.57860702380742 
51.35549785123224 
51.578624955634204 
51.578508036515665 
51.57562250203139 
51.57862534129804 
51.5786044875354 
51.578511730262484 
51.57849365038647 
51.5741861979561 
51.57857287939721 
51.57850722859991 
51.355374207105804 
51.57862376481175 
51.57860861290625 
51.57714619640957 
51.57860771905791 
51.34851743955401 
51.57862725143981 
51.57855030985635 
51.57849644273041 
51.578618617263736 
51.57862725143981 
51.57331667797279 
51.57701819301179 
51.57701692168608 
51.57862364733718 
51.578621840927674 
51.57485230218626 
51.578580308766625 
