44.38152809051123 
44.381523715681446 
44.38158212568943 
44.381523715681446 
44.38152809051123 
44.38152809051123 
44.38158212568943 
44.38158212568943 
44.38152692874001 
44.381523715681446 
44.38152809051123 
44.38152809051123 
44.381524402642356 
44.381523715681446 
44.381524402642356 
44.381468520657435 
44.381523715681446 
44.38158212568943 
44.38152809051123 
44.381524402642356 
44.38158212568943 
44.37796726531344 
44.381526627991164 
44.38158212568943 
44.38158212568943 
44.38158212568943 
44.381527863780924 
44.381525580025816 
44.38152809051123 
44.38158212568943 
44.38152692874001 
44.38152692874001 
44.38152692874001 
44.38158212568943 
44.38158212568943 
44.38152809051123 
44.38158212568943 
44.38158212568943 
44.381074313112286 
44.38158212568943 
44.38152692874001 
44.38152692874001 
44.38158212568943 
44.381524402642356 
44.38152809051123 
44.38158212568943 
44.38158212568943 
44.38149651286312 
44.38157675663162 
44.381524402642356 
44.381523715681446 
44.38158212568943 
44.38158212568943 
44.38158212568943 
44.38158212568943 
44.38158212568943 
44.38158212568943 
44.37803665123339 
44.381523715681446 
44.38158212568943 
44.381523715681446 
44.38158212568943 
44.38152692874001 
44.381523715681446 
44.381524402642356 
44.38158212568943 
44.38158212568943 
44.38141823680655 
44.38152809051123 
44.381554012009964 
44.381524402642356 
44.381523715681446 
44.38158212568943 
44.38152809051123 
44.38158212568943 
44.381523715681446 
44.38158212568943 
44.38158212568943 
44.38146919498508 
44.38152326966934 
44.38152670385305 
44.38152809051123 
44.38158212568943 
44.38152692874001 
44.38158212568943 
44.38152809051123 
44.38158212568943 
44.38152692874001 
44.38141823680655 
44.38152809051123 
44.381554012009964 
44.381524402642356 
44.38152692874001 
44.38152809051123 
44.381523715681446 
44.38158212568943 
44.38152809051123 
44.38158212568943 
44.38158212568943 
44.38152692874001 
