42.02866827274498 
42.02439641077528 
42.0287743999931 
42.02769302079871 
42.019357223396874 
42.028695180362796 
42.0235448880321 
42.02845121568796 
42.02368464217949 
42.0281951186462 
42.01644583888869 
42.02243910201015 
42.028886076660875 
42.02887908225745 
42.02769302079871 
42.019357223396874 
42.02730398147181 
42.02836967543458 
42.02879240788299 
41.53392936348339 
42.023079868421995 
42.02878004582892 
42.02767145572884 
42.02315425546769 
42.018473830603945 
42.02866827274498 
42.02439641077528 
42.0287743999931 
42.02769302079871 
42.019357223396874 
42.02878549472502 
42.02860000827328 
42.02774617590638 
42.02754048969639 
42.01533347423449 
42.028359502218215 
42.02767145572884 
42.02315425546769 
42.018473830603945 
42.02866827274498 
41.8042407316423 
42.0287743999931 
42.02769302079871 
42.019357223396874 
42.02878549472502 
42.02860000827328 
42.02774617590638 
42.02754048969639 
42.01533347423449 
42.028359502218215 
42.02767145572884 
41.803000595496 
42.02874352572227 
42.02861714020581 
42.02435312061947 
42.028593146884155 
41.782474024788996 
42.02883732206962 
42.028033675489404 
42.02756800227196 
42.02869860046393 
42.02883732206962 
42.01176623009893 
42.02306561126592 
42.02303164540891 
42.028740072809136 
42.02878570875203 
42.01685595334149 
42.02832472503378 
