52.97524273271252 
52.97525036859614 
52.97525034325065 
52.9752535150175 
52.97525034325065 
52.97525036859614 
52.97525036859614 
52.9752535150175 
52.9752535150175 
52.97525046504649 
52.97525034325065 
52.97525036859614 
52.97525036859614 
52.9752504320888 
52.97525034325065 
52.9752504320888 
52.97524729328472 
52.97525034325065 
52.9752535150175 
52.97525036859614 
52.9752504320888 
52.9752535150175 
52.97398240172965 
52.97524651654527 
52.9752535150175 
52.9752535150175 
52.9752535150175 
52.97525034549246 
52.97524661246307 
52.97525036859614 
52.9752535150175 
52.97525046504649 
52.97525046504649 
52.97525046504649 
52.9752535150175 
52.9752535150175 
52.97525036859614 
52.9752535150175 
52.9752535150175 
52.97519149637987 
52.9752535150175 
52.97525046504649 
52.97525046504649 
52.9752535150175 
52.9752504320888 
52.97525036859614 
52.9752535150175 
52.9752535150175 
52.97525034325065 
52.97524564294731 
52.9752504320888 
52.97525034325065 
52.9752535150175 
52.9752535150175 
52.9752535150175 
52.9752535150175 
52.9752535150175 
52.9752535150175 
52.973986829320786 
52.97525034325065 
52.9752535150175 
52.97525034325065 
52.9752535150175 
52.97525046504649 
52.97525034325065 
52.9752504320888 
52.9752535150175 
52.9752535150175 
52.97523335348614 
52.97525034559742 
52.97524583322781 
52.9752504320888 
52.97525034325065 
52.9752535150175 
52.97525036859614 
52.9752535150175 
52.97525034325065 
52.9752535150175 
52.9752535150175 
52.9752390591817 
52.975250257180626 
52.975239052149696 
52.97525036859614 
52.9752535150175 
52.97525046504649 
52.9752535150175 
52.97525036859614 
52.9752535150175 
52.97525046504649 
52.97523335348614 
52.97525034559742 
52.97524583322781 
52.9752504320888 
52.97525046504649 
52.97525036859614 
52.97525034325065 
52.9752535150175 
52.97525036859614 
52.9752535150175 
52.9752535150175 
52.97525046504649 
