43.0707284381362 
43.0707284381362 
43.07072847005219 
43.070728438133855 
43.07072847005219 
43.07072847005219 
43.07072847005219 
43.07072847005219 
43.0707284381362 
43.07072847005219 
43.0707284381362 
43.070728438133855 
43.07072841477042 
43.07072847005219 
43.07072847005219 
43.07072847005219 
43.070728116837344 
43.07072847005219 
43.070728413449395 
43.07072847005219 
43.07072847005219 
43.07072847005219 
43.07072847005219 
43.07072847005219 
43.07072847005219 
43.07072847005219 
43.07072847005219 
43.07072847005219 
43.07072847005219 
43.07072847005219 
43.07072829799873 
43.07072847005219 
43.070728434710645 
43.070728438133855 
43.07072847005219 
43.07072847005219 
43.07072847005219 
43.07072847005219 
43.07072847005219 
43.07070811963818 
43.07072847005219 
43.0707284381362 
43.07072847005219 
43.07072847005219 
43.070728438133855 
43.07072847005219 
43.07072847005219 
43.07072847005219 
43.07072847005219 
43.07072847005219 
43.0707284381362 
43.07072837626334 
43.07072847005219 
43.07072829804011 
43.07072847005219 
43.07072847005219 
43.0707284381362 
43.070728438133855 
43.07072847005219 
43.070728438133855 
43.07072847005219 
43.0707284381362 
43.07072847005219 
43.07072847005219 
43.07072846988165 
43.07072847005219 
43.07072847005219 
43.07072847005219 
43.07072847005219 
43.07072847005219 
43.070728438133855 
43.070728438133855 
43.07072847005219 
43.0707284381362 
43.070728438133855 
43.07072841477042 
43.07072847005219 
43.070728438133855 
43.0707284381362 
43.0707284381362 
43.07072847005219 
43.0707284381362 
43.07072847005219 
43.07072847005219 
43.070728438133855 
43.07072847005219 
43.07072847005219 
43.0707284381362 
43.07072847005219 
43.07072847005219 
43.07072847005219 
43.0707284381362 
43.07072847005219 
43.0707284381362 
43.07072847005219 
43.070728438133855 
43.07072847005219 
43.07072847005219 
43.07072847005219 
43.07072847005219 
