43.227077445605794 
43.22704891413859 
43.2270773720251 
43.22707743205141 
43.22705853393284 
43.22707732706924 
43.22707744018098 
43.22707090428 
43.2270772521335 
43.22707681838213 
43.227052403594 
43.22705890184413 
43.22707742683903 
43.227076859583256 
43.22707743943367 
43.227077341347254 
43.227077413050495 
43.22706513933567 
43.22707681838213 
43.227052403594 
43.22705890184413 
43.22707742668041 
43.22704594144369 
43.22707732706924 
43.22707734904453 
43.22707678975883 
43.2270774045158 
43.22706513933567 
43.227077442477835 
43.227040329553056 
43.22707740957277 
43.22706475225309 
43.227077442477835 
43.22707744712605 
43.22707708477826 
43.22707743443136 
43.227077413050495 
43.2270772224542 
43.22707720801841 
43.227076997047064 
43.22707120991992 
43.2270774470075 
43.22707733938012 
43.227077404984534 
43.22533762662179 
43.22703369550918 
43.22705898992494 
43.22706400461959 
43.227077339342706 
43.227070569557945 
43.22707744025581 
43.22707742683903 
43.22707725632013 
43.227077375551865 
43.22706861210582 
43.22707744045199 
43.2270647849219 
43.227052425645056 
43.22707709258274 
43.227076653099914 
43.22707740162228 
43.22707734521817 
43.22707713594325 
43.22707744045199 
43.22526729974658 
43.227052022849925 
43.22707735608517 
43.227077117090445 
43.22706472616269 
43.22707744735936 
43.22704311677776 
43.22707743443136 
43.227046569216355 
43.22706486517693 
43.227076935570125 
43.22707707980075 
43.22707708832913 
43.22705853393284 
43.22707744213059 
43.22707729369951 
43.22707742449118 
43.227077197267015 
43.227077381158146 
43.22707710165525 
43.22707732189064 
43.22706499246226 
43.227077117090445 
43.2270774333469 
43.22707737679663 
43.22707691823099 
43.22707737679663 
43.22705811505311 
43.22707744224648 
43.22705898992494 
43.227070899127995 
43.22707737742735 
43.227077383090936 
43.227077223904814 
43.22707744197393 
43.22707740975606 
