37.90262499805755 
37.90266178310383 
37.90640842411442 
37.902772344396176 
37.906243683323744 
37.906375799810796 
37.90639977573371 
37.906380262223934 
37.90640812064163 
37.90640135895964 
37.64143293573645 
37.906407633709605 
37.90640841816693 
37.906374836408716 
37.90639752461916 
37.90640431838632 
37.90637855718898 
37.90640171197963 
37.90639750070584 
37.90640353898382 
37.902677333442305 
37.90639442979643 
37.906066234939146 
37.90640326621076 
37.90640615817263 
37.90640624426003 
37.90640828721593 
37.90640672596747 
37.906408275511374 
37.90640830074618 
37.906299193766806 
37.90276472396578 
37.90640819212903 
37.90640751171896 
37.906324512220934 
37.90270784128237 
37.906408317882985 
37.90640828721593 
37.90640797162414 
37.90640770532583 
37.906408421135076 
37.90640182954093 
37.90640842262475 
37.90640399358679 
37.90640734021073 
37.906403689009814 
37.906295642287134 
37.90634298256522 
37.906408005623355 
37.90640842262475 
37.90640842411442 
37.9064079330999 
37.90640823458464 
37.90640437536358 
37.90640798667205 
37.90640818545911 
37.90637885356111 
37.90640797162414 
37.90273794239518 
37.90640352634397 
37.90640361407242 
37.90640170229113 
37.906374531635166 
37.90640651535804 
37.9062616987278 
37.90640819212903 
37.90640153988267 
37.90640842411442 
37.90640230745845 
37.90640834012164 
37.9062260559094 
37.906408421135076 
37.906403689009814 
37.895255300880905 
37.90639465540528 
37.906408317048545 
37.90640842411442 
37.906407607035526 
37.90640828721593 
37.90640819212903 
37.90640819212903 
37.906408003265646 
37.90636854040812 
37.90638095806467 
37.90640254164011 
37.906395228267336 
37.90635531846206 
37.90640334543239 
37.9064053783679 
37.90640797609315 
37.90639465540528 
37.90640842411442 
37.90640380299237 
37.90640081113894 
37.90640689255314 
37.90640842411442 
37.9064033003165 
37.906408003265646 
37.90637984425674 
37.90640478438562 
