37.9064041010674 
37.90634624715446 
37.90638143863808 
37.90634913588153 
37.906405722504864 
37.90634044028018 
37.906408425592886 
37.906402078378626 
37.906408425592886 
37.90640475336567 
37.90640621119602 
37.90640427070553 
37.90639456058628 
37.90636231152378 
37.90640824663081 
37.90640475336567 
37.9062826465931 
37.906408425592886 
37.90631582277187 
37.906408226447454 
37.90640820410239 
37.90640670303996 
37.90630682980998 
37.90640820410239 
37.90640762759971 
37.906283042739915 
37.89892586827695 
37.906366749936 
37.906408425592886 
37.906408425592886 
37.90640341495432 
37.90640801354213 
37.90640801354213 
37.90640533157759 
37.906406308719184 
37.898868118107146 
37.9062355675791 
37.90640812604588 
37.90636476024862 
37.906402402456145 
37.90640801354213 
37.90640801427017 
37.906249037627276 
37.906408425592886 
37.906408425592886 
37.90640703432959 
37.90640715583305 
37.906402425534935 
37.906406716379806 
37.90640578034451 
37.90640822299769 
37.906408425592886 
37.90640842112388 
37.90640820410239 
37.90640820410239 
37.906408425592886 
37.90640572736031 
37.90629587026372 
37.90640715583305 
37.90637502533244 
37.906240479670025 
37.90640801354213 
37.906402768121325 
37.906408422613545 
37.90640820410239 
37.90632221154684 
37.906408425592886 
37.90640493310662 
37.906353799367075 
37.90563542727327 
37.90279120315146 
37.90639970140095 
37.90640828738394 
37.906144094017876 
37.90640816824949 
37.906408305820015 
37.906403135830516 
37.90640824663081 
37.906379361056224 
37.90640830384872 
37.90640652432408 
37.90616305963536 
37.90273580129772 
37.906408425592886 
37.90640761453989 
37.90640673747603 
37.90624763742808 
37.906149585076356 
37.906231798889166 
37.90640548148579 
37.906403135830516 
37.90637048354526 
37.90640215041515 
37.90637338681285 
37.9062826465931 
37.906406869474424 
37.90637808936668 
37.90627007885136 
37.64135464857007 
37.90624373237647 
