43.227077447359505 
43.22707129477714 
43.22707744689092 
43.22707693725392 
43.22707114850299 
43.22707738775541 
43.22707128477834 
43.227077291029914 
43.22707091359889 
43.22707714923503 
43.2270584111293 
43.22707050266487 
43.227077447359505 
43.22707744657814 
43.22707693725392 
43.22707114850299 
43.227076872948054 
43.227077447359505 
43.22707743860874 
43.22707705102864 
43.2270708984401 
43.22707742429331 
43.22707716158487 
43.22707098925032 
43.227077447359505 
43.227077447359505 
43.22707129477714 
43.22707744689092 
43.22707693725392 
43.22707114850299 
43.22707744361148 
43.22707743860874 
43.227076775055245 
43.22707679545816 
43.2270620661088 
43.2270774251537 
43.22707716158487 
43.22707098925032 
43.227077447359505 
43.227077447359505 
43.22535379681257 
43.22707744689092 
43.22707693725392 
43.22707114850299 
43.22707744361148 
43.22707743860874 
43.227076775055245 
43.22707679545816 
43.2270620661088 
43.2270774251537 
43.22707716158487 
43.225353537294126 
43.22707742175978 
43.227077433299115 
43.22707742499662 
43.22707741074621 
43.227077388217694 
43.22707744361148 
43.22707706028989 
43.22707737683867 
43.227077414295536 
43.22707744361148 
43.22705843302318 
43.22707095391204 
43.227070635212556 
43.227077433299115 
43.22707744240174 
43.22705866025029 
43.22707724328814 
