43.16315705663756 
43.16315705663756 
43.163155273213306 
43.16316235825225 
43.163155273213306 
43.16315705663756 
43.16315705663756 
43.16316235825225 
43.16316235825225 
43.163156831817105 
43.163155273213306 
43.16315705663756 
43.16315705663756 
43.16315637354611 
43.163155273213306 
43.16315637354611 
43.163149746798766 
43.163155273213306 
43.16316235825225 
43.16315705663756 
43.16315637354611 
43.16316235825225 
43.16315637354611 
43.16315705663756 
43.16316235825225 
43.16316235825225 
43.16316235825225 
43.16315705663756 
43.163156831817105 
43.16315705663756 
43.16316235825225 
43.163156831817105 
43.163156831817105 
43.163156831817105 
43.16316235825225 
43.16316235825225 
43.16315705663756 
43.16316235825225 
43.16316235825225 
43.16315705663756 
43.16316235825225 
43.163156831817105 
43.163156831817105 
43.16316235825225 
43.16315637354611 
43.16315705663756 
43.16316235825225 
43.16316235825225 
43.163155273213306 
43.163161673579175 
43.16315637354611 
43.163155273213306 
43.16316235825225 
43.16316235825225 
43.16316235825225 
43.16316235825225 
43.16316235825225 
43.16316235825225 
43.163149288477776 
43.163155273213306 
43.16316235825225 
43.163155273213306 
43.16316235825225 
43.163156831817105 
43.163155273213306 
43.16315637354611 
43.16316235825225 
43.16316235825225 
43.16312019561631 
43.16315705663756 
43.16316235825225 
43.16315637354611 
43.163155273213306 
43.16316235825225 
43.16315705663756 
43.16316235825225 
43.163155273213306 
43.16316235825225 
43.16316235825225 
43.16315637354611 
43.163155273213306 
43.163156831817105 
43.16315705663756 
43.16316235825225 
43.163156831817105 
43.16316235825225 
43.16315705663756 
43.16316235825225 
43.163156831817105 
43.16312019561631 
43.16315705663756 
43.16316235825225 
43.16315637354611 
43.163156831817105 
43.16315705663756 
43.163155273213306 
43.16316235825225 
43.16315705663756 
43.16316235825225 
43.16316235825225 
43.163156831817105 
