46.608104505925255 
46.60948814166592 
46.61129631206791 
46.61816354241345 
46.62218207647648 
46.622152238599156 
46.62218207647648 
46.622152238599156 
46.62185805323615 
46.622152238599156 
46.62215165049151 
46.61678068962817 
46.62151345706744 
46.62215230990545 
46.62218207647648 
46.62180044406592 
46.622152238599156 
46.62218207647648 
46.39208682924411 
46.619493433435764 
46.62151345706744 
46.62215230990545 
46.618817558231335 
46.62218207647648 
46.39208682924411 
46.384000580083175 
46.622152238599156 
46.398431452713716 
46.618817558231335 
46.62215165049151 
46.62215136434482 
46.62215165049151 
46.62199561788083 
46.609620103532315 
46.12187177149171 
46.62199489076528 
46.622156709375766 
46.62199434931603 
46.62215136434482 
46.62205276053132 
46.62218207647648 
46.62206925865689 
46.61509802547981 
46.62218207647648 
46.62218207647648 
46.622152238599156 
46.610274905865225 
46.607457425477975 
46.38860863766952 
46.62215136434482 
46.62218207647648 
46.62215165049151 
46.622121526959624 
46.622152238599156 
46.62215230990545 
46.62215136434482 
46.62215230990545 
46.62215230990545 
46.60853714581146 
46.62215136434482 
46.60868037773331 
46.62192263551637 
46.603003029542464 
46.61024645019644 
46.62215230990545 
46.62215230990545 
46.62215165049151 
46.62218207647648 
46.62193079166638 
46.61640936546008 
46.62215165049151 
46.62218207647648 
46.622152238599156 
46.62215230990545 
46.62215165049151 
46.62218207647648 
46.62189253457614 
46.619450358937016 
46.622164750059 
46.62177473960273 
46.62215230990545 
46.62215165049151 
46.62215165049151 
46.62218207647648 
46.622152238599156 
46.62151345706744 
46.62215136434482 
46.622152238599156 
46.61886658941176 
46.62215136434482 
46.62151345706744 
46.62218207647648 
46.621596092245134 
46.622152238599156 
46.62215136434482 
46.62218207647648 
46.62218207647648 
46.622152238599156 
46.61938768108085 
46.62211887368175 
