43.16315662915729 
43.16315600474072 
43.16315565913518 
43.16315662915729 
43.16315651331442 
43.16316233179259 
43.16316233179259 
43.16316233179259 
43.16316233179259 
43.16315600474072 
43.16316233179259 
43.16315600474072 
43.16315651331442 
43.16311987867859 
43.16315662915729 
43.16316233179259 
43.16315662915729 
42.93875818153789 
43.16316233179259 
42.934236268178964 
43.16316233179259 
43.163152137786746 
43.1631578404108 
43.1631578404108 
43.16316233179259 
43.16316233179259 
43.16316233179259 
43.16315662915729 
43.1631578404108 
43.16316233179259 
43.1631578404108 
43.16315600474072 
43.1631578404108 
43.16315662915729 
43.16315651331442 
43.16316233179259 
43.16316233179259 
43.16315662915729 
43.1631578404108 
43.16316233179259 
43.16308305585849 
43.16310444429702 
43.16315600474072 
43.16316233179259 
43.16315662915729 
43.16315651331442 
43.1631578404108 
43.1631578404108 
43.16316233179259 
43.16315662915729 
43.16316233179259 
43.16315600474072 
43.1631578404108 
43.16316233179259 
43.16315651331442 
43.16316233179259 
43.16316233179259 
43.16315600474072 
43.16315651331442 
43.16316233179259 
43.16315651331442 
43.16316233179259 
43.16315600474072 
43.16316233179259 
43.16315662915729 
43.163152137786746 
43.16316233179259 
43.16316233179259 
43.16316233179259 
43.16316233179259 
43.16316233179259 
43.16315651331442 
43.16315651331442 
43.16316233179259 
43.16315600474072 
43.16315651331442 
43.16311987867859 
43.16316233179259 
43.16315651331442 
43.16315600474072 
43.16315600474072 
43.1631578404108 
43.16315600474072 
43.1631578404108 
43.16316233179259 
43.16315651331442 
43.1631578404108 
43.1631578404108 
43.16315600474072 
43.16316233179259 
43.16316233179259 
43.16316233179259 
43.16315600474072 
43.16316233179259 
43.16315600474072 
43.16316233179259 
43.16315651331442 
43.1631578404108 
43.1631578404108 
43.16316233179259 
43.16316233179259 
