45.865831098329245 
45.629790442029325 
45.64366986748254 
45.85859515168445 
45.65056441728613 
44.63373531515355 
45.87495090216856 
45.877537199943085 
45.87506125280131 
45.87812577695342 
45.876991427991875 
45.37063753674922 
45.87728254603865 
45.87822129903294 
45.87732108798712 
45.87758112746733 
45.87795424605798 
45.87794630670915 
45.87191991285861 
45.877582297832994 
45.87778773214306 
45.65058793285287 
45.87729980537202 
45.86324091128009 
45.877914700306285 
45.87806424172468 
45.87199627023486 
45.65433763960404 
45.8750980325491 
45.87822995785987 
45.87821868821438 
45.86936552345469 
45.648958717494224 
45.87821686499787 
45.874857401895326 
45.6433562349673 
45.65402069131258 
45.87823175103488 
45.65433763960404 
45.8781821289305 
45.878095543119926 
45.87211589326361 
45.87772304276417 
45.877926059595104 
45.877820990942766 
45.873770367348556 
45.877894761815206 
45.86502246489821 
45.8669408443455 
45.86919999284523 
45.878191044938205 
45.87358373602206 
45.87817341969698 
45.87792780464431 
45.85180118747138 
45.87782976967015 
45.87811924023539 
45.87190766582343 
45.8781821289305 
45.87520641871073 
45.87205475884024 
45.878029426726265 
45.87776047336023 
45.877801050803264 
45.878116007574995 
45.85404661801981 
45.878227312276586 
45.877484923394576 
45.87807975547049 
45.877171096068004 
45.878234871351644 
45.86873471984582 
45.87820702589422 
45.8779145491752 
45.374492817353946 
45.863759052446994 
45.878230537309655 
45.87815293646344 
45.87525543121626 
45.87823335849003 
45.878227312276586 
45.8753296913218 
45.878189161444716 
45.869797683723014 
45.875315906382426 
45.8778107182152 
45.87736967384398 
45.871577984559856 
45.869139357449214 
45.65178771213209 
45.8781821289305 
45.865751796198296 
45.65413032017722 
45.87780325157367 
45.87771719999077 
45.8779800664044 
45.87240608756056 
45.864125218162584 
45.87818134491434 
45.87516218705094 
45.87796186137107 
