0.0 
0.0 
37.514079861909565 
0.0 
0.0 
0.0 
0.0 
0.0 
0.0 
0.0 
0.0 
0.0 
0.0 
37.51392080598566 
0.0 
0.0 
0.0 
37.50320521154624 
0.0 
37.48182087315026 
0.0 
36.52467598209701 
0.0 
36.52469905038294 
0.0 
0.0 
0.0 
0.0 
0.0 
0.0 
0.0 
37.514070875887086 
0.0 
37.51407241713604 
0.0 
0.0 
0.0 
0.0 
0.0 
0.0 
39.31361941992309 
37.524429824321565 
37.514070875887086 
0.0 
0.0 
0.0 
0.0 
0.0 
0.0 
0.0 
0.0 
0.0 
0.0 
0.0 
38.508747565799766 
0.0 
0.0 
0.0 
0.0 
0.0 
0.0 
0.0 
0.0 
0.0 
0.0 
37.51406240676159 
0.0 
0.0 
0.0 
0.0 
0.0 
0.0 
0.0 
0.0 
0.0 
0.0 
37.51392080598566 
0.0 
0.0 
0.0 
0.0 
0.0 
0.0 
0.0 
0.0 
0.0 
0.0 
36.52469905038294 
0.0 
0.0 
0.0 
36.52475735220377 
0.0 
0.0 
0.0 
0.0 
0.0 
0.0 
36.52469905038294 
0.0 
0.0 
