0.0 
0.0 
0.0 
0.0 
0.0 
0.0 
0.0 
0.0 
0.0 
0.0 
0.0 
0.0 
0.0 
0.0 
0.0 
0.0 
0.0 
0.0 
0.0 
0.0 
0.0 
0.0 
38.70309773093675 
39.284968627612 
0.0 
0.0 
0.0 
37.71236113899971 
38.7031264273026 
0.0 
0.0 
0.0 
0.0 
0.0 
0.0 
0.0 
0.0 
0.0 
0.0 
0.0 
0.0 
0.0 
0.0 
0.0 
0.0 
0.0 
0.0 
0.0 
37.712339409160165 
40.2818718631121 
0.0 
0.0 
0.0 
0.0 
0.0 
0.0 
0.0 
0.0 
39.28494773922969 
0.0 
0.0 
0.0 
0.0 
0.0 
0.0 
0.0 
0.0 
0.0 
0.0 
0.0 
37.712401922870825 
0.0 
0.0 
0.0 
0.0 
0.0 
0.0 
0.0 
0.0 
38.70309773093675 
0.0 
38.70310191597814 
0.0 
0.0 
0.0 
0.0 
0.0 
0.0 
0.0 
0.0 
0.0 
37.712401922870825 
0.0 
0.0 
0.0 
0.0 
0.0 
0.0 
0.0 
0.0 
0.0 
