39.313809701657384 
39.313791657217344 
39.3136608361275 
36.52468589070698 
0.0 
36.52468589070698 
0.0 
0.0 
38.829468201337974 
0.0 
0.0 
36.52468097797917 
0.0 
0.0 
0.0 
39.31370531505846 
0.0 
0.0 
36.503375779312655 
38.09549335975898 
0.0 
0.0 
0.0 
0.0 
36.503375779312655 
38.08113515310829 
0.0 
37.514082369549335 
0.0 
0.0 
0.0 
0.0 
0.0 
39.31351436093143 
38.08113515310829 
38.50875229189692 
39.31382016624453 
39.31370835467374 
0.0 
37.513920177736 
0.0 
37.51407503643442 
39.31379952584634 
0.0 
0.0 
0.0 
0.0 
38.09546749009322 
39.31361764307312 
0.0 
0.0 
0.0 
0.0 
0.0 
0.0 
0.0 
0.0 
0.0 
39.09182397552494 
36.52468097797917 
38.0811384587203 
0.0 
39.091711134692 
36.52468589070698 
0.0 
0.0 
0.0 
0.0 
0.0 
39.313522545983496 
0.0 
0.0 
0.0 
0.0 
0.0 
0.0 
38.09538989045671 
37.51409573734351 
39.31382016624453 
36.524378431284674 
0.0 
0.0 
0.0 
0.0 
0.0 
0.0 
36.52468097797917 
0.0 
38.09546415389304 
0.0 
0.0 
0.0 
0.0 
0.0 
36.52468097797917 
0.0 
0.0 
36.52468589070698 
39.31371451075214 
0.0 
