41.217235583573114 
41.21705793976072 
41.02214965080327 
38.350242292832355 
0.0 
38.45553983707974 
0.0 
0.0 
40.76334225937859 
0.0 
0.0 
38.45570995671647 
0.0 
0.0 
0.0 
41.24793046758468 
0.0 
0.0 
38.4380848026264 
40.029617117199344 
0.0 
0.0 
0.0 
0.0 
38.4380848026264 
38.414002745368606 
0.0 
0.0 
0.0 
0.0 
0.0 
0.0 
0.0 
41.22978763506294 
39.40876020529088 
40.44330670136225 
41.248988241297255 
41.24873577913645 
0.0 
39.44706614682842 
0.0 
39.44706614682842 
41.241924797317076 
0.0 
0.0 
0.0 
0.0 
40.01703875733422 
41.22665617920142 
0.0 
0.0 
0.0 
0.0 
0.0 
0.0 
0.0 
0.0 
0.0 
40.41638991922876 
38.45570995671647 
39.99880762035227 
0.0 
41.00165346249843 
38.36814620953391 
0.0 
0.0 
0.0 
0.0 
0.0 
41.2474383121051 
0.0 
0.0 
0.0 
0.0 
0.0 
0.0 
40.02786332821852 
39.447309103031834 
41.248987579359934 
38.45028153905829 
0.0 
0.0 
0.0 
0.0 
0.0 
0.0 
38.45570995671647 
0.0 
40.02849412097302 
0.0 
0.0 
0.0 
0.0 
0.0 
38.45570995671647 
0.0 
0.0 
38.45573012955987 
40.4432184642372 
0.0 
