52.57111620534747 
52.56573929214942 
52.08500010689959 
52.5650909314154 
52.56634693539109 
52.565122838717386 
52.33865075251758 
52.07761604981334 
52.56973307779279 
52.333957641984526 
52.571047002450676 
52.34094606200669 
52.56834450600162 
52.5710893499758 
51.761848214631584 
52.33715370560803 
52.56914039393529 
52.34251244335399 
52.569732260040794 
52.56642060754141 
52.571134924105856 
52.3472231738242 
52.34489750380609 
52.34337419664709 
52.3457289424768 
52.57106103682494 
52.571084636897815 
52.56705111670188 
52.083079777160236 
52.56441501584929 
52.34183820120979 
52.33482401802326 
52.56967477068088 
52.56577347203328 
52.56840522788833 
52.564412824116204 
52.56774002499216 
52.570366758131854 
52.34493683639304 
52.07565080981266 
52.571120450610856 
52.08210715796214 
52.565746521204694 
52.34723928551802 
52.56708404447699 
52.34104797632081 
52.56974227599086 
52.344895832318464 
52.34341801154739 
52.56772234153835 
52.56979360773358 
52.57111052104376 
52.567748907780064 
52.084979583583426 
52.077565607301345 
52.34415239244313 
52.571003339092464 
52.082090211421665 
52.5697316299377 
52.5710612715465 
52.57113501626349 
52.33793829248211 
52.563694902267464 
52.56970010934403 
52.347220488254735 
52.34644536770607 
52.34494782085026 
52.57112142340219 
52.34650360815545 
52.569778507019706 
52.56973703957567 
52.56715967763291 
52.57109038629476 
52.56041653772391 
52.56644034395502 
52.3441696417255 
52.567688241681175 
52.34569989391338 
52.571069637987186 
52.346476505500675 
52.34260740375655 
52.56504334164383 
50.756092474379415 
52.075734914244144 
52.57103673888977 
52.57105632743564 
52.34642976903618 
52.56971478037235 
52.56838241695664 
52.56845039859797 
52.55965818339899 
52.56636566312515 
52.3464416345855 
52.565762356075886 
52.568371738362366 
52.34181069267425 
52.3464870329295 
52.56500973769542 
52.56976072900263 
52.33872756832516 
52.56959333238503 
52.56242764669829 
52.08122642420196 
52.34645563238341 
52.563019357372575 
52.34417955720429 
51.761808966201116 
52.562431226045796 
52.33951553550016 
52.56972734201657 
51.75378455900919 
52.56781455099555 
52.56644613001764 
52.57100852705935 
52.07851658366174 
52.08401060963774 
52.565746376923116 
52.56972940689382 
52.56847214374915 
52.34717183074758 
52.57108142450077 
52.341833228577094 
52.56844278762595 
52.56378029881585 
52.56767711551616 
52.56972495524204 
52.559766624343254 
52.56841704084 
52.56842138684319 
52.568425555509805 
52.33871416205201 
52.561797588803486 
52.07012788356383 
52.5637756332925 
52.33565679194715 
52.56968236223176 
52.56966438350508 
52.34635116850685 
52.56774168431391 
52.56777404443698 
52.56704659143226 
52.345601560614035 
52.57104243088736 
52.56975456115319 
52.57105059780117 
52.568428133353635 
52.34412931604745 
52.567082150142674 
52.56041453410322 
52.569742671072426 
52.569717233383976 
52.566398929755366 
52.56506906585467 
52.564457957830285 
52.56237084620492 
52.569659501653774 
51.344923554191375 
52.33946454203113 
51.74672046436381 
52.571036985643865 
52.57091497559134 
52.07571305611213 
52.569789393713215 
52.07841757198234 
52.56772534778777 
52.57101759269067 
52.569681420544505 
52.569746138788275 
52.56908587758546 
52.57107222217423 
52.568298187611845 
51.7572578557391 
52.571075899828074 
52.56971291777704 
52.56497524139281 
52.56103454911795 
52.34178727347122 
52.568403772243 
52.5697293203934 
52.34491116781338 
52.33870454907041 
52.07759260024197 
52.571097088955895 
52.344167255472414 
52.56976270626992 
52.342642923575234 
52.57110393110544 
52.344918675138786 
52.5676672448538 
52.08404562651469 
52.56510381646726 
52.56376786656357 
52.56703423501155 
52.344034204210786 
52.56972981280319 
52.340194059911184 
52.07665619655746 
52.33484207772792 
52.5710911656012 
52.56907482464566 
52.56766317365806 
52.5624151614 
52.568431537440006 
52.563766718883905 
52.56446488766729 
52.56842783226868 
52.57104119916497 
52.56509634029965 
52.56045538489429 
52.569693172676985 
52.074742314415005 
52.565717046714006 
52.57099982934917 
52.569728747127535 
52.568973189134695 
52.082177835491315 
52.57102210575613 
52.56637995079245 
52.34183892701827 
52.569725154745754 
52.34649096772756 
52.56640703518142 
52.07009169012926 
52.56038918424467 
52.0710370863056 
52.07739919734104 
52.568408627678245 
52.567782790092124 
52.56968080063439 
52.565752141604634 
52.57109524199915 
52.08211944465231 
52.57102295344814 
52.56705443030913 
52.56971415505422 
52.57108800773272 
51.76075867155145 
52.56509942423282 
52.34800352356042 
52.57101775218829 
52.56977800459033 
52.563688186784105 
52.56841346851575 
51.34182822868725 
52.34336568301031 
52.57111151452553 
52.56108707048448 
52.570996184464946 
52.57100679749428 
52.341750122977516 
52.56834381864589 
52.56972528448836 
52.34175711991706 
51.75489421365161 
52.57109495674489 
52.569086704156945 
52.57101593599366 
52.571093205473936 
52.348039842926234 
52.56974885547163 
52.56580242853323 
52.08404562651469 
52.56447871902697 
52.56772192558877 
52.34260066994779 
52.56438149103313 
52.341075285279736 
52.56107856141008 
52.56705097490081 
52.56307670229756 
52.57096005792148 
52.57106080228159 
52.56647946033992 
52.5697198924953 
52.57109249121504 
52.56766059756507 
52.56711069097521 
52.568405645843505 
52.33867053382211 
52.3409882419417 
52.567799051982675 
52.57101829035866 
52.56642193605196 
52.568459935475715 
52.56575867668175 
52.55902926672868 
52.559857870694366 
52.571007986900604 
52.5624858048419 
52.56513319889538 
51.34339575183923 
52.565081255042095 
52.08391132663167 
52.56840939881376 
52.571079029083016 
52.571091612454275 
52.5710576938154 
52.569143881398254 
52.55971923728251 
52.57102530630177 
52.560489712009044 
52.56828885236317 
52.56711616726393 
52.56833142980426 
52.562427525706966 
52.341763388397496 
51.76187939428493 
52.34718272127903 
52.571115039738565 
52.56696323461948 
52.56979908184799 
52.56710992205079 
52.571080587544074 
51.34485906249082 
52.348056419716556 
52.5650957263472 
52.56574907489998 
52.566398929755366 
52.56974236044198 
52.33246204795297 
52.34793467140054 
52.5611521919644 
52.5697816827328 
52.57105796385332 
52.57108309347669 
52.33864375304414 
52.57104105121172 
52.072936935415406 
52.55904590324656 
52.34182596408643 
52.344850759665036 
52.3425878816845 
52.56575272516254 
52.55975171700923 
52.56772542320503 
52.57104340881455 
52.565738115390374 
52.562993815761395 
52.56698226887723 
52.56844771272732 
52.347986988246184 
52.569763225878575 
52.571112381774725 
52.57113267419668 
52.57103662102201 
51.753735413781364 
52.570996964769904 
52.340988992634664 
52.56508612565376 
52.56831701356742 
52.56978897538531 
52.34108516365965 
52.341768614815756 
52.5617932393126 
52.34642577232632 
52.56903779747851 
52.55779493055232 
52.34414295899943 
52.56242976725078 
52.57106080228159 
52.56694265793691 
52.34408755294254 
52.56705247876712 
52.57108608373692 
52.341017597521954 
52.341762276948494 
52.56962839393369 
52.56712275603423 
52.56908542812112 
52.568443525041225 
52.56710992205079 
52.569758734348326 
52.34402798072274 
51.751358744284765 
52.559707355510724 
52.55853697384024 
52.34334609346524 
52.566384932022956 
52.344122503211835 
52.565816260744285 
52.566398929755366 
52.34491156025915 
52.33712331604911 
52.08127320047787 
52.56301539813208 
52.34028374076795 
52.56374216127139 
52.56843905873913 
52.56973436000815 
52.34568235850465 
52.34637834294131 
52.56842283579395 
52.3479711994027 
52.568449841049016 
52.5618028984435 
52.57113036298046 
52.56975855603586 
52.565146567210455 
52.08215386131716 
52.56968581042112 
52.56431799064093 
52.063587403683016 
52.33796352755231 
52.566381438966 
52.33413134249072 
52.080280318077506 
52.34262223856218 
52.56309531496106 
52.56965290967112 
52.57110948604183 
52.57099341364262 
52.55574285536466 
52.06268060379108 
52.559744988997714 
52.56180796837221 
52.57109258152467 
52.56979483355713 
52.34252907641865 
52.33715321213512 
52.569643047142385 
52.0765686627541 
52.5570927596735 
52.559101235721215 
52.57098784933352 
52.561788874330894 
52.56707680009182 
52.569748294795026 
52.57100022975369 
52.56642528492114 
52.56375041176413 
52.34495229639915 
52.56847204062232 
52.56640816630824 
52.5637615956138 
52.571053473993544 
52.34101734875177 
52.56303842545228 
52.07662529693581 
52.33562894688124 
52.564322245237214 
52.567720417705445 
52.56706684207885 
52.07847656358156 
52.5684709899166 
52.5711124317544 
52.56646748520891 
52.56575870433348 
52.570888794009115 
52.081258675207344 
52.08126580766741 
52.07662249643438 
52.56976145124718 
52.34407925239254 
52.56705547867226 
52.346505796393934 
52.565024359016846 
52.56567261308546 
52.56445122477615 
51.75366076796991 
52.56774002499216 
52.571037393573846 
52.56640816630824 
52.5630517070081 
52.569750502899346 
52.569716408801575 
52.56373859349512 
52.56512675260845 
52.57102129692478 
52.56181448685253 
52.569667156780525 
52.341818991083215 
52.55904995879523 
52.567720417705445 
52.57100513923197 
52.08026646245515 
52.57102122358676 
52.56638308640945 
52.343398924408724 
52.56966785416418 
52.56638276762952 
52.07934529438911 
52.56840721562473 
52.568432532932235 
52.5644075957568 
52.57107207622384 
52.56711510722563 
52.56775582425946 
52.5697407016988 
52.569107911041115 
52.57110052321997 
52.570984677770625 
52.07571171229034 
52.561166336516166 
52.56909097585887 
52.57104157699791 
52.5677457078997 
52.57109498230695 
52.56638276762952 
52.34721193679051 
52.08311432116514 
52.55716785726694 
52.56835802344258 
52.561167211815274 
52.56969814152797 
52.56639435074527 
52.34031649622709 
52.568449428932844 
52.56115913548413 
52.3425641382158 
52.569650448515524 
52.56974345957395 
52.56638308640945 
52.343323663786066 
52.34805676545322 
52.343369822803965 
52.56633840732382 
52.55776004368244 
52.56838142402687 
52.553190563527366 
52.57096367342361 
52.57102360349481 
52.567114549276894 
52.34496479754046 
52.561112397538814 
52.565709834114585 
52.56974312210417 
52.569775418646806 
52.57109588212533 
52.34481513334833 
52.34641247431487 
52.56776510367596 
52.340215658441025 
52.56710557535933 
51.74334758869181 
52.56765779158375 
52.571034378744805 
52.56510140333102 
52.57104876967725 
52.56243407666586 
52.564975934956955 
52.34412313951564 
52.56711049324856 
52.55986077843982 
52.571077833207475 
52.34646037249352 
52.56575349168285 
52.566408627941705 
52.56966668162296 
52.56102085381438 
52.567737984075876 
52.56504662573222 
52.56971798139199 
52.571071150841355 
52.5670504920583 
52.57110288509445 
52.57103810372102 
52.57109893657794 
52.56579791513697 
52.5670728115872 
52.56846631708084 
52.56778062326 
52.56567258454742 
52.56971910548103 
52.57103323967934 
52.34560128444834 
52.342565680405855 
52.56703024291732 
52.55973027544021 
52.56846151115376 
52.344133137083624 
52.55576899246183 
52.56702544694731 
52.5711325548506 
52.56976165832319 
52.34715968936917 
52.56638877301257 
52.56832305086357 
52.56970019185771 
52.343312137905336 
52.57098607428252 
52.329401279041804 
52.55709639685108 
52.5683055425846 
52.56973639013438 
52.34647292432436 
52.56974411280085 
52.56709254445792 
52.341754113884406 
52.56177970270969 
52.56902175370781 
52.57102292826238 
52.56109713636696 
52.337962266983425 
52.33643309360799 
52.56704798827052 
52.562455292955065 
52.34719869478867 
52.57104669757408 
52.34255852629863 
52.567010801039345 
52.07109944215964 
52.57102287820205 
52.56707680009182 
52.56568460810725 
52.34021461043198 
52.3425829507199 
52.565756650565476 
52.5636586855707 
52.07465760886982 
52.566396160206196 
52.3433429089542 
52.565773859455206 
52.08303031541403 
52.5697232961355 
52.568425052547184 
52.56568914715382 
52.06649511466884 
52.56963902207381 
52.56839730156459 
52.56704466440035 
52.565120842934995 
52.08121021647241 
52.079424677565285 
52.33862265202352 
52.33243684917219 
52.07843137365672 
52.569739792665175 
52.568378457297975 
50.74908443152786 
52.338692628726534 
52.56045641407043 
52.5684422167417 
52.56446753981707 
52.342559418290975 
52.0626706367547 
52.56710150945714 
52.57107061055762 
52.34179117985986 
52.5710158732719 
52.07012999525125 
52.342627395404286 
52.56639540635123 
52.5664444956734 
52.34798515143835 
52.56646665869402 
52.34638193095592 
52.569781846421144 
52.56578494198845 
52.562415635232384 
52.3364492810727 
52.567114549276894 
52.56707077289053 
52.56974936282175 
52.34410707018331 
52.56316054099362 
52.56964584248948 
52.56176928405701 
52.34485231680036 
52.33167354951638 
52.569762280475985 
52.56839172439997 
52.56707830264834 
52.07939928539745 
52.33789170716766 
52.56834969414623 
52.074731747138905 
52.075730752490934 
52.569733766774604 
52.343331556230055 
52.34250105492566 
52.57104803966362 
52.56908116256254 
52.57104331887762 
52.56835914116428 
52.565762128747224 
52.56841190971791 
52.57105157817918 
52.33726438481669 
52.344900024328275 
52.563034637709634 
52.56971603072507 
52.56968181018116 
52.56642193605196 
52.07845752901897 
52.345696327317434 
52.56713720912203 
52.56373478722602 
52.57110795270223 
52.567036459770705 
52.56646656199913 
52.5678044151061 
52.56172006748107 
52.3441682682856 
52.34650667640789 
52.56382661442934 
52.081270037724764 
52.56385164376156 
52.57112548684084 
52.083175090883074 
52.56767110901087 
52.33722990019878 
52.566424075052936 
52.568351802724656 
50.75375921470575 
52.34723679288947 
52.33804244272739 
52.334853459693214 
52.56505609548703 
52.56767640785889 
52.34648115850975 
52.074791072752674 
52.57111117732087 
52.56300134947607 
52.57110296650052 
52.56637545757366 
52.56708687433559 
52.56842728027826 
52.561660005753964 
52.569744327147475 
52.56443595430975 
52.33713583582327 
52.571062261328606 
52.56907898951386 
52.5684372421019 
52.56838991208368 
52.570998976787884 
52.56630048766531 
52.55846367505077 
52.33869888799245 
52.56769278960564 
52.571132169149365 
52.34327313379337 
52.56241991277488 
52.56968489869248 
52.56251046958877 
52.56841967688471 
52.34637323747024 
52.568345371566586 
52.57106986299204 
52.568345371566586 
52.57108243356546 
52.571132169149365 
52.56970019185771 
52.571103397492614 
52.34568187212305 
52.34184755696113 
52.5710719020382 
52.34791540561903 
52.571073064738265 
52.56841967688471 
52.34637323747024 
52.568345371566586 
52.5697373779232 
52.56841967688471 
52.34637323747024 
52.568345371566586 
52.56973735130551 
52.56841967688471 
52.34637323747024 
52.568345371566586 
52.569737311744824 
52.56841967688471 
52.344848931877905 
52.5709884875534 
52.34335074658875 
52.56973605427642 
52.56712801620186 
52.07666407861085 
52.07847826760836 
52.571090306165964 
52.34110375383251 
52.56975260117948 
52.33796108895899 
52.57110335409217 
52.344899029077865 
52.341031224349436 
52.34722010404011 
52.3480086117063 
52.571098635400745 
52.56770464458283 
52.345673791370714 
52.56698126424482 
52.56837040796529 
52.56375459175659 
52.565138688748306 
52.559101235721215 
52.34650493377014 
52.0784685598391 
52.56842252802826 
52.34329760216846 
52.569734121179735 
52.34794998703537 
52.34409053353128 
52.57106507664966 
52.571000771195415 
52.34572278571583 
52.57108703975284 
52.084008710380274 
52.57106055123025 
52.56572729810045 
52.34491827153247 
52.56972723972039 
52.56970300437013 
52.569734522817974 
52.57113496309513 
52.56969544930633 
52.571099339532864 
52.571059692468744 
52.56631336355613 
52.56846631708084 
52.56969416443465 
52.571132169149365 
52.56970019185771 
52.569807479908256 
52.568385076751355 
52.0849007176281 
52.56845080362153 
52.56314303439533 
52.569657078177656 
52.34343336991278 
52.56706106335126 
52.57107059436723 
52.34637341688981 
52.57112056365972 
52.56779594669757 
52.571074944857116 
52.5676933583181 
52.565794479929366 
52.57107779639313 
52.56510907825581 
52.557125847076094 
52.34025526149549 
52.56643683957448 
52.571085079242295 
52.566433784126794 
52.56710104866027 
52.569106674167465 
52.56844378131957 
52.34262510822985 
52.56177727126505 
52.57094161488195 
52.57109597160498 
52.07571255478358 
52.34792938133102 
52.57108379429571 
52.57111110173201 
52.073826013617584 
52.568395096875285 
52.565123342447755 
52.346454343281124 
52.57102863932493 
52.56962985785332 
52.56638844824156 
52.565037268674295 
52.56828766199356 
52.344879697077886 
52.5696646086987 
52.342444940238906 
52.56970895564783 
52.570960527711 
52.57111045525373 
52.57102366037951 
52.074678715132144 
51.75843948234269 
52.566972299730416 
52.56846754784786 
52.083148104241374 
52.56380483695255 
52.33957078414469 
52.57110436505923 
52.56774970885324 
52.56516354312105 
52.329482775799136 
52.56446753981707 
52.56772111606107 
52.56637393829358 
52.083071185185425 
52.56840988401871 
52.56248870356545 
52.56837043747402 
52.56972305408167 
52.569769042674686 
52.571006895062155 
52.07474868530177 
52.34640758354102 
52.346517896979606 
52.567763020996395 
52.34029623239684 
52.34563801780524 
52.56838394822313 
52.334095379975004 
52.56575569047649 
52.563146163629206 
52.56841808877596 
52.56108197976981 
52.56973820132813 
52.56444822525325 
52.5650366128461 
52.56969585043124 
52.34648728605878 
52.07739905023967 
52.34491945876311 
52.568321815565575 
52.56638152304284 
52.34726392312759 
52.56648703609501 
52.571078927968216 
52.57105304497257 
52.56967731849908 
52.57106793504287 
52.57109548910776 
52.568343525706254 
52.080269809142266 
52.566386579970356 
52.56843496952993 
52.5650456813892 
52.56975973632135 
52.34263850963276 
52.571091690689144 
52.343299596136845 
52.34719664135783 
52.57106097529511 
52.567114628983305 
52.55846677487462 
51.33089371623889 
52.569714426798235 
52.56836787925464 
52.34574618962036 
52.56240621745849 
52.34256314873257 
52.56772923217941 
52.555821072315425 
52.56439964832487 
52.56646012046614 
52.06448660474304 
52.344061229570514 
52.08218565744616 
52.56503286385946 
52.56502542326324 
52.56580200318054 
52.565717697824056 
52.56368970406716 
52.34263274953485 
52.566384932022956 
52.56976912193877 
52.568370817082375 
52.562432059223 
52.56846496239631 
52.55582345444007 
52.570938276450946 
52.571049827691326 
52.56830900489703 
52.57106518490177 
52.57109453229882 
52.57111669706375 
52.56106973273134 
52.562368177463604 
52.55915316705695 
52.56843693562867 
52.56981135615945 
52.56376740756258 
52.558507754944756 
52.34487633601715 
52.571112139282334 
52.56307747054311 
52.34260813681072 
52.56976540263376 
52.34572419903276 
52.56837362178809 
52.56714058191028 
52.56243216023189 
52.56967296235554 
52.56574763651105 
52.32942291703458 
52.56572917234426 
52.346499940945876 
52.569686275596325 
52.57105954812354 
52.5604621249312 
52.564338523190365 
52.568365853296164 
52.567081484675974 
52.34565680173893 
52.33878508170578 
52.57098889258777 
52.34416960600499 
52.56768957366778 
52.56113695144661 
52.56375425575232 
52.569756707828695 
52.3410204453635 
52.56373265068973 
52.34409482053049 
52.56640372211606 
52.57105210439502 
52.56707647348006 
52.56974861049063 
52.566444536810685 
52.56974713230226 
52.56913681706068 
52.564452093036984 
52.56504983755349 
52.347258185629364 
52.56973362909046 
52.56846631708084 
52.08307467013951 
52.56448654043161 
52.56837801500378 
52.57111518465601 
52.56828339956042 
52.56644633359642 
52.34571256666902 
52.34474834173361 
52.342543456075724 
52.56776288046317 
52.569726702855355 
52.562419798030135 
52.5684048063418 
52.56709717466201 
52.07942289280969 
52.564361951601484 
52.57112798146303 
52.3456477004381 
52.570992329042035 
52.569738922817336 
52.56846655099583 
52.56973707799138 
52.56976964923872 
52.564364873259215 
52.339532299545304 
52.569712138307665 
52.56705847373532 
52.560403395870374 
52.56244031058156 
52.56376555093553 
52.56634514288177 
52.08220701487994 
52.56971316045743 
52.342548807216055 
52.07572497445895 
52.56245891803641 
52.5650735749151 
52.3386892520658 
52.34334605316287 
52.55249580460776 
52.072904085541744 
52.56377300242145 
52.34717581778278 
52.569737465935205 
52.57106495342327 
52.34028882734809 
52.570968131924275 
52.56838431776274 
52.076527076330166 
52.57109885139484 
52.56773796566443 
52.56646230274539 
52.08209941635248 
52.345718526677615 
52.56905279731565 
52.56768410535653 
52.568435684771515 
52.571024401129506 
52.57103735210551 
52.34566750423574 
52.33018604386102 
52.5630738588025 
52.569615154959706 
52.346460975397825 
52.34640628292983 
52.571085079242295 
52.34486531479424 
52.34805907115891 
52.33874442075783 
52.34342678276253 
52.55839685443949 
52.57105124443292 
52.56712896114419 
52.34177806292442 
52.57109440071425 
52.56843462504383 
52.56971096318673 
52.56176046362566 
52.562482121054856 
52.34410924867266 
52.565051039622745 
52.56510347422153 
52.348015292698975 
52.571064420672826 
52.571101177544186 
52.57105497535495 
52.569612178412854 
52.56971535953351 
52.56705365780409 
52.565792845866326 
51.33559486291931 
52.57109571301246 
52.57101697921188 
52.56381496699407 
52.56778150372106 
52.563091811996436 
52.569626785243415 
51.75373079867518 
52.56704821066609 
52.56968366487781 
52.56838958337236 
52.57103288615487 
52.569738747901376 
52.56975331449968 
52.56902474832981 
52.57110790574153 
52.56979293886275 
52.5618154869938 
52.567040590869134 
52.34642732183295 
52.565050124494356 
52.34416960600499 
52.56771800316073 
52.5644256225094 
52.557154130466756 
52.559752618348895 
52.56841346851575 
52.569037258772845 
52.33332268299328 
52.3340883191256 
52.56974829535838 
51.7571531901576 
52.571018833048285 
52.56835331603378 
52.56844656951328 
52.565686545964546 
52.34022215730651 
52.56576975499805 
52.569679965894586 
52.56713937845444 
52.562394218480314 
52.57105114679005 
52.568438211675286 
52.55978465159188 
52.563095623027074 
52.56378705937381 
52.34489909766646 
52.348071598879365 
52.56842850302231 
52.571105311933884 
52.56837231837086 
52.34258347026718 
52.56447740058571 
52.34183305532158 
52.562416282085884 
52.567114549276894 
52.565044400204904 
52.34487705356711 
52.344822498959125 
52.33256314256855 
52.56969433876727 
52.08305273611984 
51.75259567656775 
52.34568198743031 
52.56976060512555 
52.34557654807003 
52.34799041781431 
52.56836199237743 
52.567773712280676 
52.568399659898446 
52.06641283678536 
52.56834681650553 
52.57105157817918 
52.56113722627315 
52.56972361747933 
52.56507994863384 
52.567792240376164 
52.57102390032572 
52.55507971811272 
52.56965832434307 
52.564452738588614 
52.342607229701976 
52.084038959935654 
52.565744589052535 
52.08125087303379 
52.566454579673476 
52.33868991499444 
52.564395350380344 
52.567715318929444 
52.5710031304548 
52.56507793554291 
52.33721182714458 
52.56977941703202 
52.569058871190734 
52.33872156910284 
52.57109935068049 
52.5710446605996 
52.569754208973166 
51.75606270951317 
52.568413159314254 
52.33951218637283 
52.5683355240776 
52.56439784136046 
52.077513320540945 
52.56708271724796 
52.5684608805912 
52.56576330047413 
52.56973247206641 
52.568448728415426 
52.56441539602782 
52.342638886211816 
52.569610515529064 
52.5697961335668 
52.56309973176256 
52.56972800926156 
52.56965985231968 
52.571020531988545 
52.569695542671695 
52.56976427525376 
52.57103728287021 
52.56708235517709 
52.34573009251164 
52.564449127858715 
52.07659976172645 
52.34646556904537 
52.559057402778585 
52.3464796247043 
52.57111128932925 
52.34727509486748 
52.56972658519943 
52.56779526394362 
52.56848184413899 
52.56970026585581 
52.56373478722602 
52.34410773886562 
52.344939492195614 
52.56239016333975 
52.34342538756941 
52.55840734434428 
52.337101477861424 
52.571074982353366 
52.56371898798271 
52.5664537302447 
52.56696072630901 
52.57105647987065 
52.568284059347825 
52.565768229083034 
52.56695352370724 
52.569772263923205 
52.56709560610048 
52.56970709315906 
52.55911419157419 
52.5637968201463 
52.57110149715863 
52.569092633601194 
52.33865052139614 
52.568340590527406 
52.57113281982579 
52.56705602131315 
52.571128835393736 
52.56976965011902 
52.57108872823265 
52.56241997503279 
52.569811499650804 
52.571116906613426 
52.57112059713456 
52.56969809484812 
52.5631277220262 
52.33637681607001 
52.565677378454396 
52.34648038371114 
52.56840610634564 
52.56571713137336 
50.758230223778455 
52.560431929844846 
52.561821441040905 
52.56971312187409 
52.5663272132211 
52.56967859650328 
52.56840444471604 
52.571133658192124 
52.33794115013552 
52.34490806109838 
52.33794438968353 
52.56568999453687 
52.56710135305676 
52.56372899871778 
52.56962645413462 
52.348025914892716 
52.56439541984221 
52.56707680009182 
52.57107779639313 
52.344023504867124 
52.5683822420176 
52.56371210818392 
52.075605322531636 
52.56639913299003 
52.57108031251496 
52.567023541956516 
52.57100684717954 
52.341768614815756 
52.56506026552294 
52.56311102256798 
52.340276717090575 
52.07571597851073 
52.57109204064146 
52.56968410420176 
52.33796352755231 
52.08315077152645 
52.56576798152254 
52.56972187125538 
52.341025886093405 
52.565700645380964 
52.57100684717954 
51.75609287524617 
52.56972145121454 
51.76304231607193 
52.08496053483381 
52.56971879137167 
52.56506026552294 
52.56972604563132 
52.571074046623735 
52.57110668259224 
52.56969008408203 
52.56844531987921 
52.34257915464549 
52.34492643162506 
52.57111631804985 
52.565637632873084 
52.34029332620492 
52.57093660099854 
52.570982512667776 
49.753855170940575 
52.08493465511114 
52.56184861440154 
52.34412093664413 
52.33718643980784 
52.56830678165123 
52.56577668567561 
52.564410787646445 
52.57106815341706 
52.3433811012582 
52.569755398019964 
52.56700357328418 
52.08492756904024 
52.57100684717954 
52.57105123924423 
51.76304231607193 
52.56513912516029 
52.5711062700163 
51.75842333148861 
52.56974928628523 
52.567110465622726 
52.075628242654304 
52.571107068174115 
52.56498910884089 
52.56838399135561 
52.08034781639548 
52.56836663174492 
52.34411478640235 
52.57109924815227 
52.571061391179 
52.56980943515196 
52.57107897129952 
52.56841657213919 
52.56838100291958 
52.57105659709726 
52.085045212512505 
51.340335377642496 
52.56972492688052 
52.56973739993465 
52.345653541846026 
52.5697937280117 
52.55847432439152 
52.34178396343189 
52.568491800792835 
52.56706166620527 
52.56637797253672 
52.56978324598232 
52.561149814347516 
52.5698052959888 
52.56705623258222 
52.567016916927415 
52.5684774642263 
52.34730228700594 
52.565801378634966 
52.3449578824475 
52.34716066492883 
52.56180628060295 
52.56177047909632 
52.56703743302904 
52.56436975107682 
52.56974449040314 
52.56772294023792 
52.5663861042914 
52.344886073771676 
52.084924852936346 
52.56975456115319 
52.34100208654734 
52.33871708663922 
52.5697479346243 
52.56842822303098 
52.338797673825894 
52.56844391276528 
52.336404827323555 
52.56972722096382 
52.56835715309001 
52.5643857797883 
52.567783929054855 
52.57107551518308 
52.57101222044372 
52.07935084617958 
52.07661163686822 
52.568380253225385 
52.57111677430249 
52.56178845207161 
52.569770112573025 
52.571114178128 
52.34340187986142 
52.565692484894925 
52.34253310367261 
52.571055358868456 
52.559780851176995 
52.56978859369584 
52.343266461662 
52.569082348811364 
52.568386680960394 
52.569651717225184 
52.33795411483663 
52.08308979454878 
52.33869960830807 
52.56974144000252 
52.56966281132341 
52.344919458416214 
52.33796352755231 
52.56440894105026 
52.56374715999095 
52.34027970379577 
52.568346047109294 
52.57109340828922 
52.564379527197126 
52.566952107389014 
52.57103909881419 
52.56104527591317 
52.57105749768773 
52.56840370584929 
52.569706675493606 
52.07936570075949 
52.346423384198815 
52.567701065799426 
52.567086055805014 
52.565756044134886 
52.34250105492566 
52.34251575813489 
52.56631914458316 
52.08299692122821 
52.563787227316624 
52.55648989091666 
52.569638409933106 
52.333294637488045 
52.55910707314469 
52.569050736039834 
52.56316011884789 
52.5684149858254 
52.57106800030992 
52.56576518982725 
52.568437230961834 
52.564417195124584 
52.561069097471055 
52.33867021547104 
52.569677487764025 
52.56176221306917 
52.344123744883674 
52.08496537658478 
52.56443770580639 
52.56372321014004 
52.568371902293045 
52.563123182451314 
52.57107014221961 
52.56843213299594 
51.75835983566967 
52.56576065265491 
52.56840722213927 
52.56041453410322 
52.569625936403874 
52.571115560895514 
52.56840983088774 
52.567767526509606 
52.57102791417158 
52.33402273344034 
52.56975396353633 
52.56972694162312 
52.56964336284324 
52.56837220663693 
52.56716983418425 
52.56974999372929 
52.56575508606456 
51.33565911044373 
52.33953260348085 
52.55844835078325 
52.569738352353355 
52.08302060926819 
52.563700865417154 
52.34497384876699 
52.56957628165689 
52.56379783854232 
52.57102715809153 
52.344894501822615 
52.57103820664494 
52.57099180324536 
52.56632754053943 
52.565726475823304 
52.565792417825776 
52.34725018864595 
52.56183442749095 
52.56640141837641 
52.56772584757688 
52.07947359426559 
52.56707738880329 
52.56843198848867 
52.56709039708105 
52.57108506571818 
52.56644728389447 
52.567779643694465 
52.341768614815756 
52.5696999348373 
52.55982667921587 
52.34647800932673 
52.55855089566471 
52.56771923809308 
52.565756044134886 
52.566418508944494 
52.3418481430169 
52.5684149858254 
52.569760943633895 
52.07941779143894 
52.567787565694736 
52.57101029421637 
52.07844078952007 
52.56445321750315 
52.56975184887668 
52.33795973947458 
52.341705366864126 
52.56712107578249 
52.56970409643073 
52.56842731121283 
52.5710401020462 
52.08033982041082 
52.56246435699694 
52.568382327127075 
52.33719155292233 
52.56977070312605 
52.56843261559995 
52.56846631708084 
52.56706035615483 
52.34407135945923 
52.57108692346051 
52.56572712639717 
52.569708854878904 
52.567055112762404 
52.344008430894846 
52.34488248113077 
52.561153176275866 
52.561765255556224 
52.56842258931477 
52.344926075771546 
52.344183329502584 
52.34253284230665 
52.56977594691605 
52.08035003486711 
52.34172380930165 
52.34638189637783 
52.571084656241396 
52.5643377570955 
52.33716793697712 
52.33870978942278 
52.56710202808154 
52.567656258460346 
52.346355112123945 
52.568346816385244 
52.33875202536766 
52.5710916601368 
52.56972645321172 
52.571123758721484 
52.56774833876765 
52.56711497287791 
52.56847233969426 
52.56379309631043 
52.56308706494199 
52.56570344171325 
52.56965184774015 
52.345623463041456 
52.563043634774374 
52.56634840815645 
52.562473050204 
52.56511155827095 
52.34807468812021 
52.5711076622628 
52.565759357504746 
52.56701522723799 
52.56844273461046 
52.07104342563078 
52.57106950618014 
52.57113268054256 
52.571038349967694 
52.341016364166315 
52.339448177138266 
52.56112025443687 
52.56837601847278 
52.569089495135145 
52.344935316869076 
52.33715418888358 
52.56442738853299 
52.56636935091085 
52.078464271089274 
52.57107270367529 
52.567711155692926 
52.56495368065414 
52.569721633414545 
52.345677681605885 
52.56702615396442 
52.558419913102775 
52.56975210547301 
52.568435352229365 
52.34804544721303 
52.56956606992956 
52.569698581550895 
52.55578240092194 
52.56444509446248 
52.34338389046976 
52.56979293886275 
52.34103793623572 
52.3449821764711 
52.5656550644119 
52.55713811139583 
52.33561747192378 
51.34647085044651 
52.56841179165407 
52.57112447910928 
52.56844457021293 
52.33491696258686 
52.56974910371102 
52.57107116005753 
52.56843411338386 
52.571060424357164 
52.33942267502779 
52.34250286478906 
51.75947110511544 
52.56840620998423 
52.567105957992766 
52.08219731511154 
52.084857000555516 
52.56504707887635 
52.568320611866596 
52.56302247893306 
52.57111834567285 
52.565766844900956 
52.5698018514027 
52.56506470846761 
52.084082601757295 
52.56248030836476 
52.56041453410322 
52.56180796837221 
52.56044186656818 
52.56441786138606 
52.56838465477255 
52.5657387427737 
52.56968698360588 
52.570988412635046 
52.56973200619357 
52.57105731578173 
52.56575349168285 
52.56911084127275 
52.55917707129212 
52.56111606172969 
52.56967562967379 
52.56368737847361 
52.566391649399144 
52.56510907825581 
52.33788694124761 
52.571036985643865 
52.56102433667283 
52.337974925724026 
52.56843310204724 
52.34556642554668 
52.567016837095416 
52.5657449729394 
52.56844910299332 
52.07386249221654 
52.56841323319527 
52.56841041608878 
52.34572373434358 
52.07933774761799 
52.34105931544366 
52.56580587471391 
52.56708155524196 
52.34799594532754 
52.33878807467792 
52.57108994643635 
52.56973424394746 
52.08218479057351 
52.57107647518682 
52.56708961335824 
51.33722301151749 
52.56576357503799 
52.34338299301647 
52.57111544575759 
52.34327591850126 
52.57097971245216 
52.56171719311018 
52.56703046455432 
52.571073989378114 
52.344814795049636 
52.57101827365891 
52.33475281921193 
52.08036988417289 
52.56977194357822 
52.565711069199985 
52.343368199235904 
52.567741011923665 
52.08397035734466 
52.55771802492465 
52.3464290894536 
52.344853613560964 
52.56969220679153 
52.56708923323137 
52.56440409566876 
52.56443595430975 
52.568368409880925 
52.33483179941814 
52.57110027094029 
52.56836370421647 
52.56700181615144 
52.56711639206122 
52.080338958737585 
52.569756271903316 
52.565048721229026 
52.569759720106966 
52.56914352171878 
52.56510907825581 
51.75727615933588 
52.55983771896102 
52.57109504642163 
52.566398128996624 
52.56846809893136 
52.569677487764025 
52.568355874788274 
52.33785146489438 
52.567763479872504 
52.34412677848203 
52.345692166338566 
52.571111852152406 
52.568417702298724 
52.569720772947115 
52.568392610262755 
52.56968567141541 
52.56703190705387 
52.56506955440762 
52.3440859458096 
52.568341224271336 
52.56835276996217 
52.56437858814348 
52.341041075331546 
52.56441603705002 
52.56778657379612 
52.569118616649085 
52.5677441744564 
52.565799562761384 
52.567784474625064 
52.56443673166933 
52.56444692011367 
52.569020397832624 
52.563831144644645 
52.563696128011784 
52.56967999971567 
52.329388247191524 
52.57101840567282 
52.56638789828137 
52.57103544812535 
52.56971280325672 
52.348016978100425 
52.57106162648794 
52.566409871155635 
52.564432500179855 
52.34420195984706 
52.346460831816685 
52.56906030444996 
52.56842822303098 
52.5677163446172 
52.569746929361 
52.34341054096529 
52.56839912639718 
52.57112679846461 
52.56967464455988 
52.34803400561922 
52.56839543782516 
52.08403263062538 
52.07756269141418 
51.76300476329414 
52.571052336749695 
52.56967464455988 
52.34803400561922 
52.56839543782516 
52.335570726904265 
52.34330663342207 
52.571019583054444 
52.56839912639718 
52.34404850120942 
52.56510349074363 
52.07483543697633 
52.569701915369045 
52.082150078470214 
52.56574772085844 
52.57108942865572 
52.571082025197505 
52.345668851904016 
52.569717366816 
52.07937714469269 
52.344055734918975 
52.344926544720515 
52.561749219057155 
52.339522205687494 
52.57111800618884 
52.56568201814574 
52.5677314180642 
52.565719992137296 
52.569685735534584 
52.56510584451205 
52.56975122196451 
52.56968005291627 
52.5710952798964 
52.566419900934925 
52.56710993753498 
52.56708303905098 
52.343329430470945 
52.571043744248506 
52.56577644619022 
52.34338798583018 
52.56977110524681 
52.571061871617374 
52.571021951360585 
52.56968621707073 
52.57103317959801 
52.57106063289987 
52.56834699390015 
52.570997170156446 
52.56841585238365 
52.57108339120043 
52.571010208643045 
52.56773144334479 
52.5696644263551 
52.55841967592887 
52.08222179821389 
52.571100043897104 
52.57033613122562 
52.33944014092972 
52.569772505207965 
52.56973323945807 
52.55582345444007 
52.560447835683306 
52.08212842089782 
52.078398109473476 
52.343376960955425 
52.56830666989454 
52.33945898853956 
52.56634476046868 
52.56301589580988 
52.565078540079796 
52.57107981700466 
52.567064545510206 
52.34568809099276 
52.56977568250512 
52.56973927904652 
52.56976668183251 
52.569714318126806 
52.567051953970974 
52.079334626165 
52.571023249299536 
52.57108249184455 
52.56641386405553 
52.56978930388328 
52.55905446986193 
52.568417982693724 
52.56839665443524 
52.56846631708084 
52.56979907799721 
52.571108310833736 
52.569751367777286 
52.561752051315196 
52.56833935374138 
52.346437419631606 
52.5671240649041 
52.56572492423938 
52.34712300157594 
52.5658095625155 
52.56973444290036 
52.34256661141686 
52.571005309948106 
52.56241445634132 
52.341104233341845 
52.34491113316288 
52.56375391464741 
52.34173212597546 
52.5670542231734 
52.56894986328002 
52.07754123394592 
52.080399964786245 
52.34800945541154 
52.340297605145 
52.57112612396589 
52.56507833254744 
52.569648884956884 
52.33944931705257 
52.08402596103872 
52.56440182012636 
52.34724225709319 
52.56305340817696 
52.5711229671872 
52.565051973097795 
52.57110795270223 
52.56507490642771 
52.56643326534843 
52.56834464649304 
52.5709719543098 
52.571048257814084 
52.561109466483096 
52.34402290155779 
52.57099754088907 
52.344873734239854 
52.571093019954006 
52.33953127930742 
52.569039651973775 
52.57103455269294 
52.3433503479802 
52.5697142246813 
52.33872459088941 
52.34019474802492 
52.56977089314549 
52.55851099250156 
52.571125297787546 
52.33863809355049 
52.34108019650898 
52.5670846295987 
52.564382753990095 
52.568376357004816 
52.56435138982783 
52.5696485802394 
52.57101342436464 
52.57104991416616 
52.57105761880156 
52.348045506314456 
52.080393017123434 
52.5711108607378 
52.57110675836906 
52.34483802807712 
52.56833269736089 
52.567076649684566 
52.57103455269294 
52.56183818913156 
52.56646874224353 
52.56513459174274 
52.56305440994681 
52.0821243407641 
52.56647363729513 
52.34332608350556 
52.567118285240454 
52.57111110173201 
52.56767110901087 
52.34105888362277 
52.56844552261108 
52.57100125561807 
52.56971620916002 
52.56972996357564 
52.569775368830854 
52.55848512730156 
52.34644548408462 
52.569746557024565 
52.57105299948944 
52.5697223139705 
52.5670029680921 
52.56846068755964 
52.07850170477066 
51.34491033619322 
52.56771374151176 
52.56971780158256 
52.56775257005874 
52.56909084593624 
52.56771262719722 
52.56841368993606 
52.56970441383814 
52.5597743307751 
52.34640801551624 
52.56711449083464 
52.34100571247289 
52.338696915811596 
52.3208620954045 
52.347958282660905 
52.56715295131277 
52.57110078250909 
52.08317808230721 
52.56843731675034 
52.343386355268194 
52.56439901694428 
52.56846631708084 
52.56842162030854 
52.57104591729814 
52.568373174900856 
52.57103290668714 
52.56569491175562 
52.34571778693803 
52.568409773349956 
52.57107143148052 
52.561781719183486 
52.56441671753595 
52.339522586930165 
52.569086711903076 
52.5670123940004 
52.571011419735385 
52.56835374178977 
52.57110677911494 
52.56969126767054 
52.56576934611539 
52.56770638501987 
52.341047236120055 
52.56834296886339 
52.55907945668145 
52.568386390561436 
52.571130966495666 
52.57111968520159 
52.56581818429074 
52.565724359624944 
52.337949717326225 
52.571123439708046 
52.56640816630824 
52.56569888230785 
52.56780241853129 
52.34250967554792 
52.57111185983205 
52.56443673166933 
52.56842961801463 
52.56441003497097 
52.57102523898734 
52.57105114679005 
52.57110256608178 
52.571118853679025 
52.565811243528884 
52.57109775539199 
52.345588318513244 
52.564421214961655 
52.562399456071475 
52.565787311296496 
52.33636589480997 
52.57104888464211 
52.569738348050414 
52.56510209319397 
52.56972053292926 
52.56242231526459 
52.56311143930783 
52.56442997145359 
52.568418695991696 
52.55982280004242 
52.56963162625174 
52.55582146414554 
52.565075179399074 
52.567054636831514 
52.568413744169476 
52.07197423595546 
52.561117583232445 
52.57103383612073 
52.56641899526336 
51.75960063223183 
52.57102610120992 
51.76302221419985 
52.341024759818964 
52.57102895803111 
52.563766702243385 
52.5676924491162 
52.5709931315521 
52.34257868250362 
52.34024128261405 
52.56972155890293 
52.569748294795026 
52.55981918038569 
52.571027541506595 
52.56973883047573 
52.347256943393404 
52.5630982301316 
52.56177302522894 
52.560457183092424 
52.56502629931576 
52.08212335832148 
52.5643977451898 
52.34643310675922 
52.33946454203113 
52.57101944324726 
52.570989006609004 
52.56774970885324 
52.334106950391224 
52.340277661005494 
52.56840515455601 
52.56978487512939 
52.56910384778524 
52.563112478839734 
52.57101258598923 
52.565810199987304 
52.56507317921556 
52.56576262311835 
52.56578259329047 
52.568336051134665 
52.56311745087518 
52.33871093609188 
52.561834148711306 
52.565767363403914 
52.56889323976465 
51.33564463067402 
52.569782706675845 
52.56712574181178 
52.5571031885794 
52.567122308135545 
52.56774359065871 
52.567743268425204 
52.57110374956567 
52.565705343642925 
52.073798169077236 
52.084997150687215 
52.571049141567855 
52.570966901300984 
52.56577415893581 
52.56708550876244 
52.56432502974288 
52.341025835251365 
52.56976813266007 
52.569681980836165 
52.565758803162105 
52.34797963269069 
52.5710576938154 
52.56507624168597 
52.56772081931932 
52.56836131925734 
52.56646371601979 
52.33857280741942 
52.56709795351707 
52.569706112996975 
52.34804098069793 
52.56710819979588 
52.561148494293384 
52.56971699801429 
52.3433383793892 
52.345713043420616 
52.34494080752732 
52.5611300393727 
52.34801959581876 
52.345602936032556 
52.56638619346207 
51.75027721161072 
52.075631155295994 
52.56569070118535 
52.567010847948076 
52.34573463589118 
52.34182057460145 
52.56972698743241 
52.5631388366964 
52.568330734733244 
52.56709918710621 
52.571100621009286 
52.568377016954095 
52.34567973555307 
52.5698052327482 
52.5630242575581 
52.5584887815135 
52.33631469176835 
52.56975040060869 
52.564365899204745 
52.571008395144766 
52.083114726163046 
52.57112998756939 
52.568334269318676 
52.56973695799405 
52.56713866136921 
52.33944576872398 
52.566979639640756 
52.571096956505535 
52.57113321520637 
52.563766702243385 
52.566923590763544 
52.562429800405404 
52.56509676667881 
52.56440454434353 
52.571133431578176 
52.0802161453 
52.56904526274607 
52.566384932022956 
52.56702447422678 
51.75373898813974 
52.568402329938166 
52.57097120330344 
52.33019045487851 
52.34801462758038 
52.57105210439502 
52.56242215987163 
52.344174222574516 
52.340991493744056 
52.56305951305941 
52.5710536602554 
52.083079938966826 
52.56974502046592 
52.56976413781692 
52.571088018302085 
52.56973421395057 
52.56907235995469 
52.34335495816583 
52.57107153568014 
52.340194059911184 
52.343353982713715 
52.34804316686939 
52.56108882700657 
52.566387490547974 
52.5670742111227 
52.08122376871917 
52.5695876126695 
52.33866829034267 
52.33875798046741 
52.56377317410081 
52.569737858652445 
52.569638447533734 
52.56110097096474 
52.552435555000955 
52.56582477917116 
52.557813103033446 
52.57112163478132 
52.57112085499798 
52.57100238210016 
52.571032552022324 
52.339550211742306 
52.07667635824721 
52.08035458176976 
52.57103837236486 
52.34639742657412 
52.341806619605826 
52.344919994849214 
52.56707481852702 
52.34335729119925 
52.56178254600611 
52.34723603131112 
52.56312481453691 
52.34717386142253 
52.56976292070656 
52.561083157961406 
52.08122376871917 
52.56314187029928 
52.569709528327635 
51.75838054707427 
52.34261014200761 
52.346408459597015 
52.56957736282578 
52.56105273373705 
52.56972159192333 
52.56245210316637 
52.083974472394935 
52.562413384570334 
52.34338346294219 
52.565759365573015 
52.34486238883632 
52.56509253652587 
52.34255868346352 
52.56964523082864 
52.07755458847152 
52.56693030839984 
52.5710955197772 
52.08027114087307 
52.56105151421163 
52.568384027095036 
52.34559456251305 
52.34180976513403 
52.56635894542625 
52.571053562068684 
52.57097842355216 
52.571101039568816 
52.56239665776756 
52.08035814344391 
52.3464133784475 
52.57104040326638 
52.07284953632669 
52.082942832575405 
52.564443152761534 
52.57109859498628 
52.56510584451205 
52.344031214805774 
52.079287695057864 
52.08124391249817 
52.34800839666272 
52.56835946385423 
52.5670580526275 
52.07654144491843 
52.56776709859091 
52.56177354697009 
52.56971863163819 
52.56513626984499 
52.338717796548686 
52.083064500069426 
52.34489764801474 
52.07658045056819 
52.34495339620599 
52.56647944230801 
52.57098885024917 
52.568422070799144 
52.56977622867621 
52.57102651186055 
52.56580728475613 
52.5644790567932 
52.5709851813318 
52.34417639301233 
52.571080402612026 
52.567796045861144 
52.569804619889254 
52.56975554417803 
52.56848016144547 
52.56769396624056 
52.56973064900089 
52.563048103642586 
52.56704327373645 
52.346508752358105 
52.561082071350135 
52.56242536764207 
52.56974381579713 
51.75956623319408 
51.33872617613304 
52.5710465350585 
52.561059579789294 
52.565123469007126 
52.345734442978845 
52.56974765262365 
52.57104589817583 
52.568377016954095 
52.564365899204745 
52.571008395144766 
52.083114726163046 
52.57107242823903 
52.56897184472401 
52.57103174526201 
52.57105334222323 
52.082235157508784 
52.567765738616046 
52.57103893798819 
52.560533750768116 
52.57102647569886 
52.57107673539576 
52.5710705440932 
52.56711146798005 
52.571064442174205 
52.569626785243415 
52.56977526331078 
52.56913079103634 
52.3402524915624 
52.57101312710875 
52.56975387213723 
52.56970656304408 
52.56971496429204 
52.56975812085332 
52.08488778675213 
52.56976186961806 
52.56707173121118 
52.566426260495724 
52.565062715441705 
52.33863906538871 
52.56977095540914 
52.563105774592685 
52.34487470759085 
52.56969607230561 
52.567777974527075 
