38.92929333174174 
41.802109100634894 
41.78591443354499 
41.77733731324559 
41.838853077521144 
41.78375301837285 
41.80959989782539 
41.60179220105851 
41.59969273728339 
41.32812721439598 
41.81787830987323 
41.556361095318785 
41.83519043183459 
41.80587947898834 
41.83125194298351 
41.58386493187112 
41.33806518200475 
41.59757339195484 
41.81980146054465 
41.83529968950531 
41.81445435653486 
41.82982768350795 
41.58184635176668 
41.81759647049185 
41.81720082553972 
41.820856519494406 
41.60728876908414 
41.7791329339269 
41.58721543655708 
41.82704716658817 
41.83433887956455 
41.55399502400174 
41.59425043020185 
41.57452024232516 
41.324800786615 
41.5703544810918 
41.828557777498354 
41.596794044127954 
41.6108516253919 
41.83406736661515 
41.60410242288507 
41.58069303304349 
41.8199662562991 
41.83392043821623 
41.83444725842962 
41.58655024639193 
41.834500497633236 
41.823735373652646 
41.83342197167028 
41.556174606060345 
41.815428619527026 
41.82448463706956 
41.5996232367115 
41.570618208195135 
41.82656961500932 
41.79549034557735 
41.57588237282934 
41.59287904280671 
40.94658787081541 
41.562637911563655 
41.818046993504225 
41.82400425001963 
41.54752433535945 
41.61231681968747 
41.53978203319482 
41.32094324304615 
41.817280426975664 
41.82936992270941 
41.83360454536074 
41.81366124538699 
41.82501140620833 
41.59022933058754 
41.013016857178016 
41.832446753395416 
41.60076079693351 
41.58599513746106 
41.31017884948486 
41.580331707323545 
41.34484670714556 
41.82692194129253 
41.58165749928536 
40.97964561016913 
41.58749538761068 
41.83905552029093 
41.59524240882792 
41.81873104664388 
41.785038367790015 
41.83925430438901 
41.81508941458064 
41.575277340731745 
41.58606430671603 
41.30890627112772 
41.59473567561254 
41.336070377166024 
41.57444411722745 
41.8333722517363 
41.578201835525284 
41.29844975393433 
41.25110128317228 
41.615060684644874 
41.8179230523259 
