41.590058350382456 
41.0156181275533 
41.80753936375393 
41.82288505020693 
41.78723410313622 
41.576867231904394 
41.829581946063506 
41.83398454646167 
41.59015456128876 
41.79182524261063 
41.59801622932872 
41.30731461766626 
41.54248555616122 
41.817298956360844 
41.82952586239766 
41.58326034392499 
41.31520685640124 
41.314990614570384 
41.80732850183645 
41.78986653910586 
41.603793195772546 
41.83856906056122 
41.81965257244267 
40.959961378083996 
41.57210122345995 
41.56744901407949 
41.78502730185321 
41.81620501959286 
41.820269671121714 
41.608143027827786 
41.31163817023093 
41.8258501936944 
41.31132011232208 
41.822051570775294 
41.82102576612269 
41.82450684047427 
41.8346693910862 
41.83825995247486 
41.812902211188145 
41.60756540673115 
41.8101228901927 
41.822810803866425 
41.804856082115805 
41.8296188594151 
41.29926195799439 
41.60181675131818 
41.61257421576531 
41.79834175406418 
41.82836102752247 
41.82455439948218 
41.57592480380619 
41.3110515668433 
41.813218696656634 
41.802461598328506 
41.80354817808293 
41.827407278720074 
41.59209912762066 
41.833797727105 
41.82958311944493 
41.82952882618428 
41.82741585951534 
41.57911930097392 
41.58867418232773 
41.578940509116016 
41.806071887671365 
41.318728990993264 
41.80537262286194 
41.817098345704814 
41.78158598226017 
41.80565076010272 
41.79594439492894 
41.812784332983746 
41.83231600282778 
41.809491609776366 
41.81337556082711 
41.83449993047568 
41.574737107069154 
41.332193802505934 
41.598389735539136 
41.787325396868084 
40.987089471605906 
41.82511004720976 
41.589287848685196 
41.79193412152205 
41.834450439182646 
41.602407102502774 
41.53043436572412 
41.80640048822419 
41.82491093981007 
41.82935497970808 
41.79506350391633 
41.59191119254878 
41.80481248267932 
41.57090254967837 
41.808952006501855 
41.61482921140736 
41.839453427441086 
41.824861738567684 
41.82394895421105 
41.57005805352341 
41.83799488388144 
