47.74436346187189 
47.191899873650264 
46.25520872335523 
47.76551038423864 
46.74276128603352 
47.749706013744174 
46.69705590146129 
47.50112692153921 
46.7956134175226 
47.4691004776201 
46.85132908702841 
47.821478241174844 
48.01591248942015 
47.78198525633236 
47.12321444768782 
47.177907257252514 
47.809607976516276 
47.48333117882807 
47.82586372194304 
47.77679761351788 
47.83792577123099 
47.110916984111284 
47.50140225048175 
47.786895413549296 
47.486378661103586 
47.832000378689145 
47.14100055879104 
47.543988926114395 
47.79344616980917 
47.96980173179852 
47.208286823311504 
47.02800704524778 
46.708696480175924 
46.82128941049535 
47.18625952871663 
47.51558865469935 
46.728735947134815 
48.13207877235603 
47.51892935408372 
47.23544621136577 
47.49835333022524 
47.48649158265355 
47.74246029253217 
47.733479699944056 
47.17757074326231 
48.2316555287486 
47.51249256421817 
47.997812586104445 
47.24247294592887 
47.853259388660064 
47.799239493074296 
47.52035705647708 
46.7182629000366 
47.156490563035696 
47.11221361894362 
47.17763066265144 
47.80523604642345 
45.25713641731355 
46.80800727257252 
47.51028521302562 
47.48903298359159 
47.16558292313292 
47.834576924748454 
46.7661584723671 
46.81741482671011 
47.995624167317025 
47.52411467900324 
48.207685167043394 
47.81087235253938 
48.01295676784961 
47.725529098557864 
46.7693593227185 
47.79869205834252 
47.22757443651991 
46.76827201144182 
46.064590643351934 
46.77822815417432 
47.24396249716921 
47.79464333485378 
46.7932193419466 
47.18567363639656 
47.20903460602203 
48.033517532894805 
47.56734424768551 
47.72945248386487 
47.8040051607666 
48.00638343274361 
47.78498300285667 
47.79114462453623 
47.72836323049876 
46.69609846064355 
46.73007311176681 
47.46667944845025 
47.15116880630743 
47.73942712716486 
47.158293909048275 
46.69753574146959 
46.80631110261486 
47.840161116298574 
47.51004775912179 
