51.57714105243244 
51.578551846345015 
51.57710786244654 
51.57855835415663 
51.57849750947053 
51.57853779335191 
51.57856283833918 
51.578627994442854 
51.57858047890411 
51.578619763837246 
51.578624555746025 
51.57848285646573 
51.57855249125653 
51.57862309799068 
51.5786260871574 
51.57862328281534 
51.57857305347449 
51.57847538960882 
51.5784867980093 
51.57861422085348 
51.578624378218095 
51.577068824199834 
51.57862603552215 
51.578567306353804 
51.57862905254058 
51.574873996854194 
51.578606014527196 
51.57845120102717 
51.578611942816885 
51.57855747498089 
51.57861882889775 
51.57859886371962 
51.574171583055346 
51.57711504582462 
51.57858084044544 
51.578608229154504 
51.578576829749544 
51.57707957397189 
51.578626825302614 
51.57704753412752 
51.578580470542384 
51.578621815832776 
51.57487276497049 
51.57847452661381 
51.57848384643746 
51.578580127983976 
51.5786277423022 
51.57856348202939 
51.57856490181965 
51.57862362945793 
51.57856348202939 
51.5786020620458 
51.57858315615544 
51.57561746222609 
51.578549242733246 
51.57857670426927 
51.578582648149904 
51.57637817725719 
51.57856432163684 
51.57861787955483 
51.57862841188895 
51.57862869948861 
51.57860056407842 
51.5784579830917 
51.57860339498775 
51.57857363198778 
51.57852646125714 
51.578627353052276 
51.578617291413295 
51.57850747488307 
51.57857407306573 
51.5786091819751 
51.578567306353804 
51.578623629357104 
51.574814125800195 
51.57860697920729 
51.57855757710684 
51.57858870928223 
51.57855032093026 
51.57857748937515 
51.5785943399522 
51.578620984744155 
51.57710410577825 
51.5786098759515 
51.57855215321406 
51.578621245411234 
51.578600188636614 
51.578543702868096 
51.57856490181965 
51.575539578044335 
51.57862576765125 
51.578585555792706 
51.57852290581252 
51.57697793100712 
51.57855223024431 
51.574884950867556 
51.57413991608872 
51.57862740508268 
51.57850564074046 
51.578625697901415 
