41.647646462221545 
41.415087075043346 
41.159174686485905 
41.399857872595376 
41.40114708990799 
41.60077789623516 
41.62874623236544 
41.62281286834107 
41.62957246657423 
41.09367188950426 
41.6459363592311 
41.60576862799437 
41.635708938234 
41.64219356713834 
41.12831289347787 
41.378404679287435 
41.640246522384864 
41.62417668169915 
41.64611373520409 
41.62703291443341 
41.64768511005646 
41.405272913730364 
41.40518026267322 
41.636683963361214 
39.82127462940036 
41.64696321965282 
41.64192577060571 
41.62951828606848 
41.401896273167246 
41.37598135119426 
41.6292701929872 
41.396139685427 
41.40450986822275 
41.404628893298046 
41.36952032040289 
41.116066731713964 
41.39886329312173 
41.645997875966394 
41.41615769546516 
41.127193991624715 
41.64297340757079 
41.130876550768534 
41.4019972206983 
41.415967678076726 
41.618290994550804 
41.393812541856896 
41.41589098299921 
41.624873072724604 
41.390765939115255 
41.62699839088423 
41.64246039417776 
41.64273854601433 
41.634144597963115 
41.1590286660919 
41.14877627352814 
41.615401890493054 
41.645271194000834 
41.622285841330054 
41.637123845291434 
41.639210361692584 
41.64760465818343 
41.08344089022176 
41.38920006699457 
41.64552186427878 
41.413463939037435 
41.40671051763173 
41.63450292756709 
41.640357988285515 
41.64223404417241 
41.63738201186371 
41.64648696776983 
41.63580415816747 
41.64684144655291 
41.60884671208972 
41.41051314482563 
41.4135122825724 
41.60573540069816 
41.14198840040622 
41.64614593414348 
40.82347994978169 
41.09856587782017 
41.610390241127725 
40.811588188911735 
40.82725287482048 
41.64539643255005 
41.15234117317403 
41.41017256769199 
41.42169669708886 
41.62896518613016 
41.63032621855535 
41.388225265002 
41.600193065106005 
41.64104152084475 
41.63685324323782 
41.622200190025836 
41.39085304241366 
41.63417422210091 
41.61188935739359 
41.41653979096146 
41.34856366535516 
