51.57858266186526 
51.578624551594665 
51.578462363015625 
51.5785857421473 
51.578627995683235 
51.57861965555932 
51.57849083362219 
51.57857148023966 
51.578575073948585 
51.57862411485294 
51.57845455531431 
51.578545076961994 
51.578627995683235 
51.573443006418415 
51.578623352199195 
51.57862643019983 
51.57862513751163 
51.57851768066921 
51.575627096535094 
51.5756207178775 
51.57861537855303 
51.574145638910856 
51.5786278081306 
51.57857745544099 
51.57711864897665 
51.57706590507432 
51.576996067840305 
51.578626478882214 
51.57858043186165 
51.575529506353504 
51.5785905108899 
51.57857081679486 
51.578601378860114 
51.57862395127796 
51.57858118167939 
51.57853876233258 
51.57853436705234 
51.57862444332849 
51.578594215518855 
51.5771040588544 
51.5786213853553 
51.57492902916799 
51.57710906950053 
51.57858235860507 
51.578572379556235 
51.57702852901788 
51.57252016488466 
51.57861557062098 
51.57851887043589 
51.5784504482728 
51.57860813564603 
51.578628298915994 
51.57852287588182 
51.57856375780936 
51.57855163002718 
51.575470483219 
51.5763139941126 
51.57858913738216 
51.57862836411931 
51.577118142557715 
51.57858817501247 
51.57706072234872 
51.57862812325865 
51.577019907053106 
51.57862533575424 
51.57862514384845 
51.57860412368272 
51.5785584960537 
51.35364466980758 
51.57860388365124 
51.57862444332849 
51.578541877472986 
51.572615170734956 
51.578577474878145 
51.57862686487221 
51.5786262785976 
51.57862514933781 
51.57695281219309 
51.57848017516147 
51.57858479635329 
51.57855470414303 
51.5771182939819 
51.5786263146673 
51.5740397218337 
51.578577474878145 
51.571813629729604 
51.57854460405216 
51.57712271774282 
51.578489165275094 
51.57862664752812 
51.57855923909083 
51.5786272338547 
51.578541877472986 
51.57552175074902 
51.57704380077499 
51.578624213877184 
51.578577474878145 
51.57862766671067 
51.3554955995842 
51.578610125651004 
