43.22707744364861 
43.22707743790207 
43.22707652134956 
43.227077447359505 
43.22707744649981 
43.227077405228776 
43.22707735869941 
43.227077194143824 
43.227077212534056 
43.2270774261332 
43.227077313734014 
43.227077447359505 
43.22707744649981 
43.227043580688694 
43.22707742175978 
43.227077447359505 
43.227077433299115 
43.22707691253377 
43.227077447359505 
43.2270649434641 
43.227077440369314 
43.227077416715005 
43.22707744037142 
43.22707721549161 
43.227077447359505 
43.22707080428667 
43.22706426447556 
43.22707744037142 
43.22707716376388 
43.22707079326001 
43.227077445250565 
43.227077363782584 
43.22707734680555 
43.22707742175978 
43.227077436462665 
43.227076919319096 
43.22707703506417 
43.227077433299115 
43.227077436462665 
43.22707105454057 
43.22707741456893 
43.2270774349815 
43.22707731513783 
43.22707744649981 
43.227077103205495 
43.22707081531191 
43.227030270872795 
43.22707738141023 
43.22707682926342 
43.22707663062211 
43.22707741847558 
43.22707744364861 
43.22707692355954 
43.22707732792753 
43.22707743990129 
43.227057847738564 
43.22706479052262 
43.227077278016985 
43.22707744392508 
43.2270712660925 
43.22707727143317 
43.22707087427323 
43.227077442984545 
43.22707060979404 
43.22707744154444 
43.227077447359505 
43.22707733863898 
43.22707711364832 
43.22534363840133 
43.22707733699667 
43.227077433299115 
43.22707703617413 
43.22705846049216 
43.227077447359505 
43.227077437042375 
43.227077433299115 
43.22707744154444 
43.227070860349535 
43.22707668112654 
43.22707732597665 
43.22707708988372 
43.22707744649981 
43.22707744294768 
43.22705794489682 
43.227077447359505 
43.22704610035146 
43.22707704906221 
43.227077340284936 
43.22707664149065 
43.22707744154444 
43.227076976710435 
43.227077442478254 
43.22707703617413 
43.22706489505686 
43.22707082407309 
43.22707742175978 
43.227077447359505 
43.22707744154444 
43.22535377903506 
43.22707737387004 
