43.22707125083296 
43.22707744735936 
43.22707121983758 
43.227077066431185 
43.22707744735936 
43.227077270902356 
43.22707706858609 
43.22707744174244 
43.22707719251076 
43.227077398229206 
43.22707744735936 
43.227076653099914 
43.22707744735936 
43.22707743443136 
43.22707744174244 
43.22707742668041 
43.22707744735936 
43.22707744735936 
43.22707667776891 
43.227077378365095 
43.22707744076322 
43.22706152367796 
43.227077436619325 
43.22707742683903 
43.22707744735936 
43.22707744556487 
43.22707735020956 
43.227076502854494 
43.22707736151572 
43.22707734399569 
43.227077419339054 
43.22707742370715 
43.22705273243279 
43.22707744735936 
43.22707714031541 
43.22707737679663 
43.22707744735936 
43.22706490557279 
43.22707744735936 
43.22707078828402 
43.22707716861682 
43.22707742668041 
43.22707743400494 
43.22707744735936 
43.22707694734979 
43.22707737679705 
43.22707744174244 
43.22707744045115 
43.227077117090445 
43.227077424957386 
43.22707744045115 
43.2270773370324 
43.22707725092461 
43.227064660250676 
43.22707744735936 
43.22707744735936 
43.2270772572241 
43.227077395411776 
43.2270772188868 
43.22707739217367 
43.227077443880525 
43.227077445600884 
43.22707732899349 
43.22707714261997 
43.22707744735936 
43.22707744735936 
43.227077369263164 
43.22707743767997 
43.227077442086035 
43.2270767737222 
43.227077170853555 
43.22707737442018 
43.22707742683903 
43.227077424957386 
43.22705222109245 
43.22707733445262 
43.22707696924352 
43.227077272462694 
43.22707744735936 
43.22707718765627 
43.227077302595035 
43.2270774436168 
43.22707126417707 
43.22707744735936 
43.22707721189885 
43.22707741137931 
43.227077418287244 
43.22707743443136 
43.227077117090445 
43.227064482923716 
43.22707744735936 
43.227077391196 
43.22707737679663 
43.22707034800165 
43.22707744224648 
43.22705266592285 
43.22707744197393 
43.22707744735936 
43.2270772012705 
43.22707742878038 
