34.9499947350234 
34.95005743342377 
34.94999243465202 
34.9500450089153 
34.95005743342377 
34.9500511327056 
34.95004449013301 
34.950056886609765 
34.95004784563183 
34.95005482123318 
34.95005743342377 
34.95003086849939 
34.95005743342377 
34.95005617127416 
34.950056886609765 
34.95005541081947 
34.95005743342377 
34.95005743342377 
34.95003182078997 
34.95005360763397 
34.950056790417435 
34.94988615327712 
34.95005638504466 
34.950055426815325 
34.95005743342377 
34.950057258686726 
34.95005304334477 
34.950026397011186 
34.95005415110226 
34.950053897080956 
34.950056155582594 
34.95005658068941 
34.94980776411119 
34.95005743342377 
34.95004639139204 
34.95005491438296 
34.95005743342377 
34.94992698520196 
34.95005743342377 
34.949979441397 
34.95004842891823 
34.95005541081947 
34.950056130328285 
34.95005743342377 
34.9500406650913 
34.95005491451336 
34.950056886609765 
34.95005676003404 
34.95004557985814 
34.95005670283154 
34.95005676003404 
34.95005394550323 
34.95005063935378 
34.94991832660785 
34.95005743342377 
34.95005743342377 
34.95005052616538 
34.95005527563715 
34.950048962130204 
34.950053499096775 
34.950057093208116 
34.95005726155555 
34.95005316214022 
34.95004734701935 
34.95005743342377 
34.95005743342377 
34.95005417987742 
34.950056489886954 
34.95005691847104 
34.95003463592902 
34.95004718832049 
34.95005468366011 
34.950055426815325 
34.95005670283154 
34.949791341458685 
34.95005369322057 
34.95004134596494 
34.95005128462316 
34.95005743342377 
34.95004883046811 
34.95005276928495 
34.95005706951864 
34.94999458201317 
34.95005743342377 
34.950049741800775 
34.95005538017525 
34.95005605347869 
34.95005617127416 
34.95004557985814 
34.94991339988759 
34.95005743342377 
34.95005486456978 
34.95005491438296 
34.949964852861264 
34.95005693503194 
34.94980636949376 
34.95005690860404 
34.95005743342377 
34.950049433749015 
34.9500556221994 
