34.362187701942936 
34.94979692106532 
34.950054564343176 
34.94940781846291 
34.94417311775995 
34.949924770099436 
34.94997357277236 
34.94975954423191 
34.94970010840986 
34.944501310797676 
34.938672564453285 
34.93881234261224 
34.95004791417962 
34.949988374826624 
34.94998065497166 
34.93073769782773 
34.94426570059863 
34.94989793872835 
34.94986398629986 
34.94439919329694 
34.95003581394425 
34.950050292051394 
34.948854621711945 
34.949571067897 
34.94386777402339 
34.94924488126283 
34.949915243893926 
34.94997470636824 
34.94456621334347 
34.68410261601899 
34.94999217323013 
34.93073769782773 
34.95004602335474 
34.94990825340251 
34.94990009766322 
34.94998308133547 
34.950046315845945 
34.949663158986624 
34.944487798917066 
34.94984903090006 
34.949825276077036 
34.94991506861801 
34.94997520991786 
34.938604917921545 
34.94979186120152 
34.950054246468895 
34.94435618064217 
34.94997353730129 
34.94998715999785 
34.94126030455056 
34.949390522951944 
34.36216784136434 
34.9498201721865 
34.94949820262622 
34.950043363807545 
34.94979248011042 
34.94996658517175 
34.949909517855104 
34.94993862043336 
34.94985309163926 
34.94432485642018 
34.94393396757391 
34.9441339528137 
34.94959787534615 
34.68068994362901 
34.94960421282862 
34.94976412367155 
34.94964552383243 
34.94946117876004 
34.94926053473724 
34.949753782924645 
34.949994982273985 
34.94958740609495 
34.94969160188767 
34.95004154530646 
34.949522901329836 
34.68398465550681 
34.94424294821725 
34.94944905203386 
34.91583958019285 
34.94991168737964 
34.949969513415525 
34.94979455864422 
34.94992167092377 
34.94443466894297 
34.949140678514254 
34.9495003318947 
34.949917649371194 
34.949847131119846 
34.94881977354891 
34.944351344556075 
34.94983422093848 
34.9441318213715 
34.94999326860226 
34.95005595263533 
34.950054564343176 
34.949973488354686 
34.94987067069821 
34.949190129320726 
34.95005130479189 
