39.923419161730926 
39.92326552270999 
39.923427003652264 
39.92898425270645 
39.92916334055379 
39.9288867446105 
39.92915653960483 
39.92881107316603 
39.929146355939 
39.92899742701694 
39.92898611401869 
39.92322728919082 
39.929233739109215 
39.92343220904536 
39.92899195808389 
39.92907334723788 
39.70388367820519 
39.92908912224141 
39.92341601017077 
39.92923583964571 
39.929037887073946 
39.92916222488296 
39.92892698714911 
39.92914312684399 
39.923347939418775 
39.92342433383403 
39.929227887272425 
39.92891108219954 
39.92907278203414 
39.92907927947943 
39.9291632186751 
39.928912815551804 
39.92899733450854 
39.92284053837324 
39.92900028089615 
39.92899826868638 
39.92342231797754 
39.92906563729758 
39.929145442677104 
39.92908143715919 
39.92922877085861 
39.929075669910205 
39.92892314131834 
39.92921976838322 
39.92915857516731 
39.929147464587906 
39.92913799833791 
39.92906713908514 
39.92335891605753 
39.9233042612244 
39.928990069398814 
39.92892147555672 
39.929023205444835 
39.92876131403378 
39.92342702314785 
39.92923148680454 
39.92916116855755 
39.92908654368097 
39.92908649259962 
39.92341957208975 
39.929226409468455 
39.92326034517205 
39.92883562887187 
39.929154919812625 
39.92318800767294 
39.92900039186823 
39.92906485959485 
39.92323841215889 
39.929140475266315 
39.929154744515536 
39.929228815583286 
39.92887146855467 
39.92923618049499 
39.92915650993435 
39.929226887942164 
39.928724082486816 
39.92319382651161 
39.929236195383844 
39.92909231534229 
39.92915148440159 
39.9291475072823 
39.92319760227472 
39.929228800822514 
39.92915129503712 
39.92910957824717 
39.929233101998925 
39.929075064808664 
39.92915329583861 
39.697327411465515 
39.92915536667979 
39.909015793694 
39.92896202061567 
39.923427404723206 
39.929069688453176 
39.92888771619723 
39.929154258027296 
39.91755356100614 
39.92318742613458 
39.92885148928421 
39.92916587626384 
39.929087116902 
