39.923364014958466 
39.92334568262643 
39.928992876628186 
39.9291562269698 
39.92906109376853 
39.923343507326585 
39.92908652617744 
39.92922678295327 
39.929072329159816 
39.92055722343438 
39.92899672036133 
39.92884807461453 
39.923422448980325 
39.92908320918124 
39.9291683725777 
39.929038912357136 
39.70388341990703 
39.92923391048154 
39.923355618043345 
39.92350844998953 
39.92915534069587 
39.92915378389691 
39.92922441571535 
39.92891896590147 
39.928991834630466 
39.92898923051431 
39.92896854656636 
39.92344412823143 
39.928996234733624 
39.92908167457534 
39.92907961844305 
39.92922248833157 
39.703793179057314 
39.92922337278099 
39.9292229443849 
39.92915627668706 
39.929232961829214 
39.929150569808876 
39.92903477478381 
39.92899369053543 
39.929001874956626 
39.92914806172908 
39.92327385032324 
39.92915884687044 
39.92923870552226 
39.92915467568446 
39.9292382202709 
39.92900447242029 
39.92896433312963 
39.92899758331376 
39.92052302569896 
39.929003479887456 
39.9233933723061 
39.929071634914784 
39.92891803614377 
39.929108265241325 
39.92923770618708 
39.92908387341795 
39.92916526571507 
39.929147540063504 
39.92924083536473 
39.929073373365235 
39.92891542799217 
39.92892001019308 
39.703876099267134 
39.91756252735135 
39.9290822370715 
39.929159493036344 
39.92339023115025 
39.9288376166987 
39.92897869129519 
39.92908222351656 
39.929167250146776 
39.929154786181606 
39.9292334400899 
39.92922549455253 
39.929039860835225 
39.920633943007864 
39.929245557422824 
39.92338637869815 
39.92338749888466 
39.929227768501285 
39.929231396968106 
39.92914885943796 
39.92914741742961 
39.92887937224938 
39.928966424467895 
39.923508429141904 
39.929159914333084 
39.92907192302713 
39.92902744236242 
39.92907961563558 
39.92327600357223 
39.92906902774927 
39.92915779799014 
39.70398817846949 
39.92923341891831 
39.92916215700454 
39.92924664386772 
39.928762571587974 
39.92914138383727 
