44.58860682834464 
44.357290939780775 
44.10223511054825 
44.35930847790351 
44.34138307525265 
44.56104388486451 
44.56372831704612 
44.34811976680212 
44.58465043061724 
44.31723334700336 
44.591211691953895 
44.55009315723137 
44.58717360382616 
44.59147003244961 
43.7763081175351 
44.322149718566656 
44.578520898313386 
44.34505758005727 
44.58767015626578 
44.58760800217753 
44.592018126055635 
44.09247167424544 
44.35573951928162 
44.345823749361394 
44.35198259920955 
44.59154514675611 
44.36177106796872 
44.58105315825274 
44.35317283187142 
44.57752439929536 
44.56603757191601 
44.0682976724683 
44.587561933204825 
44.57595635567188 
44.57611667242145 
44.33189745973854 
44.575930290878766 
44.59111496002364 
44.35970079696352 
44.072739999378896 
44.59201187910069 
44.34760253309182 
44.35707300791322 
44.36141977955521 
44.57800985981646 
44.57771248864524 
44.57476272272497 
44.0993516060449 
44.35565080347476 
44.35515622970895 
44.58853299930663 
44.59188082812187 
44.35553326475246 
44.10450114188003 
44.08778715516414 
44.3536285451872 
44.58751829921143 
44.09188091382611 
44.58316655832381 
44.59136079869457 
44.59210315189813 
43.73783800807108 
44.56177551982434 
44.590607434447044 
44.365322798325664 
44.09920888413272 
44.35014022800769 
44.58870250226996 
44.363654686122544 
44.58340411669888 
44.591079923856576 
44.5853152122769 
44.59170606600559 
44.33928154034781 
44.56950314256152 
44.359682623717404 
44.09448231152356 
44.355519446445136 
44.58650944446496 
44.36542094898171 
44.55591806667357 
44.57072490830469 
43.35558758258276 
44.331610332719706 
44.5877212334917 
44.5848189367696 
44.09501493615302 
44.58754307006584 
44.579373233377076 
44.578033291556196 
44.07727174578577 
44.562427946143785 
44.36335007309914 
44.57785604176008 
44.58262438870186 
44.56777659238892 
44.590902707111944 
44.34762425671364 
44.584795840090244 
44.34541053453044 
