50.936797753934464 
50.936797753934464 
50.936797273428134 
50.936797753934464 
50.93679739215674 
50.93679721658726 
50.936797753934464 
50.93679734550325 
50.936797753934464 
50.936797753934464 
50.93679737899626 
50.93679689849002 
50.93679739215674 
50.936797753934464 
50.93679739215674 
50.93679739215674 
50.936797753934464 
50.93679737899626 
50.936797753934464 
50.936797273428134 
50.93679737899626 
50.936797753934464 
50.936797753934464 
50.936797273428134 
50.936797753934464 
50.936797273428134 
50.936797753934464 
50.936797753934464 
50.936797273428134 
50.93679739215674 
50.936797753934464 
50.936797753934464 
50.936797273428134 
50.936797753934464 
50.936797753934464 
50.936797273428134 
50.936797753934464 
50.936797753934464 
50.936797273428134 
50.936797753934464 
50.936797753934464 
50.936797753934464 
50.936797273428134 
50.936797753934464 
50.936797753934464 
50.936797075096074 
50.93679117916324 
50.936797753934464 
50.93679734550325 
50.936797753934464 
50.936797753934464 
50.936797753934464 
50.936797753934464 
50.936797753934464 
50.93679734550325 
50.936797753934464 
50.93679739215674 
50.93679739215674 
50.936797753934464 
50.93679128482098 
50.936797753934464 
50.93679734550325 
50.93679739215674 
50.936797753934464 
50.93679739215674 
50.93679734550325 
50.936797273428134 
50.936797753934464 
50.936797753934464 
50.93679739215674 
50.936797753934464 
50.93679737899626 
50.936797753934464 
50.936797753934464 
50.936797753934464 
50.936797753934464 
50.936797753934464 
50.936797753934464 
50.936797753934464 
50.936797753934464 
50.936797753934464 
50.936797753934464 
50.936797063737245 
50.936797753934464 
50.936797753934464 
50.936797753934464 
50.936797753934464 
50.93679734550325 
50.936797753934464 
50.936797753934464 
50.93679739215674 
50.936797753934464 
50.936797753934464 
50.936797753934464 
50.936797753934464 
50.936797753934464 
50.936797753934464 
50.936797753934464 
50.936797753934464 
50.93679734550325 
50.936797753934464 
