51.42257687678143 
51.42257687678143 
51.42250005425178 
51.422570602297036 
51.422570602297036 
51.42257687678143 
51.42257082974218 
51.42257687678143 
51.422570602297036 
51.42257096390677 
51.42257106437664 
51.42257096390677 
51.42257096510597 
51.422570602297036 
51.42257096510597 
51.42257082974218 
51.42257096510597 
51.42241904075131 
51.42257096390677 
51.42257687678143 
51.42257082974218 
51.42257687678143 
51.422570602297036 
51.42257687678143 
51.42257687678143 
51.42257096510597 
51.42257687678143 
51.42257096510597 
51.422570602297036 
51.422570602297036 
51.422570602297036 
51.42257082974218 
51.42248880208302 
51.42257096390677 
51.42257687678143 
51.422385496140016 
51.42257096510597 
51.42257687678143 
51.42257687678143 
51.42257082974218 
51.42257687678143 
51.42257096390677 
51.42257082974218 
51.42257687678143 
51.42257096390677 
51.42256505224814 
51.42251091632682 
51.42257687678143 
51.42256505224814 
51.422570602297036 
51.42257687678143 
51.42257687678143 
51.42257687678143 
51.422570602297036 
51.42257096390677 
51.42249507642187 
51.422570602297036 
51.422385496140016 
51.42257687678143 
51.42257096390677 
51.42257096390677 
51.42257687678143 
51.42257082974218 
51.42257082974218 
51.42257687678143 
51.42257096390677 
51.422570602297036 
51.42257687678143 
51.42257687678143 
51.422570602297036 
51.42257687678143 
51.42257096390677 
51.42257687678143 
51.42257687678143 
51.42257096390677 
51.42257096390677 
51.42257082974218 
51.42257687678143 
51.42257096390677 
51.42257082974218 
51.42257687678143 
51.422570602297036 
51.42257082974218 
51.42257687678143 
51.42257082974218 
51.42257096510597 
51.42257687678143 
51.42257096510597 
51.42257687678143 
51.422570602297036 
51.422576444295984 
51.42257096390677 
51.42257687678143 
51.422570602297036 
51.422570602297036 
51.42257687678143 
51.42251091632682 
51.42089550488322 
51.422570602297036 
51.42257082974218 
51.42257687678143 
