44.96271274342271 
45.194202171167525 
44.96045168481682 
44.966845620159575 
45.19122542487536 
44.672035971523805 
45.19454987153803 
45.18151276671906 
44.7009539351217 
44.95360888934421 
44.67878593919966 
45.19066432631139 
44.38229770423993 
45.194166850952534 
44.918301701152 
44.970257159168604 
44.694665501183835 
45.185024538395275 
45.18797540384348 
45.194197973022774 
45.18705056307321 
44.94249040084577 
45.17505440485419 
45.18419458080191 
45.191132463474496 
44.69182955374623 
45.190963675984435 
45.19092815455583 
45.19322695554849 
45.18981108460323 
44.704437421982156 
45.18415774717764 
44.67332532681159 
44.95269358744726 
45.187532337963795 
45.16296892371998 
45.176342860528635 
44.67604257252227 
45.193482286861936 
44.705728950562246 
45.19449034361671 
45.181073326884025 
44.96601625854918 
45.18459537309041 
45.19095245182559 
45.19073204006742 
44.966270803974375 
45.175305637972414 
45.19456425475077 
45.19460245310052 
44.95226347081454 
45.19372383847902 
45.17692718597646 
45.19406598446244 
45.19077096178862 
45.19420829900799 
45.19461516172261 
45.18736851199443 
44.96651277555636 
44.69126857717463 
45.183583360992074 
44.705728950562246 
45.162382292958846 
44.95517303974426 
43.92684323931401 
44.946560005910776 
45.18309627896915 
45.17956293404253 
45.19409354339732 
45.17646719832592 
44.96588465913298 
44.96447514528704 
44.70476607270029 
44.964677902290354 
43.93378180132891 
44.95911704076991 
45.18159529823424 
44.69860862352334 
45.194569376862624 
45.193996734996205 
45.19422380007843 
45.191367221123485 
44.941052802972095 
44.67656689190681 
45.19063962483241 
45.19455304087863 
45.19390026320347 
45.194595099446445 
43.95892944180941 
45.181177884937135 
45.19147938660145 
44.67406331565789 
44.95380592203062 
45.186554868423244 
44.954206727726344 
44.68247352790323 
44.69368053370471 
45.16564950955985 
45.18458590652375 
45.18449441295557 
