51.39102617466656 
51.390955032134826 
51.39102073538875 
51.39102073538875 
51.39102617466656 
51.39102062557491 
51.39102617466656 
51.39102073538875 
51.39102084530742 
51.39102027823059 
51.39102084530742 
51.39102094672843 
51.39102073538875 
51.39102094672843 
51.39102062557491 
51.39102094672843 
51.39089510198343 
51.39102084530742 
51.39102617466656 
51.39102062557491 
51.39102617466656 
51.39102073538875 
51.39102617466656 
51.39102617466656 
51.39102094672843 
51.39102617466656 
51.39102094672843 
51.39102073538875 
51.39102073538875 
51.39102073538875 
51.39102062557491 
51.39095808075817 
51.39102084530742 
51.39102617466656 
51.39087192384417 
51.39102094672843 
51.39102617466656 
51.39102617466656 
51.39102062557491 
51.39102617466656 
51.39102084530742 
51.39102062557491 
51.39102617466656 
51.39102084530742 
51.39101561738253 
51.39098804117309 
51.39102617466656 
51.39101561738253 
51.39102073538875 
51.39102617466656 
51.39102617466656 
51.39102617466656 
51.39102073538875 
51.39102084530742 
51.39096351997857 
51.39102073538875 
51.39087192384417 
51.39102617466656 
51.39102084530742 
51.39102084530742 
51.39102617466656 
51.39102062557491 
51.39102062557491 
51.39102617466656 
51.39102084530742 
51.39102073538875 
51.39102617466656 
51.39102617466656 
51.39102073538875 
51.39102617466656 
51.39102084530742 
51.39102617466656 
51.39102617466656 
51.39102084530742 
51.39102084530742 
51.39102062557491 
51.39102617466656 
51.39102084530742 
51.39102062557491 
51.39102617466656 
51.39102073538875 
51.39102062557491 
51.39102617466656 
51.39102062557491 
51.39102094672843 
51.39102617466656 
51.39102094672843 
51.39102617466656 
51.39102073538875 
51.39102585628146 
51.39102084530742 
51.39102617466656 
51.39102073538875 
51.39102073538875 
51.39102617466656 
51.39098804117309 
51.3893605093504 
51.39102073538875 
51.39102062557491 
51.39102617466656 
