42.028549894278655 
42.01291688125549 
42.0288010072799 
41.991067444257034 
42.028137862606826 
42.01723803415257 
42.02830894524827 
42.02366739413345 
41.802407754531444 
41.78417060060997 
41.51007758361011 
42.02258800732625 
42.02874505539087 
42.01438644993444 
41.984094033584185 
41.5319658168409 
41.467620134373014 
41.794153997836105 
41.74545153082716 
41.781033578750936 
41.776036907607335 
42.01899943596263 
42.012425631444344 
42.02282149244155 
41.78336573977391 
42.02296995889366 
41.72988497092094 
42.00973124294423 
41.993097838372975 
41.76781286141169 
41.52073811176668 
42.002344748398 
41.998580648140454 
41.764992629731154 
41.5294424725949 
41.79525491376493 
42.00475180156358 
41.52650943439878 
41.763662581648425 
41.78251558058401 
41.77638656808253 
41.75865146086829 
42.02099637665614 
42.00708878429249 
41.75865146086829 
41.79327815672595 
42.00743440717796 
41.98329578029576 
41.795043526429595 
41.785632206506904 
41.98080009715853 
42.02786852843758 
41.77891328675207 
42.01824885033111 
41.95922626415889 
41.50876232401691 
42.021342298230195 
42.02078748692884 
42.02622133606995 
41.78478316359669 
42.00408460896158 
42.021671756609635 
41.4955407343891 
41.76487591295819 
42.00861723180742 
42.0215274454194 
41.756557382820745 
41.532977231165376 
41.79741646039277 
42.015374083105726 
41.14564427793115 
42.02319438527086 
42.02758702300004 
41.77259282286341 
41.76783675491922 
42.01565103780586 
42.020842353964525 
41.75939702211627 
42.00689561916868 
42.01700521130987 
42.01615674906747 
42.02692020158762 
42.008492980597 
42.00881043582852 
42.00181078730632 
42.01780807611723 
41.802546639050114 
41.78666004510683 
41.988359859856736 
42.02787165636269 
42.018342426946845 
42.01463435146687 
42.01575744647019 
42.028409267016926 
42.00591213393051 
41.98892063747974 
42.000404226667804 
41.79389617074934 
42.02774384183814 
42.01119040477706 
