43.070728470128245 
43.070728470128245 
43.07072844093989 
43.070728441797414 
43.070728470128245 
43.070728470128245 
43.070728470128245 
43.070728470128245 
43.070728441797414 
43.070728470128245 
43.070728441797414 
43.070728470128245 
43.070728470128245 
43.070728470128245 
43.070728470128245 
43.070728470128245 
43.06808348117938 
43.070728470128245 
43.07072844093989 
43.070728470128245 
43.07072844093989 
43.070728470128245 
43.070728470128245 
43.070728470128245 
43.070728470128245 
43.070728470128245 
43.070728470128245 
43.070728470128245 
43.070728470128245 
43.070728470128245 
43.070728470128245 
43.070728441797414 
43.070728441797414 
43.07072844093989 
43.070728470128245 
43.070728470128245 
43.070728470128245 
43.070728470128245 
43.070728470128245 
43.07072837437464 
43.070728470128245 
43.070728470128245 
43.070728470128245 
43.07072799000259 
43.070728470128245 
43.07072844093989 
43.070728470128245 
43.070728470128245 
43.070728470128245 
43.070728470128245 
43.070728470128245 
43.07072842314559 
43.07072778856331 
43.07072844093989 
43.070728470128245 
43.07072800126734 
43.070728470128245 
43.070728470128245 
43.07068892041247 
43.07071495323879 
43.07070865536905 
42.80681269126452 
43.07069229752025 
43.07068958022874 
43.070709002707275 
43.068061971895055 
43.070728470128245 
43.070728470128245 
43.07072792575705 
43.070728470128245 
43.070728470128245 
43.070728470128245 
43.070728470128245 
43.070728470128245 
43.070728470128245 
43.070728470128245 
43.07072775463054 
43.070728470128245 
43.070728470128245 
43.07072775463054 
43.07072844093989 
43.07072775463054 
43.070728470128245 
43.07072841757646 
43.070728470128245 
43.07072844093989 
43.070728470128245 
43.070728470128245 
43.070728470128245 
43.070722044915804 
43.070728470128245 
43.070728470128245 
43.070728470128245 
43.070728470128245 
43.07072844093989 
43.070728470128245 
43.070728470128245 
43.070728470128245 
43.070728470128245 
43.070728470128245 
