43.07072847005219 
43.07072811824083 
43.0707284381362 
43.0707284381362 
43.07072847005219 
43.070728438133855 
43.07072847005219 
43.0707284381362 
43.07072847005219 
43.07072842251638 
43.07072847005219 
43.07072847005219 
43.0707284381362 
43.07072847005219 
43.070728438133855 
43.07072847005219 
43.07072847005219 
43.07072847005219 
43.07072847005219 
43.070728438133855 
43.07072847005219 
43.0707284381362 
43.07072847005219 
43.07072847005219 
43.07072847005219 
43.07072847005219 
43.07072847005219 
43.0707284381362 
43.0707284381362 
43.0707284381362 
43.070728438133855 
43.0707284381362 
43.07072847005219 
43.07072847005219 
43.07072847005219 
43.07072847005219 
43.07072847005219 
43.07072847005219 
43.070728438133855 
43.07072847005219 
43.07072847005219 
43.070728438133855 
43.07072847005219 
43.07072847005219 
43.07072847005219 
43.07072829799873 
43.07072847005219 
43.07072847005219 
43.0707284381362 
43.07072847005219 
43.07072847005219 
43.07072847005219 
43.0707284381362 
43.07072847005219 
43.07072847005219 
43.0707284381362 
43.07072847005219 
43.07072847005219 
43.07072847005219 
43.07072847005219 
43.07072847005219 
43.070728438133855 
43.070728438133855 
43.07072847005219 
43.07072847005219 
43.0707284381362 
43.07072847005219 
43.07072847005219 
43.0707284381362 
43.07072847005219 
43.07072847005219 
43.07072847005219 
43.07072847005219 
43.07072847005219 
43.07072847005219 
43.070728438133855 
43.07072847005219 
43.07072847005219 
43.070728438133855 
43.07072847005219 
43.0707284381362 
43.070728438133855 
43.07072847005219 
43.070728438133855 
43.07072847005219 
43.07072847005219 
43.07072847005219 
43.07072847005219 
43.0707284381362 
43.0707284686487 
43.07072847005219 
43.07072847005219 
43.0707284381362 
43.0707284381362 
43.07072847005219 
43.07072829799873 
43.07072125893417 
43.0707284381362 
43.070728438133855 
43.07072847005219 
