35.26775501117578 
35.25447542099506 
35.2666632166742 
35.26736327967476 
35.26769607617964 
35.267604846148934 
35.26777062439991 
35.26254033475241 
35.267648239166746 
35.26770053144097 
35.2672080701116 
35.262440988287295 
35.26769211814856 
35.267740953741246 
35.26774725079803 
35.267769183317746 
35.26739414305482 
35.26762785970296 
35.26227032009513 
35.266934144896844 
35.26758077875149 
35.26770113411496 
35.26744986189514 
35.26769633168912 
35.26734363094598 
35.26771335107856 
35.26231940229231 
35.26774857782332 
35.267570872869456 
35.26776488618433 
35.267531622028024 
35.267756166884844 
35.26190315229902 
34.998617500157415 
35.26776898892273 
35.26227631217193 
35.26770113411496 
35.26775501117578 
35.25447542099506 
35.26148664332449 
35.25141073619875 
35.26715147197876 
35.26776676202725 
35.26763777509921 
35.267763889723525 
35.2677560329973 
35.26772968550672 
35.26249510467042 
35.262190120612715 
35.267501162206386 
35.26776166285505 
35.262399966555385 
35.26706167382185 
35.259431430742005 
35.261795600833324 
35.26776956429564 
35.26751202885597 
35.26776118910623 
35.26770247698191 
35.25697814113438 
35.26776973863728 
35.256686859523924 
35.256768626342954 
35.26776821102853 
35.256591963385674 
35.26715147197876 
35.26776676202725 
35.26763777509921 
35.26770870525525 
35.267451220449175 
35.26771333126862 
35.26214692684799 
35.26752710806326 
35.26213802472888 
35.26757534878272 
35.26774857782332 
35.267541768438626 
35.267766016112574 
35.267570163652024 
35.26727438701309 
35.26774959835899 
35.267348996516226 
35.26701504677847 
35.26227035944468 
35.26775658312542 
35.26777046742627 
35.267645577292015 
35.26762381819409 
35.267559197473126 
34.99189596681083 
35.26776832385024 
35.26759160845685 
35.267763838631005 
35.26758857570666 
35.26776376758973 
35.26776178725594 
35.26776990303944 
35.26186219977056 
35.26775945830349 
35.26776051293972 
