42.65807040667009 
42.65807040667009 
42.65806238463367 
42.658062876454586 
42.658062876454586 
42.65807040667009 
42.65806348141454 
42.65807040667009 
42.658062876454586 
42.65806505792512 
42.65807040667009 
42.65806505792512 
42.65806361531163 
42.658062876454586 
42.65806361531163 
42.65806348141454 
42.65806361531163 
42.65798273660913 
42.65806505792512 
42.65807040667009 
42.65806348141454 
42.65807040667009 
42.658062876454586 
42.65807040667009 
42.65807040667009 
42.65806361531163 
42.65807040667009 
42.65806361531163 
42.658062876454586 
42.658062876454586 
42.658062876454586 
42.65806348141454 
42.6580575276817 
42.65806505792512 
42.65807040667009 
42.65794568513173 
42.65806361531163 
42.65807040667009 
42.65807040667009 
42.65806348141454 
42.65807040667009 
42.65806505792512 
42.65806348141454 
42.65807040667009 
42.65806505792512 
42.65805826658265 
42.658062876454586 
42.65807040667009 
42.65805826658265 
42.658062876454586 
42.65807040667009 
42.65807040667009 
42.65807040667009 
42.658062876454586 
42.65806505792512 
42.65806505792512 
42.658062876454586 
42.65794568513173 
42.65807040667009 
42.65806505792512 
42.65806505792512 
42.65807040667009 
42.65806348141454 
42.65806348141454 
42.65807040667009 
42.65806505792512 
42.658062876454586 
42.65807040667009 
42.65807040667009 
42.658062876454586 
42.65807040667009 
42.65806505792512 
42.65807040667009 
42.65807040667009 
42.65806505792512 
42.65806505792512 
42.65806348141454 
42.65807040667009 
42.65806505792512 
42.65806348141454 
42.65807040667009 
42.658062876454586 
42.65806348141454 
42.65807040667009 
42.65806348141454 
42.65806361531163 
42.65807040667009 
42.65806361531163 
42.65807040667009 
42.658062876454586 
42.658069999201345 
42.65806505792512 
42.65807040667009 
42.658062876454586 
42.658062876454586 
42.65807040667009 
42.658062876454586 
42.65785762467874 
42.658062876454586 
42.65806348141454 
42.65807040667009 
