50.19390165638991 
51.18791603332451 
51.195724788353154 
51.41944040782465 
51.19660320798933 
51.19314604101123 
51.41785001045985 
51.4192468838694 
51.41027579479362 
50.1798410464201 
51.41494859561873 
51.422334825215486 
51.419342203394926 
50.59441583530994 
51.41936270531775 
51.422469078610504 
51.19401708172658 
51.42242688913099 
51.422463231883285 
51.41947329219944 
51.422424119348406 
51.417925822992935 
51.4134263824943 
51.42093671994795 
51.420947995802806 
51.42242027379312 
51.41783020306074 
51.1956593830872 
51.19060206802912 
51.42243976312203 
51.19390499295769 
51.422431626762446 
51.41932816121017 
51.195812893827274 
51.41560025062649 
51.422335296356515 
51.407975387253096 
51.197280102394785 
51.42245017283798 
51.19314656449486 
51.41928195137125 
51.18425410803092 
51.42087688896852 
51.41324465567261 
51.41633033606299 
51.41932308318619 
51.41787233979299 
51.19577967860993 
51.197631108405965 
51.40882958541769 
51.19501514190801 
51.41635250729263 
51.18846933617822 
51.42256742373915 
51.18884170305096 
48.59852482459109 
51.41783033034711 
51.18961070391392 
51.41191342988648 
51.19659287901618 
51.415592740854315 
51.41787371543305 
51.42098698495074 
51.42091188780003 
51.40490231321238 
50.93404760137279 
51.41936501282828 
51.41868512238661 
51.41240274577266 
51.41329924955799 
51.420917797249885 
50.92027713089431 
51.41485073855317 
51.19315730549034 
51.40571099436975 
51.417889457337125 
50.60516132401025 
50.92566446717125 
51.417938285125906 
51.420924937216455 
50.92770131104503 
51.19484737285876 
51.401133399876585 
50.93205552455977 
51.42095856474219 
51.42092191606637 
51.19482811998166 
51.42242718475124 
51.422456086462134 
51.4147931211817 
51.41794609678786 
51.412596963441146 
51.42094619456821 
51.42015869885325 
51.41866681532715 
51.4177660641384 
51.4088746975353 
51.414857272408085 
50.928809556341264 
51.41783127174178 
