50.93678490916598 
50.93518108786063 
50.936791051237996 
50.93679071253726 
50.93679727527511 
50.936790865302434 
50.93679699445441 
50.93679710006654 
50.93676976903343 
50.936791285271006 
50.936784910792326 
50.93356989004766 
50.93679736871731 
50.93678454833057 
50.936791040823856 
50.93678151141893 
50.93678494495713 
50.93677882756612 
50.93679114567122 
50.936791052183366 
50.936772816204176 
50.93520590308871 
50.93675440357291 
50.93679094715657 
50.936785097539 
50.93675742648366 
50.93678186309533 
50.93518724921888 
50.71266639165877 
50.93676045084364 
50.93677910847853 
50.93679120413354 
50.93677270941692 
50.93679714635912 
50.936785179580056 
50.936790876029086 
50.93677896829099 
50.936797449448186 
50.9367910878846 
50.936785016182284 
50.9367727443552 
50.9367789915952 
50.936791167850465 
50.93677880349194 
50.93519987246665 
50.93679731016415 
50.93679720468707 
50.936782144461816 
50.935184281534674 
50.93519955744522 
50.93676049794792 
50.71360932130527 
50.936797379490315 
50.936791063902085 
50.93679706436774 
50.71267353908561 
50.93678499282799 
50.9351688975493 
50.93679101751987 
50.93677885127295 
50.93679113413054 
50.9304023727725 
50.93679718205914 
50.936772826760375 
50.93676988514852 
50.71360228448504 
50.9367974030646 
50.93676919610291 
50.93679713432458 
50.93679128621772 
50.93520545824137 
50.93679704097248 
50.93359119748427 
50.936797275185484 
50.936790910644916 
50.93677845262238 
50.93679692422574 
50.93679088743191 
50.93678530880951 
50.936791134220854 
50.93679737899626 
50.936797076582046 
50.936797275411024 
50.93678488636023 
50.93679093512212 
50.93679134454557 
50.7135946829524 
50.93679140238108 
50.9367758979063 
50.93518439644081 
50.93679095892139 
50.9367971583491 
50.936782039072625 
50.936797449720025 
50.936784852419336 
50.935180725572984 
50.93360958051798 
50.936778686610396 
50.93360945217025 
50.936797637143 
50.936779038293146 
