51.577037234613826 
51.57853744073477 
51.5762674116321 
51.57841700109711 
51.35460370828432 
51.35548743488896 
51.578625215453684 
51.574833290582525 
51.57553540574004 
51.57853010762155 
51.3535939383634 
51.35367601650012 
51.577048576214835 
51.576994949817745 
51.57860131399817 
51.352760299356916 
51.57690716455658 
51.352889681538926 
51.57711727460339 
51.57854617618747 
51.57334777442598 
51.578559243772055 
51.578622609364054 
51.57637250162459 
51.57711727460339 
51.57862429620474 
51.5786028660903 
51.35290144971699 
51.567437889752284 
51.57630114161584 
51.57857174009318 
51.57854101373056 
51.57557811299703 
51.577035382883246 
51.5770641153173 
51.57854101373056 
51.57557811299703 
51.57484270833112 
51.578576759632924 
51.5733772380185 
51.577085307880004 
51.574896123362365 
51.57631646545126 
51.57862549074283 
51.578485668426794 
51.578565248626504 
51.577030278994215 
51.57481166533052 
51.35290499955681 
51.57418286221237 
51.349389734830986 
51.57711932110824 
51.35195366008416 
51.354572910175214 
51.57041917687818 
51.090242318557074 
51.35546717699641 
51.57553369686138 
51.57412052356101 
51.57862756639506 
51.578621587628945 
51.576346425821974 
51.57189815132757 
51.57410478603368 
51.575515435194 
51.578486234408274 
51.35290499955681 
51.08508486404967 
51.57852564387579 
51.578613298071794 
51.57704404973965 
51.578503000910516 
51.578628192554866 
51.57711725581647 
51.57855064274796 
51.5756464829719 
51.578625594820075 
51.57855698979044 
51.57849049296457 
51.35460370828432 
51.572628989265894 
51.578627273758094 
51.352806396887566 
51.351954990883506 
51.57857544108813 
51.578447383604086 
51.57631177460564 
51.57856044715104 
51.3493316113163 
51.35018427669704 
51.5771215853055 
51.57861128624199 
51.35372766847211 
51.57854984697355 
51.5786280597435 
51.57711500602497 
51.35374374214974 
51.5786024732602 
51.56740626842834 
51.57565210283072 
