51.5734184892352 
51.578532829200704 
51.354546402508646 
51.57322043958601 
51.577041124438445 
51.577102169660456 
51.578458198153584 
51.57854656083356 
51.35461583800934 
51.57852958270033 
51.35540766016449 
51.577099619307724 
51.57335264407074 
51.57857980932491 
51.57714962900474 
51.57482089833634 
51.57698322873366 
51.574846836769616 
51.354614895753826 
51.57859147598262 
51.57703702344791 
51.574774598092816 
51.565918942562085 
51.5763139941126 
51.57700191448128 
51.57857365297778 
51.57861712330566 
51.57854870139987 
51.57623716195925 
51.33716011208529 
51.35461583800934 
51.578565614665294 
51.35462103340151 
51.57852958270033 
51.576268843324875 
51.57406375156081 
51.57858087948858 
51.354614895753826 
51.57854157505575 
51.57482876964687 
51.574101816358855 
51.57625713532911 
51.57554003646608 
51.57860862785105 
51.57855011632472 
51.57628733809052 
51.57335766918489 
51.57706028112392 
51.35262706244301 
51.57862771446653 
51.575599502000856 
51.57845144648266 
51.5786278081306 
51.57851895075841 
51.57860177924332 
51.57856003407822 
51.578534878606334 
51.570427486381966 
51.575484834386145 
51.57862117523885 
51.57853743314458 
51.57862777392948 
51.57555826675118 
51.573417403692005 
51.5741066198529 
51.57687748887665 
51.57114092389903 
51.578483177513796 
51.57857590689132 
51.57180384967328 
51.578534878606334 
51.352838179681214 
51.576293063729544 
51.57712010017245 
51.57858577098171 
51.578481411026615 
51.578625050184705 
51.57699528267818 
51.577069012468414 
51.57698498853224 
51.573417403692005 
51.578629061455175 
51.573272373677646 
51.5755621969375 
51.57859662560158 
51.34761614453462 
51.354625192007255 
51.57711936085465 
51.57700911744058 
51.57707145311088 
51.57857157069119 
51.57838786652721 
51.57854844018386 
51.353677828646035 
51.57860882956436 
51.578536139449206 
51.577015236136205 
51.57326846519359 
51.57851119921073 
51.578595014710245 
