43.22707739517565 
43.227077433299115 
43.227077447359505 
43.22705452975569 
43.22707072517557 
43.22707106382219 
43.22707689267695 
43.22707720322305 
43.2253505449227 
43.227077016314226 
43.22535342925733 
43.2270772375898 
43.227077447359505 
43.22707721487477 
43.227071288220905 
43.22706468094957 
43.22707106116113 
43.22706821900672 
43.22535058507407 
43.22707744294768 
43.22707699598166 
43.22705834357789 
43.227077357762646 
43.22706479052262 
43.22707078991779 
43.22707720384915 
43.22707738141023 
43.22707739219539 
43.22706483312875 
43.225260645488596 
43.2253505449227 
43.227077345724176 
43.22535058507407 
43.227077016314226 
43.227064480472706 
43.227058162518055 
43.22707732542903 
43.22535058507407 
43.227076948395286 
43.227064643117245 
43.22707692438966 
43.22706443672422 
43.22706467670923 
43.22707737606278 
43.22707742628959 
43.22706468094957 
43.22704641458686 
43.22707703850238 
43.22533397984205 
43.22707744037142 
43.227077447359505 
43.22707657725638 
43.22707744037142 
43.22707692438966 
43.227077447359505 
43.227077133516914 
43.22707689482694 
43.22707735436242 
43.22706117060197 
43.227077447359505 
43.227076919319096 
43.22707744564111 
43.22705855305452 
43.2270773892405 
43.22707099070934 
43.22707052155391 
43.22706509382268 
43.22707744529303 
43.227077412964455 
43.22707066433764 
43.22707689482694 
43.22533813752947 
43.22706459974165 
43.22707742628959 
43.227077230821855 
43.227077268588694 
43.227077447359505 
43.22706467670923 
43.22707100770692 
43.227070729515944 
43.2270773892405 
43.227077447359505 
43.227058217447336 
43.22707087319381 
43.22707732542903 
43.225285483933746 
43.225350705181214 
43.227077447359505 
43.22707661568072 
43.227067899153084 
43.22707720384915 
43.22707703850238 
43.22707730657932 
43.227077447359505 
43.22707744529303 
43.22707708471493 
43.22707714040018 
43.227052065905 
43.227077016314226 
43.22707739219539 
