42.069821677622265 
43.07066681644928 
43.07072122566482 
43.07071529138881 
43.0707211067488 
43.068937253346576 
43.07071500938969 
43.070727926830706 
43.070663004250086 
42.80360716081415 
43.07072192743177 
43.070728073647544 
43.07070132677889 
42.80673511098386 
43.070711074237806 
43.06896624613585 
43.06893046181314 
43.07072163391194 
43.07072157365733 
43.07072178733646 
43.07072830259274 
43.07072845828817 
43.07068600365911 
43.070728337251985 
43.07072143740453 
43.07072130506266 
43.07071163219702 
43.06807174969446 
43.067154670820436 
43.07072808078022 
43.06893321229731 
43.07072793936229 
43.070720929134524 
43.06896018224945 
43.0707016740283 
43.07071113277779 
43.07065636956907 
43.070720133451985 
43.07072770291314 
42.80465932039572 
43.07071422671644 
43.06893445078051 
43.070721145589346 
43.07067639546305 
43.07071510685112 
43.07072102075076 
43.07071797466221 
43.06896630833872 
43.068960339568235 
43.070728103291444 
43.06896676921293 
43.07069535139401 
43.070685046524716 
43.07072841757646 
43.067154670820436 
41.482230827106505 
43.07072089386963 
43.06894029513176 
43.06896326602281 
43.06720244540505 
43.070685561716935 
43.070708494118676 
43.07072845210937 
43.070721863656026 
43.070669172696626 
42.805716093587876 
43.070728073647544 
43.07070900699119 
43.0706978142696 
43.070714491657895 
43.07072136236147 
42.48352843956304 
43.07068937374923 
43.06807199547229 
42.48485604869829 
43.070721683861564 
42.484846642825666 
43.067166691689664 
43.07070843422255 
43.07072131851086 
42.80469007184806 
43.07070845247468 
43.07065331218566 
43.06718322080341 
43.070728001696644 
43.07072125390943 
43.070711615475865 
43.0707282400838 
43.07072791212166 
43.070691718695336 
43.07072802083557 
43.07070897511896 
43.07072123660229 
43.070718023268434 
43.07070818029299 
43.07070226302348 
43.07064384848731 
43.07067330789827 
43.068911838915305 
43.07072844587231 
