43.22707048985927 
43.22707719528811 
43.2270642858454 
43.22707679466699 
43.224484935344066 
43.22362807336895 
43.22707744556487 
43.227058353518196 
43.22706466385496 
43.22707742668041 
43.225343971897395 
43.227070848170605 
43.22707089242686 
43.22707079687101 
43.227077441232794 
43.225353481887005 
43.22707066398563 
43.22447574664908 
43.22707735921116 
43.227077039827435 
43.22704618929724 
43.22707720184699 
43.22707744735936 
43.227068053354415 
43.22707735921116 
43.22707744735936 
43.22707733471509 
43.222764444154755 
43.22702461733042 
43.227067686620025 
43.22707716109344 
43.227076996277056 
43.227077039586135 
43.227070848170605 
43.22706786935504 
43.227076996277056 
43.227077039586135 
43.227071132781724 
43.22707722524809 
43.22705881873165 
43.227068100354366 
43.22706193785084 
43.22706781186287 
43.22707744735936 
43.22707698026368 
43.22707719787433 
43.22707679466699 
43.227071017228575 
43.22447574664908 
43.227052794023564 
43.22534147730292 
43.22707737996453 
43.225340960904475 
43.22534147730292 
43.22704330987781 
43.22361821184223 
43.22707742035275 
43.22707085059344 
43.22705252393524 
43.22707743943367 
43.22707744735936 
43.22706814665394 
43.22704330987781 
43.22705252393524 
43.22706476991649 
43.22707679466699 
43.22447574664908 
43.225347474592674 
43.2270769520504 
43.227077394281636 
43.227071228993225 
43.2270771950953 
43.22707744735936 
43.22707735921116 
43.22707707722265 
43.22706503062024 
43.22707744735936 
43.22707744735936 
43.227077189971205 
43.224484935344066 
43.22706184159977 
43.227077442477835 
43.225335274020985 
43.22706480229425 
43.22707735921116 
43.22707713594325 
43.22706429275676 
43.22707709122419 
43.22707725385302 
43.22535342138712 
43.22706512211915 
43.227077378463186 
43.22361867721944 
43.227077064656456 
43.22707744224788 
43.22707733471509 
43.22534442877967 
43.227077346895655 
43.227024453710094 
43.22706196628946 
