43.07072150661108 
42.802459168859485 
43.067183317419435 
43.06717015003627 
43.06895376639112 
43.0707215827417 
43.07069566085544 
43.0707212466574 
43.0707023842847 
43.070721547541154 
43.068953216344916 
42.80568590818864 
43.07065382205406 
43.06715103315782 
43.07072808931405 
43.06894623646806 
43.07068583814612 
43.06541054283309 
43.070712169777366 
43.07070868939425 
43.07070233422509 
42.48222099542774 
42.479580884990646 
43.07072799888608 
43.070715261271445 
43.07067319931518 
43.07067318100919 
43.068918236387425 
43.07071509816557 
42.8067937729892 
43.06890447075189 
43.07072158786889 
43.070728324933576 
43.070682350509884 
43.068805680621665 
42.80680577537072 
43.0707278672724 
43.068078658089895 
43.068936916263276 
43.063658795504644 
43.06890799949044 
43.07072817943483 
43.06895367619899 
43.070705193914286 
43.06893694605362 
43.06715339404754 
42.806793326242236 
43.06891410616029 
43.07070159806108 
43.06888919126183 
42.069828153717815 
43.06890194791465 
42.80468616387706 
43.06805499778897 
43.070689315787924 
43.06895364349364 
43.07069843221575 
42.069827746968116 
43.06886563455188 
43.06895638792844 
43.07069564556589 
43.070702011723064 
43.0706957292338 
43.07071195617661 
43.07071196372151 
43.07070883503255 
43.06628433717739 
43.07069899886893 
43.068927248350995 
43.06893422788535 
43.07069595181856 
42.80680577537072 
43.07070865422307 
43.07070215281588 
43.06535554896649 
43.06896627785334 
43.070698823602 
43.07070865422307 
43.06894704540595 
43.07070856933294 
43.07072833047802 
43.06717674470185 
43.06714086117236 
43.068921215412466 
43.07066921875432 
43.07067971730559 
43.0689145211748 
43.0706532968335 
43.07072814119635 
43.06892496469454 
43.0688887560181 
43.07072120856335 
42.80679301328091 
43.07071512212563 
43.06894956421417 
42.80679799350043 
43.07072117466228 
43.07072166938421 
43.06805879617928 
43.06890811166215 
