44.21599589551823 
44.23769816898359 
43.95767332130757 
43.998575542561575 
43.69091776822925 
44.00131089585246 
44.01183332036763 
44.23762123218767 
44.233506759396555 
43.99493676463304 
44.23762160687026 
43.99112498156867 
43.99674330060892 
42.980749192809355 
43.99935424711558 
44.23778695214913 
43.99013796914291 
43.714953523728255 
44.224940624619904 
44.22353385919697 
44.23196206713485 
43.735329812351736 
43.96008949394404 
43.73786262563663 
44.23267459185104 
44.21649837710503 
43.733202648140406 
44.22005170404783 
44.197161135173715 
44.21849458522208 
44.0011896241114 
44.213754290937416 
44.238037988340686 
44.22707298311778 
44.20703451846493 
43.98099904314219 
44.23242084148806 
43.99304766876594 
44.013584346662334 
44.00867979256222 
43.99669546013915 
43.98058193462135 
44.2381775299278 
44.00443319790625 
44.22008883848802 
44.233499683907304 
43.99025498887551 
43.994979320204315 
44.21442895368622 
44.21250080271791 
43.98079151818895 
42.42890521238398 
43.70837109863744 
43.98512523364209 
43.97883678556228 
44.21596536007685 
44.21989115470526 
44.00525602710375 
43.98288749183009 
43.38199483431749 
44.23689143235632 
43.73072771022463 
43.00533973218145 
44.23061953929518 
44.22142916685689 
44.223152423468214 
44.23266195773623 
44.219814231742035 
44.0004566695643 
43.74271149816709 
44.219757137091676 
43.989109369189194 
44.23242084148806 
44.22372185009339 
43.99437652066695 
42.931269798727214 
44.23069036127621 
44.00078831738181 
44.22372185009339 
44.21962190967788 
43.38826023284734 
44.01349884182661 
44.20343332879928 
43.407032725530534 
43.98694625076055 
44.218235523485205 
43.73827753783384 
44.22096560210984 
43.992482616029676 
44.23450337064 
44.18517992080222 
43.97339415210057 
44.00492363816894 
44.2316946312495 
44.00744058627857 
43.98465188959533 
43.974017971698686 
43.99075298205888 
44.23784998814832 
42.40930339130027 
44.2208218991454 
