51.3218657530653 
52.567075700868315 
52.330253749878466 
52.565093844911964 
52.55650462503934 
50.75606371345604 
52.56316477487747 
52.566364059406496 
51.74334758869181 
52.564358833841396 
52.56703946240784 
51.34646909425431 
52.56843013516185 
52.07663261258394 
52.56238430352185 
51.75724638928737 
51.75024476613205 
51.33869542597025 
52.08030615334538 
49.762868063742694 
51.75492169487687 
51.75613787283175 
52.57099658054903 
52.57113260335057 
52.569108847687694 
52.57112666618493 
52.56975861978518 
52.565071680215205 
52.571135056335116 
52.57109781386835 
52.084075498607184 
50.744512509390674 
51.746888815780586 
50.75141809275914 
52.081197258751466 
51.74559363363119 
52.07842567982188 
49.744503633454244 
52.568360812046436 
52.56245647560421 
51.74907680360293 
52.564397940636674 
52.34494453219961 
51.757239326670955 
52.078487371383076 
52.0755496023101 
51.34495551957416 
50.76297109030574 
52.56711998775541 
50.758272493012996 
51.33731784909381 
51.75960648076543 
52.56034463590617 
52.56576054070516 
52.5670538959501 
51.337081371380854 
52.074765374139275 
51.33704693718195 
51.7606015181742 
52.341087858691765 
51.33409766505968 
52.07108542268586 
49.74445597701784 
51.75958403015806 
49.76305895858215 
52.56170003113496 
52.56574221229279 
52.334063397803234 
52.33880310505036 
51.76184841094487 
52.56243796780743 
51.754941867891006 
50.753759707305576 
0.0 
52.34485596216725 
51.74446004392553 
52.34177979793462 
52.5610700639325 
52.34565743815525 
52.56837156750668 
52.567763773325865 
52.56379096647936 
52.07652486017876 
0.0 
52.34418406555322 
52.34337585071729 
52.34565412621448 
52.071960905070505 
52.571082776672554 
52.571016660538454 
52.07847090917823 
52.571073841718786 
52.34100652389553 
52.34413410926186 
52.33786849797261 
52.56584484480474 
52.56842539428773 
52.07658152617805 
52.56507707306537 
52.07661054933003 
50.76054786292233 
52.34251618367567 
52.34101879053576 
50.74457941748877 
52.08196908834144 
52.564424688925435 
50.753745682777776 
50.76072517987087 
52.34490299537009 
52.56961512023024 
51.341735366651406 
52.08036013174183 
51.75722820091907 
52.34331565327661 
51.34481552509959 
51.33720167866413 
52.070894017099164 
52.08218241433515 
52.079403524737444 
49.762944999779464 
52.3434383371869 
51.340197825845365 
51.75952378307643 
51.3357052773112 
51.747986826953415 
52.08474099857333 
52.34645818839042 
52.34263876940251 
52.08127707143192 
52.56968051240722 
52.33101753495437 
52.347953292165215 
52.07756420926577 
52.566360603600124 
52.08313433082189 
50.75825291733267 
52.332575831958735 
52.3449260658126 
52.34252750203854 
49.75834202477794 
52.344929653491114 
51.756042306955976 
52.34250033769968 
52.5696770834502 
51.75838938053729 
52.55980393364705 
52.337195047084585 
50.76303695307918 
52.34331274859785 
51.34642727049777 
52.57103474281059 
51.75610153574479 
52.327916566632624 
51.749110631485415 
52.565687385105505 
52.34091480674297 
51.754934645897734 
52.0682933528089 
50.75596799582131 
52.34180317309683 
52.56830649649366 
51.75490013820511 
52.557787407280784 
52.561096498278864 
52.34335209351063 
52.570959120935704 
52.34401879286007 
52.34338090231878 
52.56637336575696 
50.76301518841811 
52.56769521190081 
51.344863179260436 
52.3371117919524 
52.34105076115503 
51.34174556450096 
52.56961781008198 
52.344135434003505 
0.0 
52.080286293304326 
52.567096328977954 
51.7526703175269 
52.0840148501081 
52.33872092197219 
51.75035447268191 
51.76297156621408 
51.754866605060705 
0.0 
50.762995012325185 
51.761834001894115 
52.08122814056776 
52.07844092460473 
50.75143201667583 
52.08223830178305 
52.07473506923849 
49.7631170469968 
52.07292337308671 
51.76302579943115 
51.759552539976326 
52.082202937803046 
51.73990665803167 
51.75943688690007 
52.083071016641874 
51.34650597011469 
52.57107780585837 
52.324758829412545 
51.33406655103767 
51.75485420892637 
51.7455683509511 
50.75842200298217 
51.759385506101175 
51.75484209475625 
52.33952759523047 
52.08222250336792 
51.76074681298464 
52.07574622308732 
52.080309636401445 
52.33024445056585 
50.760724113922876 
52.345684128411165 
51.74209319929798 
52.57105125084208 
52.565751203960716 
51.75724175000428 
52.08314094851529 
52.55977915944678 
52.335664580010125 
52.34647062101894 
52.569716457911355 
51.32943035822703 
50.75608718503744 
52.33562275017104 
52.56713163293587 
52.08208849244145 
49.73994437690518 
52.341026116093396 
51.76292753788326 
51.331122657132354 
50.755921023680045 
52.34250919937125 
52.563730089169205 
51.337177404845065 
51.74912716187305 
50.74674915018995 
52.56374499780301 
52.07935352817277 
51.76171557224198 
52.34413410926186 
52.56774840529283 
52.57109067032967 
52.56440464708139 
51.338587318597206 
52.565116703535246 
49.75845900477966 
52.57095168440516 
51.75606025221271 
51.74911774746614 
52.571123782456986 
51.76072022632464 
52.07946672864232 
51.340339694564896 
52.07750043358206 
52.07837416947562 
52.56572441561267 
52.34722672075209 
52.569754213493574 
52.56183859177757 
52.56839540484968 
52.56965859083152 
52.57108339214106 
51.76309049650257 
52.34640994905651 
51.34186446563812 
51.75958866045428 
51.758430844840476 
51.756090286147824 
52.57107905688224 
52.571099414426094 
52.562490361877636 
52.569773157655725 
52.56638987712009 
51.347997542156804 
50.76074021843831 
52.560483548731504 
52.33944983807352 
52.571114410515925 
52.084847178800956 
52.55781890984736 
52.34029806019131 
52.56311307753686 
51.75494462434015 
51.76300875462828 
52.34561932990973 
51.33247299287312 
52.07659238718068 
51.343386611598454 
52.34789438984109 
51.75828525506126 
52.3386624911263 
51.761923253656356 
52.57110393110544 
52.56902305857119 
51.752570886021296 
52.55785508322507 
52.07204817331817 
52.5711285017565 
52.56976693456799 
52.561805812827046 
52.33713952263551 
52.569653951223 
51.76061494089611 
50.751417891208234 
51.34336642955642 
50.74447004939902 
52.56441042833133 
52.08399305202173 
52.346503804324534 
51.7526292519312 
52.08122667143661 
51.7455093793973 
51.76182768102027 
52.567056543678206 
51.33101922242296 
52.56309361064919 
52.56832416745658 
52.084984698409286 
52.56710727224346 
52.56778174904322 
51.34646914095056 
51.75957255624138 
52.08405033478249 
51.75720262604449 
51.32470770025073 
51.34168745147085 
52.340318266850915 
52.565720409299736 
52.0710754205259 
52.336354983661195 
52.345730258936335 
52.33797162297032 
51.756005565986705 
52.34184290905333 
52.078485678020236 
51.75481312438172 
52.08027448432396 
52.33786849797261 
51.34184975736696 
52.56966681010664 
51.344868027911524 
52.0812396313756 
52.34332076275387 
51.33872392998946 
51.75032195974403 
52.07206783582156 
52.57113093087372 
52.56773244598149 
51.752629846858774 
51.33558969375135 
51.32781442891797 
51.74444121618435 
52.34566641893917 
51.33405815490692 
52.345593886489475 
51.74917252067437 
52.08123312417994 
51.34635224927379 
52.327887301815494 
51.34487862967935 
52.083113664621386 
52.34645556218863 
52.56967732371278 
52.08312057323558 
52.338709090870196 
52.072883211430664 
52.083937598967715 
52.34179818942859 
52.34025628017194 
51.75257365890316 
52.073913063547195 
52.078399385024355 
52.56573567583087 
52.33709017412136 
52.567097557325155 
52.557724307576315 
50.76063626932299 
52.33874619784029 
52.078464232190875 
52.339480556821286 
52.06458230489926 
52.0682959092462 
52.56505607457027 
0.0 
52.57105619029231 
51.33407903280334 
52.34344316645355 
52.07200104937705 
52.55779235557837 
51.33870542103923 
51.76185698321931 
52.07836226047173 
51.34338440038713 
52.083069308492306 
52.0812084980117 
50.763103837059084 
52.079453584375564 
50.74918910200782 
52.56974686407315 
52.34181170584078 
52.56446514807327 
50.73278519187715 
52.33795487149864 
52.08210884920138 
52.075704515683356 
51.75608944370653 
51.34028526282821 
52.564461578332335 
52.56635151824508 
52.338765976846034 
52.56695987434523 
52.56711725195191 
52.56514285643415 
52.07750016762703 
51.34181488568965 
52.33097403506074 
50.74221412361293 
52.08403636339846 
52.34570285132482 
52.07853175605567 
51.3279025911404 
52.563099267957206 
52.08309609437895 
52.566993559240764 
52.55581844496779 
52.344141060860906 
51.745767053918804 
52.556527912135635 
52.07759225020829 
51.32770924628123 
52.341836568274616 
52.071966914072725 
52.343373966860106 
52.57110802529561 
52.0766584391344 
51.75723975027905 
51.337193635025685 
52.082177911288 
50.76297797744677 
50.76063626932299 
52.078497224186165 
52.337873622651664 
52.08218180220616 
52.56043150265894 
52.344142578662094 
51.757225675824245 
51.756010635605556 
52.563744903551196 
52.082246476705606 
52.56641809858749 
51.75377041953134 
50.75838446093827 
51.75139917118425 
52.08315329213958 
52.56245480889218 
52.338657099741695 
52.34180227442629 
52.56971260787191 
52.565076063534946 
52.3395079055101 
49.753678805186595 
51.33874839562075 
52.34331730137257 
52.34411724720827 
52.07761453370938 
52.559755485909406 
51.33403616723409 
50.75824506190152 
50.75607647482749 
51.74798696298052 
52.08212316727268 
51.75837186379812 
52.348033097984946 
51.344896036384434 
52.56050866027399 
52.0794236455121 
50.76074699467532 
52.34570215265707 
52.56968192514834 
52.56312661432992 
52.56641962960517 
52.340283101752796 
52.3386994176527 
52.33556211769047 
52.33100314279885 
50.755952718592674 
52.08307459193459 
0.0 
52.082134392139324 
50.75837572008444 
52.071994724168874 
52.334908019629005 
51.75727172245122 
52.34494379459145 
52.347940423019416 
52.33564786379289 
51.334120060541565 
52.56979851374586 
51.33100190119428 
52.07291192220556 
52.33093550984336 
52.07836480306907 
52.56634790236834 
51.34800976677434 
49.75382633012333 
52.566343104709254 
52.56704569349072 
52.083099376295834 
52.56909902589688 
0.0 
52.33325222249306 
51.74797923200768 
51.343411533292375 
52.34180051270714 
51.747965574779926 
52.563062128407324 
52.07755933449232 
52.34177102342274 
0.0 
51.749148460329145 
52.56841324517373 
51.74680599177549 
52.34491448040042 
50.758318393078376 
52.56827713735668 
52.57106727761738 
52.565130553396465 
51.757293876173506 
52.344929536745994 
50.75603273410194 
51.34469032950151 
52.078486471606766 
52.343388783733126 
51.332511797540924 
52.5691017250504 
52.34254169044397 
51.33876551377984 
52.56825756240908 
52.06917270245796 
51.75719209514667 
52.56772341325167 
50.7491205405438 
52.07193518354182 
52.56706668317649 
52.07475740709108 
0.0 
51.74330282021633 
52.07288895531047 
52.34406544429745 
51.329476645292566 
52.06908709977477 
52.075648342001436 
52.34493993016881 
52.33949945146206 
52.344944598935385 
52.56701189176729 
50.753759707305576 
52.5683476454984 
52.34565438342729 
52.34258671372358 
51.76072027325143 
52.34562327078579 
52.074810249669554 
52.3456366787104 
52.341833359559125 
52.084934263095974 
52.56043975687371 
51.73997047373413 
51.75374645397572 
52.080253559159104 
51.759577880430534 
52.33786849797261 
49.74449072497575 
52.0812620192163 
52.569716457911355 
52.34186927849454 
49.75366515241263 
52.074810249669554 
51.75262948875171 
52.564372152232586 
49.744517966046935 
51.76070941330118 
52.56972622452778 
49.75366827643191 
52.08123972260014 
52.341065582426396 
52.560426457548424 
52.08314127017877 
52.5631444274535 
52.336319906960625 
52.3355014737018 
52.559835300570676 
52.071058260406474 
52.56574837997459 
52.3426050584191 
52.345722009948766 
52.34724419404909 
52.07839607574973 
49.74462396633288 
0.0 
49.749151876247566 
52.56168877222712 
52.56710910332042 
0.0 
52.08030632192823 
52.075655723447845 
51.33242307918777 
51.34027782892073 
52.55978849392623 
52.5577831936667 
51.75491587795552 
52.33793479908941 
52.071955393173766 
49.75846078121998 
52.34259896347083 
52.569663823957974 
51.331032072715416 
52.56971921124423 
51.32951841182684 
51.75372059669034 
51.757110050595294 
52.080365116739706 
50.753759707305576 
52.344827104082036 
52.344191883040985 
51.7571730647238 
51.75833588402828 
52.335649116266005 
51.34338745389801 
51.758373325426504 
51.761933186003986 
52.34493057659212 
51.348073014244 
49.749151876247566 
51.75956928150222 
52.5671010243735 
51.75954615721528 
52.34178223676115 
52.07558003926968 
51.75943048261324 
52.34104011520528 
52.555076304110955 
52.5658236919686 
52.34171381621872 
52.08309610602056 
52.3456254699161 
52.34560062449086 
51.34340239334145 
52.33870206721812 
52.082264908285715 
52.344977845970774 
51.76289839918191 
52.571086980753634 
52.34567217046281 
52.5649599373135 
51.751544288429706 
52.346448333922325 
52.34172392156311 
52.080237022332334 
51.343327547102966 
49.749151876247566 
52.55718202799652 
52.34024659235561 
51.34181773706066 
52.325618916506194 
52.34336208902025 
52.34093163236359 
50.742213365300465 
52.56707526528888 
50.74693207230542 
52.075545156920185 
52.080295027841245 
52.56908096530625 
52.56770696889217 
52.56840846620842 
51.34649341414085 
52.078407539425555 
52.07936510137039 
49.762943321133534 
52.33099113807674 
51.340201358375054 
52.563788337640744 
52.07370500845691 
49.74912210982611 
52.077443353401314 
50.75151916989299 
52.07850578964753 
52.56239271387642 
52.56771150295902 
52.56573814080487 
52.08211104924667 
49.735300295126635 
52.082112864733276 
52.34412196176404 
52.342589888946904 
51.75608625441903 
51.32796054903376 
52.344830503254215 
52.56826620715059 
52.56969577689295 
52.07758103445773 
52.08496763138878 
51.34644681409006 
52.57097425900181 
52.345695601645026 
52.08120620157221 
49.74912210982611 
50.756165461956506 
51.75024797164604 
51.758251135116325 
52.57103941644584 
52.07854358052737 
52.0793621336101 
52.33791000973146 
50.7468825373242 
51.33857843611283 
50.74678460070006 
52.556465781300304 
52.56839195389554 
52.08405633477294 
52.084010653699536 
52.567717189562224 
50.735249017347044 
51.759536964759405 
51.3433822033023 
52.07197042524778 
52.34334671907152 
0.0 
52.34412621735482 
52.56971563583398 
51.32630887603036 
50.75149883059545 
52.34413458926434 
51.33714832025742 
52.08211104924667 
52.56242986881716 
52.56573814080487 
52.08212765943824 
52.34107275460995 
52.34568657914715 
49.75382633012333 
52.56838847617839 
51.341863970668335 
50.75370195483437 
52.56702441039012 
51.76070931214378 
52.33784525002852 
50.76306528289155 
52.08314094851529 
52.08317657322121 
0.0 
52.08028809003166 
51.33722163759136 
51.34485422643023 
52.07934342359291 
52.34028176296821 
52.3410225513128 
51.75493741079593 
52.07936956979702 
52.07939822510967 
50.73977499732213 
52.33948953340291 
52.06910763820073 
52.08034326572541 
52.07384489732675 
51.34335142953401 
51.34027044714 
52.0784694049907 
52.560455590616044 
52.34407364100194 
52.332511360195795 
51.343342425132214 
52.5644285974491 
52.07105274201906 
52.56311282037996 
52.560455590616044 
52.074762149932475 
51.758418213103184 
52.56638868312956 
52.073771959770696 
51.309183097321366 
52.565137840849374 
51.745658003480415 
51.74905149160525 
52.34250425245565 
52.08124647667167 
52.565085557225956 
52.34010337532392 
51.75373777213912 
51.7607723625672 
52.56644884112649 
52.08128433559239 
52.5684005371083 
52.08121905153437 
51.75956766490553 
52.33254438121274 
51.756173796493954 
51.75262385322523 
0.0 
52.07857430177949 
51.754878466808066 
51.75490824637668 
52.084977871350574 
52.33717842775674 
52.3434204030886 
52.56506130125664 
52.34331274859785 
52.57113271414202 
52.571048268265315 
52.34653341670921 
51.33727309698369 
51.75842570192232 
51.3387655264142 
52.57096639746065 
52.34725113027104 
52.571130838630545 
52.34413009616769 
51.74572944423593 
52.57103690317957 
52.56166286717415 
52.34336613165678 
52.569770646716684 
52.34490191320199 
52.33876792260664 
51.75256396195237 
51.32938643427084 
51.75487149327943 
52.56705747075814 
50.75602123861742 
52.568419391568746 
52.56839772885675 
52.564471984358725 
52.34724518556053 
52.07849772068878 
52.557814013966784 
52.33558713168419 
52.571103795412526 
50.75849576950415 
52.33869944925338 
52.571071807899536 
51.7596060154409 
52.34262466596892 
51.3340638677672 
52.34251572051889 
51.76075316889563 
52.34256137847927 
50.76278159933191 
52.557722993648994 
52.34022607153526 
52.33558713168419 
52.34022738171573 
52.563032208059404 
50.756077870851165 
52.340335210128494 
51.3370932382539 
52.340976481972874 
51.754888933102286 
52.3464938253558 
51.76297156621408 
52.07287738887309 
51.75955473209972 
52.08122047766674 
51.762959937136635 
52.33871583172792 
52.344855960765166 
51.74678433208345 
52.084890951877284 
51.76073822065012 
52.34414843769963 
50.75610991444356 
51.334062476639964 
51.756083656252954 
52.34336229418342 
51.750279249847345 
52.56379536473129 
51.75960346179906 
52.07755870592196 
52.0792756034504 
51.341812499897436 
52.080300831647605 
52.34335503347781 
51.762917651512446 
52.34181170584078 
52.0745962079804 
52.56182538213395 
51.760716812456806 
52.3426571973199 
51.34335142953401 
52.56570674997999 
52.08215598045328 
51.75835852014521 
52.07663269575139 
52.337230246667204 
52.080326990625395 
52.34326357443096 
52.074655094378954 
51.752453933869496 
52.074702454536165 
52.0784397739627 
52.34335931866269 
52.077517354081216 
51.75255670671991 
51.75367479081243 
52.07850374150517 
52.34259657600657 
52.33802233653995 
52.3440588095239 
52.568366878567026 
51.76307473417603 
50.763103837059084 
51.33554520422524 
51.3386257943745 
52.345738311563046 
51.758411399275126 
51.75258494435322 
52.344806530619444 
52.57112606560979 
51.3341970187304 
51.75832903192426 
52.343336899425495 
52.34484880801148 
49.73047261926742 
51.760652801868986 
52.55373753745868 
52.33863958005841 
52.34338375951512 
51.758391684751615 
52.33950717725012 
52.070912996261384 
51.75486187898349 
51.33573300279134 
52.08501015305575 
52.3456935211356 
52.34491662547422 
51.75725491845725 
51.33405271423427 
52.56509912550943 
52.07841741227889 
52.073819728707285 
52.569748718291024 
52.08309455930372 
52.56706929040853 
52.07658383157184 
52.556514888340566 
52.565132415965984 
52.57111821701374 
51.76075314563403 
52.56841879099789 
52.569714513889544 
52.56372657821844 
51.34497622507161 
52.34567668097133 
52.335612657960326 
52.348069500430064 
51.760662144795425 
52.567013580651924 
51.34028526282821 
52.565745429582094 
51.34330146667725 
52.34174373514693 
52.57110346361615 
52.083867610351746 
51.75365072227975 
0.0 
52.345649916322905 
52.33644972490742 
0.0 
52.0775406859586 
51.75823399527588 
52.336413504846114 
51.75261544398029 
52.344929295453774 
52.0802858163452 
51.756103885960705 
52.34417740682893 
51.75943183479845 
0.0 
52.06736297305478 
52.075689461965524 
49.735132942348855 
50.75380215958564 
52.078507817441846 
52.344906643732145 
51.754919045864135 
51.758392388559635 
51.32936196191662 
49.73513959423148 
52.34646622956383 
52.56972737119785 
51.337231973577126 
52.56964524821326 
52.08210831420354 
49.75845675251111 
52.56967884874767 
51.75491173585276 
52.3417470776417 
52.56976891159299 
52.071975929834736 
52.347293355379875 
52.566393996213925 
51.760721208296836 
52.340912245370376 
52.56705011878917 
52.077499183011916 
52.569758092575626 
52.07476991601401 
52.56379887156465 
52.07845093733554 
0.0 
50.7467165613192 
51.75832708427411 
52.07752742295157 
52.07933812391605 
51.75839859262312 
51.76301995510923 
51.749130133265574 
52.07942934500588 
49.75843903544156 
52.57099688817901 
52.56641810524737 
51.34801335995081 
52.5710236067052 
52.5604512764547 
51.75956920609343 
52.567772965924576 
49.76304087542626 
50.76299499002724 
52.33793765688149 
52.07840802619216 
51.33565732001976 
52.07107171679863 
51.338747216704675 
52.34490795436181 
51.74567243220835 
52.56245405029245 
52.078507817441846 
51.337152253173095 
51.74809062625267 
52.56309788237136 
51.74683722783511 
52.55771198565483 
51.75249306455205 
51.3433062351228 
51.754873510751345 
52.564372026087575 
51.757172966506694 
49.75847519065284 
52.56041978821435 
52.56513756812191 
52.081133422114526 
51.33095958190806 
52.56113020465058 
52.07659613024558 
52.56370189550971 
52.078461794024676 
52.56177563026767 
52.07847515859218 
51.75379197007061 
52.34490280793104 
52.571025253385315 
52.56844031664164 
52.082188411567834 
52.56312745708154 
51.75723193510191 
52.34802027453348 
52.341043935545876 
51.76075769645958 
52.570978333995775 
52.08306637800277 
49.735072808945816 
52.336401266116866 
52.56171874734261 
52.55831634237834 
52.08030933574469 
51.75956544798944 
50.75834807156092 
50.75834107030324 
52.079351109072604 
51.75724045307221 
52.34335931866269 
51.760574938855996 
51.75496761809254 
52.56571440203575 
51.34028229442815 
50.75614326150205 
52.56691440535656 
50.756130093531354 
52.07663022394198 
52.56173101042369 
51.75950855783887 
52.56911943507927 
52.34332864311208 
52.077443353401314 
51.34032578374146 
52.56778174904322 
52.34567928392874 
52.55783325842853 
52.34176640264396 
51.75378192168548 
52.344163532074624 
52.34643702083018 
50.74674637965287 
52.07937503188046 
52.569705704291316 
51.76075314563403 
51.75375019822529 
52.084858590729255 
52.57104770559921 
52.56241412754497 
52.068278367668945 
52.07936510137039 
51.73850839879842 
52.07850039524641 
52.07652145537343 
52.341053248152726 
52.08115809886829 
52.083025984959605 
52.56965070313721 
52.56976941289843 
50.75385003405713 
51.7571912335099 
52.344935684009585 
49.749034767852805 
49.730458345449364 
52.57108258677239 
52.07384489732675 
51.34335142953401 
52.07661245433155 
52.5591430321708 
51.343356234886 
52.079438235732994 
52.08121031616908 
52.56971460926273 
52.56843421839856 
52.56308741807185 
50.76055227832541 
51.75250233747463 
51.341730851364176 
52.56369962431306 
52.064530424079614 
52.0793186467702 
52.335646632808 
50.76308257813854 
51.76069026184356 
51.756120615185864 
52.563709585194296 
51.346298338663466 
52.3471837051783 
52.34024267422146 
52.07569990214925 
52.07755017157599 
50.756084077031474 
51.76063853819125 
52.34251618367567 
49.75382633012333 
51.347988080691486 
50.756115779793355 
51.34343001438463 
49.762868063742694 
52.07568763947124 
52.07653833612328 
52.33723150862744 
51.760731413822874 
52.34106160933872 
52.56575256203339 
51.343356234886 
51.341864366807634 
49.763090223212245 
52.079428259728196 
52.34648899902436 
52.57107201489574 
52.34107363717561 
52.5578189634632 
50.75608710924719 
49.75834202477794 
51.34476947417461 
50.75613765483538 
51.34796784435575 
52.56841574168899 
51.3448471824636 
51.759554462819224 
50.74688325841257 
51.762935250747 
51.754922184119195 
52.56111336144327 
51.332405671465786 
52.34568468575322 
50.74689605178495 
0.0 
49.7582812928444 
51.33872512456774 
51.752507979904564 
51.334091005718314 
51.33564525074705 
50.75147118023186 
52.557741238118716 
52.34179511895887 
51.32945695260311 
52.07845798035178 
52.334828457000455 
52.347210006198665 
52.340226350123295 
52.34414996598401 
51.758418213103184 
0.0 
51.753824057853755 
52.3456249885394 
52.33405758019887 
52.08314094851529 
50.74451213534425 
52.56629256278423 
52.34645556218863 
52.57107201489574 
51.344857212035194 
51.747964768914 
52.56979851374586 
51.332602917626595 
50.75369608584374 
52.07754822311394 
52.56698073873641 
52.34244833099765 
52.564334582634395 
51.76306983282071 
52.341831510519725 
52.5623843571178 
52.07384774971805 
52.33875663487849 
52.34565812412545 
52.34486544244118 
51.34338487727479 
0.0 
52.07571932355411 
52.34562240995977 
52.34106519495164 
52.563697882881954 
52.57108258677239 
51.76184864321072 
52.078489353759736 
51.33879070343057 
52.56175798271659 
52.565033026943055 
51.75493470864499 
51.33411786420142 
51.75724991787935 
51.32788093859408 
52.08218846758156 
52.07104719379027 
51.761937534051995 
50.763046543668274 
52.083064030459056 
52.34411706068789 
51.34016248109454 
52.56306918108751 
52.07471644260972 
51.334115264264824 
51.33562638650805 
51.33723761081519 
52.33949410468689 
52.56510352801559 
51.75256256685731 
52.563773389671475 
52.565690635418136 
51.34490857605304 
52.34645514118777 
51.34341044158854 
52.566359149079204 
51.33398419757539 
49.763117379640384 
52.568411582743046 
52.339545453028705 
52.07652301405143 
51.756021513556625 
52.56499795840932 
51.75260415206556 
52.07857728994814 
51.335713930563806 
52.56438298896373 
51.348057409591334 
50.76069929210101 
51.75478736305224 
52.3480201246898 
52.34339168831084 
52.568462046094595 
51.760713430151945 
52.34184596749198 
51.3247960815607 
51.760636843329216 
52.08022999582244 
49.763116857479105 
52.34415729104673 
52.34551180786581 
51.758416968865504 
49.75382633012333 
51.347988080691486 
51.34643592139362 
51.760763644431854 
51.34804241966477 
52.34415764009881 
49.748961937922736 
52.0766183816036 
52.56639467725943 
51.760703460501965 
52.08124706641571 
50.7445129005589 
52.08309259327801 
49.75841427267801 
52.34340000801191 
50.7536702036405 
52.34485596216725 
50.74451213534425 
51.337079204751994 
50.75842351368746 
52.34725229002701 
51.75958154711255 
52.571081379667284 
52.34418045792938 
0.0 
52.56700905360598 
52.34486020247888 
51.34799837316958 
52.34099898047716 
52.558515371448756 
50.760709969093156 
52.562487034582816 
52.08033908610617 
52.07847749466007 
52.07572969483013 
52.347998386952426 
52.0784302653569 
51.74448524644727 
52.56436288393996 
52.33333319123588 
50.75369287545385 
52.566452382958296 
52.073902217785665 
52.32409563373227 
52.56168113237174 
52.08312330060139 
52.06916526040713 
52.56501647234699 
51.75954722696843 
52.07013911812735 
49.76309915225511 
52.08409969876119 
50.760724113922876 
52.34103934406053 
51.753831817068374 
52.5710624392542 
51.75496893775721 
49.74927200887599 
51.76076458915303 
50.749033926569844 
50.74192407910302 
51.757256312708684 
52.33942610916634 
52.56776808769912 
52.56697964501318 
0.0 
52.56707705853078 
52.333355360655595 
50.75142495715762 
52.56905295233461 
52.347990605542996 
52.5697359036565 
51.33412969092591 
49.76302604458222 
51.33568521073833 
52.0757078179143 
52.347269257515514 
51.75496893775721 
51.33405883661522 
52.34107432644494 
51.74911710564706 
51.347895349025805 
51.75031204537494 
52.07939862156905 
50.75618917934186 
52.346462663054446 
52.08211436588165 
52.06923395905912 
51.33416913356162 
52.08405827272796 
52.56447056691476 
52.34254738156362 
52.34182998949136 
49.763090982739975 
52.34484508646151 
52.56840751691766 
51.3447213107939 
52.345681912025675 
52.33719874792977 
52.068290997596286 
51.75614132463771 
52.07665320995479 
52.55915360476439 
52.57099547454862 
51.34330284726857 
52.336374492141495 
52.344073719762605 
52.56702005487922 
52.567035686962875 
52.34257088316833 
52.563763490960305 
51.75830386758579 
0.0 
52.569732116988405 
52.33566790915115 
52.07288802226646 
51.75135815461364 
51.75480968338704 
52.0793993805446 
50.744549269689685 
52.340342545782605 
51.32645177558246 
50.76299468718116 
52.34571882089306 
51.752502146686524 
52.34645379469788 
52.338732389900855 
52.343307785260286 
52.34248245030733 
51.75021270593829 
52.5656800791287 
0.0 
50.74908443152786 
52.07103461678424 
52.07658739282649 
52.07936649385867 
52.34727334687903 
51.33722613267109 
52.56767955926386 
51.33724288327919 
50.75363338651477 
52.07570089924215 
52.347946003126026 
49.73058196150333 
52.33408119337246 
51.760687264759994 
52.077450228255856 
51.34181019831991 
0.0 
52.56575955089281 
52.56043793063672 
52.34412970356922 
52.07840031700089 
52.56697581261051 
52.08219551312973 
52.078468793778306 
52.07109654386772 
52.34255839647833 
52.0803105132917 
51.75835674635797 
52.56706029609944 
52.56840517410573 
52.338661567573645 
51.74914848553298 
52.56699710955226 
52.34104034876968 
52.34262450833075 
51.343411216861945 
52.3371854395613 
50.75606101351915 
51.74785685288573 
51.762975015049456 
52.567042567908906 
52.06454829403603 
52.080365839625 
52.340250185763054 
52.346435117499816 
52.08121959099788 
51.347914938232464 
51.327812185428215 
0.0 
49.75381387363545 
52.5676280289339 
52.081139110453186 
52.3448534849086 
52.0840315365094 
52.083102968888994 
51.75610195279445 
52.34727645644732 
52.57103833125514 
52.08117228788109 
51.34789564405269 
52.340308123751946 
51.341755167027074 
51.75262185218514 
52.08215593560933 
51.74678416050477 
51.75134273025803 
52.33873745349604 
51.761835400785884 
52.34575017868223 
52.344803768571154 
52.340175503503936 
50.763103837059084 
52.34412948353909 
52.34338312960115 
52.05978041726194 
52.55916132648354 
52.33714270059339 
52.33795210599805 
52.55844270187806 
52.565069216863954 
52.56634628946385 
51.33713955865473 
52.34257644392146 
51.75491126676323 
51.757216189043795 
51.34342701623008 
51.327911914740405 
52.33945162790337 
52.080357817416605 
52.3440973711332 
51.75825819368577 
51.34338245570886 
51.75382397921792 
52.08216676143522 
52.34488756050074 
52.56697574446073 
51.75258186845617 
52.08032670928095 
52.08221566654986 
52.34643645548746 
51.34487643674942 
52.33952297751796 
51.33398653108116 
52.569625132168206 
52.345531213666725 
51.74792488590204 
50.7630909931379 
52.56978765486166 
50.758346609866436 
50.751468100338954 
51.32785531001719 
51.3417222905737 
52.56970236193662 
50.74215252369216 
51.334038600281175 
52.34404641000241 
50.76301518841811 
52.341018734443814 
52.56505360193909 
51.32624337194645 
52.33954534279208 
52.07741493821417 
51.34645390326573 
51.75610018696854 
51.754961248231446 
52.339482971823315 
52.07750325260008 
51.33404956470955 
52.337101284454995 
51.74681170269564 
52.565109898703156 
52.561848946760065 
52.343270669238024 
52.56174279105211 
52.343237300875366 
52.34342275502492 
52.340349723689684 
52.34102185901916 
51.32783627472298 
52.55899925024058 
52.341686289226814 
52.345662129688236 
52.078544762031086 
52.569035006958956 
49.76312106571754 
52.07934834226199 
52.07103358645477 
49.763103255768485 
49.7584438007923 
52.07842070552587 
0.0 
51.348077223111815 
52.56244756811286 
50.75612297058087 
52.07845869367588 
51.75714988963949 
52.32792974218566 
52.56441068351249 
51.343370113996485 
49.753841391811314 
52.33794170787389 
52.075683447925776 
52.335637354707046 
52.07650475802646 
52.56969415200792 
50.76067243102643 
52.563066643538036 
52.3425858572037 
52.33247810718086 
51.75844540541437 
52.34720227025569 
52.56377115347705 
51.74685152618282 
52.34567744936553 
52.56971410584758 
52.07281231996438 
52.569780451304474 
51.761896912430124 
52.57110837888523 
52.341769310241766 
52.56114115981751 
50.75370034297098 
52.08030786383075 
50.75827961668342 
51.75268367865705 
50.75384895476399 
51.34632793168765 
51.34482745661754 
52.06546554571711 
51.75714268175628 
49.75847415245591 
52.34321715682329 
52.07391214969987 
51.341815716602746 
51.75148699815612 
50.75845979499673 
52.5657394328835 
52.343312890277524 
51.32628200062051 
52.56171686945723 
52.08035757892151 
52.33717790236547 
52.56566100553174 
52.3341409539009 
52.56692895305306 
52.568377964387246 
52.569705912640885 
51.34322423938846 
52.5697391430971 
52.34650507301482 
52.569727864040026 
52.56709301996429 
52.07845393262543 
52.56577431050258 
52.072906114184484 
52.339501003248515 
52.567109232753836 
52.0720476791309 
52.56438319184309 
52.34249647030153 
52.07932574500679 
52.34565842401355 
50.75350469494171 
52.34323917486863 
52.34028312351975 
52.06835209636554 
52.569764138266315 
49.76298560990146 
52.337884382659176 
51.73859809855161 
52.329278424561465 
52.34185907188121 
49.758146395956985 
52.344837788295315 
52.33877965578147 
50.76062176384494 
52.07292434441848 
52.33485104221686 
51.34501658773652 
52.340282858365526 
52.080300482483395 
52.34418146640598 
52.34483465347156 
49.7304617923995 
52.07939688726628 
52.342542463813764 
52.33572882442443 
52.571046648950386 
51.33570421141618 
51.747890741699436 
52.55844639959276 
52.56838679678976 
52.07763238652599 
51.757158730972925 
52.077485894921246 
51.763006129025044 
51.75609984503919 
52.07755679410391 
52.56373808456049 
52.33019588308436 
52.33864095019758 
51.76185230034475 
52.571049232932744 
52.56169463787239 
52.08219061605912 
51.33718328981043 
52.34184450500937 
51.75606981149937 
52.56773458599082 
52.082200205565 
0.0 
52.56511713650806 
52.075622132754404 
51.75147896704276 
52.33092471592069 
52.07190300931298 
52.56184115562013 
51.34642727049777 
52.5677202632419 
52.569111068898685 
51.76300814687303 
51.74791391926701 
49.749153199051534 
52.08220437848297 
51.75730806493485 
52.07936360883792 
52.343346487866995 
50.75835529269584 
52.077531367516364 
52.56695355498357 
50.75610808079473 
52.078508958439365 
52.08214096742899 
52.565784347533715 
50.755899134145636 
51.75492966333376 
52.078485449964674 
52.33247121939062 
52.07373072485222 
52.56711171987656 
52.34803564766816 
0.0 
52.33711498596552 
51.76300878444681 
51.75713155086946 
52.33329826518048 
52.07753225290669 
52.56570371504439 
52.08311453011556 
52.56575258500513 
51.33557037437326 
52.0830626221857 
52.56045276354872 
50.75819337401858 
52.57102490284261 
51.75606478704297 
52.56637246807956 
50.74460018625171 
52.56645977933474 
51.76192716853458 
52.08399873700628 
51.340290313279674 
52.080335559183695 
52.56842384917768 
51.73873646326405 
49.753888134370435 
50.74668909928381 
52.5643909672311 
50.749172371536424 
52.3425864053149 
51.75151297762045 
52.56908515594872 
52.343241912315996 
49.73047261926742 
52.569742421068185 
52.34184434531902 
49.753604092718184 
52.33332295654832 
52.341852403677116 
0.0 
51.751415966214545 
50.760724113922876 
52.56432116994302 
52.34331512160917 
51.34034509989685 
49.75844268131393 
52.08213561148476 
50.76070342164938 
51.757263191151814 
52.331820995778564 
52.08222150187424 
51.75267723728823 
51.32794000526546 
52.5697338662447 
50.74451265356742 
51.33567828768423 
52.34488311110052 
50.760724113922876 
51.34344452352314 
52.56180668550944 
52.56972196024168 
52.57108274463381 
50.74683136687753 
51.747949889731984 
52.33559628583661 
52.57090123838503 
52.56974964626865 
52.56308400292612 
52.34559344243151 
51.75837281277803 
52.0747538788085 
52.078456749247465 
52.33254844855096 
51.34024519598316 
52.57090123838503 
51.75718396436153 
52.3402188828261 
52.34108492505635 
51.74918845746958 
50.75834785630699 
52.34019884222557 
52.34188366405438 
52.072000519736974 
52.57107157417251 
52.07842608226565 
52.56446661100585 
49.76311953173674 
52.33951842508457 
51.758428954336026 
52.079261167904825 
52.34182489655802 
50.753655220596016 
51.75268227491973 
52.562413999492456 
52.34248976324269 
52.3417976765325 
52.078485449964674 
0.0 
52.344831412616365 
52.33561410733216 
52.561760854627174 
52.342613448268885 
52.079407410819336 
52.56172810691091 
52.34643645548746 
52.332564305758424 
51.340290178250264 
52.33482705699022 
50.75843823338914 
50.75841523564979 
52.0802845949629 
52.34490395856865 
52.34329589249833 
51.74905072131966 
52.56311788150731 
52.07105562795621 
49.753841391811314 
51.757267388374196 
51.74911710564706 
52.567062199471394 
51.75835671705663 
52.32791392404556 
51.33565219967193 
51.751304955758435 
51.754877098512345 
52.341136910860726 
51.75831244842729 
49.7584567053149 
52.56311788150731 
52.084111166833324 
0.0 
51.746806004806906 
52.07940370995642 
52.56042071149836 
51.75496487697208 
52.567112911960564 
51.338669691884775 
52.341062760220964 
52.07293942432194 
52.07571828298379 
52.07848069149372 
52.071920801911546 
52.56709735884583 
52.57097381015887 
51.75959548340427 
52.33713454259369 
52.07292941353465 
52.563772970944584 
52.07388465824299 
51.34334859526817 
51.754987244980754 
52.33952449426216 
52.340255028466 
52.07749694741728 
50.74439166557901 
52.56767835629398 
52.56970081429834 
49.7584438007923 
52.08313578887499 
52.339546453009774 
51.338671021672724 
51.76295414163413 
52.33795976586425 
52.34649206100444 
52.08489745141479 
52.08499500772431 
49.75832436068829 
52.343127513430495 
52.34800969479419 
51.338690971814046 
52.08313151446742 
51.75952426749827 
52.07748972928076 
52.344882618662815 
52.07480514493233 
52.08314151357599 
52.072803090328044 
52.568457799370975 
51.75952840877979 
51.751369658138316 
50.75384211365395 
52.34259127044877 
52.078468191342644 
52.33714533324811 
51.32313352494374 
52.341814798563966 
52.34489225095418 
51.33874553105456 
0.0 
52.079337837397546 
0.0 
50.75844371501632 
52.33558731103365 
52.5644248463694 
52.56174201346503 
51.75020480989427 
51.75960758170529 
52.34024340680069 
51.34803771526702 
52.082116602566934 
52.33869165464918 
51.7595891189962 
51.752612436478415 
52.07746986083198 
52.56834965624926 
52.33865658415677 
52.56846001648306 
52.34099371714054 
49.7584438007923 
52.07649464591025 
52.076527916963805 
52.08308552941743 
49.739885921751586 
50.75616882770995 
51.33711850077885 
52.083997772941224 
52.3356330809154 
52.08498943068296 
52.082225695586345 
51.32783627472298 
52.07565503904261 
52.55778790779744 
51.338829342582144 
50.76072517987087 
52.56236668898093 
52.563137532283996 
52.34710865782103 
52.33721904032545 
52.559717841658255 
52.57103689929114 
52.560442586907115 
52.57109269488906 
52.0803785837602 
52.07844182881285 
49.76308931810267 
52.34557426385619 
52.56838585928857 
51.747831622260634 
52.075772848621035 
52.07659660743377 
51.3341601860353 
52.34177950878853 
52.565680737285874 
52.07841480611493 
52.08036561611756 
52.08222150187424 
50.753574938939074 
51.338764177441895 
52.076589680459776 
51.348073014244 
52.34795191661116 
52.07381755872121 
51.758405479141715 
51.76066017245555 
52.34419466017915 
52.34564159857092 
52.33645992206062 
0.0 
51.348032946562405 
52.34332255113927 
52.34644886676844 
52.57107279166871 
51.34020813433754 
52.56052563445411 
52.06168877318765 
52.07752018461593 
52.33879928081709 
52.3356330809154 
52.565747128123945 
52.33492747817687 
51.34025496049514 
52.33174358695284 
52.34715987827734 
51.7607207198055 
52.34637080690161 
52.333303982491614 
51.330806403945054 
52.33868981186408 
52.57105335323478 
52.344094606259645 
49.763105906822446 
51.75264557308328 
52.34645865054676 
51.744473801851996 
51.76073995088685 
50.75390920154403 
52.34646216444724 
0.0 
51.75148482130904 
52.34571907126132 
49.75837019778505 
0.0 
51.754942822889795 
52.0673554663295 
52.33943128502006 
0.0 
49.72135872541955 
50.75838575380186 
52.07474931741185 
51.751426096764135 
52.569691088778136 
52.56510049000308 
52.342580833022396 
51.34805161645342 
0.0 
52.56969031702053 
52.34570622261103 
52.5671142054536 
51.337221084770874 
52.07477699058951 
51.33874598552991 
51.341801627251385 
50.76078978924723 
52.083154494230655 
52.56833994992193 
52.33798314344589 
51.75606684522124 
52.563776995523185 
52.57101460441115 
52.07666472498774 
52.56772858615232 
52.34259144896864 
52.081141325470746 
52.5656739081898 
52.07288441226707 
51.34642727049777 
51.75375692339796 
52.07464331785417 
51.743408030793354 
52.343344908529495 
51.341755167027074 
51.76070214684471 
49.76304636661455 
52.078541279440735 
52.55905012566388 
52.33791481236688 
52.076545705844 
51.75483220778591 
52.07935374660737 
52.34411762595656 
52.56050850716054 
50.75841181991178 
52.341814702881024 
52.07852799800598 
52.078520585247034 
52.0793951677351 
0.0 
51.753719075042305 
52.57095884527942 
52.08035383969749 
52.345618993081054 
52.557156947414335 
51.348018421791735 
52.34028504755327 
49.763121827942946 
52.34571907126132 
52.08306015078802 
51.753804961997126 
52.56576925295274 
52.56306601073908 
52.33721605321165 
52.34487759386202 
51.75264092208698 
51.34024140721879 
52.08022402049243 
52.08312325389186 
0.0 
50.74910744149866 
0.0 
52.5590890457705 
52.56309200416855 
52.34569202874337 
52.56444344728412 
51.74796093517426 
52.07844407189385 
51.34173579448533 
51.76292275350772 
51.753816126219924 
51.330881697210835 
50.76073833760251 
49.76304707757496 
52.079296648572566 
50.74661223056976 
52.075711891145836 
51.75839527935078 
51.33560076261404 
51.749066463591106 
52.08311812293727 
51.75487146586148 
50.74206342140736 
52.56711725195191 
52.08398657366264 
52.57102050107081 
0.0 
52.07474707525796 
