41.01833353534755 
41.922287970476695 
41.075650338500886 
41.91943566238332 
41.41318112036014 
41.705545904020255 
41.89986573830799 
41.91063324625416 
40.026479195898276 
41.903520433104845 
41.928806874811585 
40.69907677755284 
41.42716559967983 
40.04296381969374 
41.091586511887826 
41.11620375362542 
41.40470574234693 
40.09968270568638 
41.70307878843595 
0.0 
41.676614697864885 
40.693679069221766 
41.92886332096829 
41.935046425626574 
41.934444840731636 
41.93509700866337 
41.92974882223446 
41.910904206504675 
41.93514321883957 
41.9299826050638 
41.42428029531024 
0.0 
41.90146409752709 
40.044622176233844 
40.708645833619684 
41.04487884457499 
41.90321130046062 
40.075844075486515 
41.921310213793184 
41.91100259970451 
40.11504872510818 
41.420319798159504 
40.68363096005408 
40.06577367447893 
39.07582727401451 
41.102687852330774 
41.1037032449649 
41.41887089904095 
41.693667928911005 
39.123020141796566 
41.67697026957542 
41.41816766027105 
41.41051683074838 
40.63808855788476 
41.69053797488951 
40.676960787470996 
0.0 
41.10252253716598 
41.684029246562304 
40.645377719492416 
41.61320004705406 
40.70937326538648 
38.99282928670267 
41.43027219008791 
39.1091687014412 
41.4391014727976 
41.91544116069949 
41.067522506599715 
41.68245968225439 
40.709195098688774 
41.89005430522575 
40.67604640055076 
0.0 
41.419466589253794 
41.111218573424765 
0.0 
41.91715567044431 
41.42906885655839 
41.89926699716079 
41.90390521119843 
41.904895654142756 
41.693162001644716 
41.39075103217674 
0.0 
39.10918701631909 
41.423630919655 
41.695284545965485 
0.0 
41.93423085760316 
41.93380511343899 
41.67728167397807 
41.934402492518075 
41.42933188169936 
41.69309204256454 
41.87794995335423 
41.93497567046823 
41.93343038829922 
40.67507848799135 
41.419989532069565 
41.41046727116644 
