56.64761883964466 
58.96397645641786 
56.63228239018874 
59.216320207624044 
58.96558564790459 
59.22390656446748 
57.6448691096732 
58.96930309135635 
56.66377731375751 
58.22012932255955 
59.22138708101298 
58.25550037282758 
58.660935033739726 
0.0 
56.65363193626321 
57.64488528153676 
58.17906074205752 
0.0 
58.629086173896525 
0.0 
58.22270540678912 
57.67226922330196 
59.231908818761426 
59.68066451488934 
59.670191217334924 
59.48611035390299 
59.22923333492486 
58.229539864887336 
59.68062252227235 
59.46104426729726 
57.680534593340155 
0.0 
58.22270540678912 
56.62626559632757 
56.58799390264254 
57.604635274907416 
57.631638613572214 
0.0 
58.954481362236336 
58.223908379657026 
0.0 
58.241425177896126 
0.0 
0.0 
0.0 
56.599284499136765 
58.242079783179946 
57.631638613572214 
58.2241982734724 
0.0 
56.64762988198916 
56.6700108484588 
57.661027365908744 
0.0 
58.94787849954101 
56.631959888988284 
0.0 
56.58732178674214 
58.22523114175653 
56.65348325376713 
0.0 
57.63982502439717 
0.0 
57.66858518791194 
0.0 
58.964454200211975 
58.64265769362409 
57.63690782398229 
58.241425177896126 
57.658142944134795 
58.21811202557178 
56.631959888988284 
0.0 
56.64278424388491 
56.59986051483276 
0.0 
58.634703998533574 
58.618156798337495 
58.243235777349184 
58.975881461845326 
59.47887418308499 
58.965145157487086 
56.636148861784385 
0.0 
0.0 
57.65053681273229 
58.98695688454162 
0.0 
59.46580602533453 
59.459551690590736 
57.64791613820089 
59.22621046655159 
58.97560081661428 
58.24874727785255 
58.22586829605298 
59.46843595595845 
59.65832983315523 
57.593105138199405 
58.60833221588759 
58.23471383164925 
