0.0 
45.71904691337948 
46.738399536069124 
46.440728048977626 
44.178917255470935 
46.704439669512865 
45.01064705561143 
46.95728303688968 
46.67269074720851 
46.710000418442256 
0.0 
0.0 
45.57310324984311 
0.0 
44.17140263147919 
44.206789745857165 
45.18365559309326 
45.10625894719479 
46.702859178863186 
45.736285662828806 
45.10183833437979 
45.03943718032654 
0.0 
44.206869429385435 
44.02733051818261 
45.665258275903255 
46.111327520470894 
46.87643549462491 
45.151225323276535 
44.14328441965079 
45.67387656626115 
46.98429337164935 
45.588864131218 
46.4575727812461 
46.76443015627119 
45.68478870378842 
45.638716463057705 
46.42442777004796 
45.19537579446586 
0.0 
45.68082971682703 
45.667551630746736 
0.0 
44.192863982362915 
0.0 
46.34747139722344 
0.0 
46.45410619463119 
46.11350301560849 
45.61064658666266 
45.60280738938816 
45.005427220680936 
46.093906798455926 
0.0 
45.597387699610714 
46.41113849902639 
46.447335051988944 
45.66184625919276 
45.14667136791235 
45.06159977378412 
0.0 
45.699324139058646 
0.0 
45.130764443490236 
0.0 
46.77317316499864 
46.71030828841913 
45.687370794177546 
45.770896215143374 
44.029469023952174 
45.16160869392476 
0.0 
45.089111075230655 
43.8162044705163 
44.142016277940684 
45.66055987781949 
44.81816986686954 
44.04276716060089 
0.0 
45.057283384874324 
0.0 
0.0 
46.42540966893314 
44.1256828983785 
46.09315847361023 
0.0 
45.18884217928608 
45.671137218893854 
0.0 
45.108105571571286 
0.0 
45.72061805569412 
45.09842302138206 
45.64564620070848 
46.12164109268646 
45.63363493954388 
46.9220607388954 
45.67348503714655 
45.6496083180673 
46.09431442799198 
