48.691900469500254 
50.767893552475606 
51.57710324742103 
51.35180093560668 
50.766532514129224 
51.57554354904962 
50.350241365679715 
51.577135722546245 
51.5755350380877 
51.56297065810534 
51.074657016734236 
48.759504703858994 
50.76636977086983 
0.0 
50.75078316658179 
48.73890458619571 
50.75597002103581 
49.746631487875504 
51.574664647193906 
50.35181148007379 
51.08204599349564 
50.3309899705255 
48.77053494682306 
48.73317307465498 
50.75472475892899 
50.35355856229609 
51.087135018141836 
51.578445253415204 
49.76780393642645 
49.75483341664739 
50.76774500638178 
51.57860148784633 
50.763680456169794 
51.0881493552223 
51.575584277953 
50.353660012091325 
51.090204045932104 
51.344168496153884 
50.34853286106011 
0.0 
51.07880348504917 
50.76776127427076 
48.739341620784295 
49.72567746168132 
51.07880732153892 
51.35011507606047 
0.0 
51.57555833586015 
51.09242478517278 
50.770344953443384 
51.350193745319906 
51.081910053878275 
51.575552025767095 
48.70787715979252 
51.34145149736204 
51.57250188770401 
51.57257796655298 
51.08598371955876 
50.75735006275004 
50.75096255148312 
0.0 
51.562939125398884 
48.744593010629686 
51.07887272757786 
50.34325360705825 
51.57043833990117 
51.57708171501632 
51.08298341309015 
51.57339440114775 
51.079816452084415 
50.34165046388625 
48.77050571118284 
51.342330275027315 
49.75231944032945 
49.762630756315374 
51.347516721910466 
50.737811467998924 
48.765050873285816 
0.0 
49.7653343002668 
48.754899444217315 
0.0 
51.57705677456545 
50.34332746760275 
51.35194686939772 
0.0 
51.08507155182258 
51.34581196138794 
0.0 
50.351922848797976 
48.77052983952329 
51.090245688240884 
49.7650526923809 
51.07888313871438 
51.35195021932169 
50.7678596312137 
51.57851307339432 
51.35096687963154 
50.75066285706513 
51.34673474899595 
