41.172104716229654 
41.216398755431335 
0.0 
41.245988530206226 
41.44237997620361 
41.45974958972586 
40.86676694443489 
41.18119668282143 
40.888896496957365 
40.91394456869433 
41.171308520597954 
41.47112890233003 
41.4889438530611 
41.22945472712506 
41.48131858894301 
40.496467412044865 
41.18256737003074 
39.8919634518015 
41.518173375904475 
40.84133048698794 
41.73811492500221 
41.71955591590218 
41.463644090737255 
40.89359071628226 
41.707263275735436 
40.422385732199345 
40.914180624575195 
41.70456139602848 
39.915619993713236 
38.93351108734238 
41.20161181915564 
41.513314304872196 
41.202980286314315 
0.0 
39.92483512831589 
40.90740906397605 
40.474579367220265 
39.84841831850196 
41.21735018732138 
41.212935807581815 
40.474156226594864 
41.467265132888315 
39.88281872814187 
41.72301415646689 
40.9083253743291 
40.49427350637493 
41.688438107872955 
41.238314170460505 
41.74360084516659 
40.501420141285394 
39.904951689800235 
41.719186962081274 
39.87653616052549 
41.255038209171886 
41.498438980368405 
38.88276228907589 
41.74444853109097 
40.9206992598737 
41.46040682184496 
41.47016334424851 
41.22476103866971 
40.91006556570643 
41.49407465103599 
41.24225406962959 
41.73388031006097 
41.71974117915496 
41.71911751988015 
41.72820834953915 
41.73183957911893 
41.5048315959199 
41.221413670920775 
41.70020917723851 
41.23270242524771 
40.50768994116366 
41.2153742658885 
41.724212458805866 
41.74390345953852 
41.72857827985566 
41.74401389178952 
41.48213275449982 
40.92900995246326 
38.93484958520993 
41.225662341875065 
41.48970053025027 
41.744126772720094 
41.484621815590074 
41.48239806632374 
41.20294905751697 
41.71396378109158 
41.501591533247996 
41.25040173422723 
41.23072075782793 
40.45341097000476 
41.244566341071454 
40.90831866433827 
41.71643132095674 
38.884496068765436 
39.82358110567445 
40.921772212119855 
41.743611216074086 
