0.0 
51.087141398809024 
51.33806502876107 
51.57544823951128 
50.35370697245304 
50.32756766153704 
51.35020808350829 
51.576965181025145 
51.57257601393495 
51.5755392730171 
51.5770181411745 
51.576898876057655 
50.770483863843914 
50.35201409524022 
50.33436991599927 
49.770324536746514 
50.76523431619193 
49.76527636832931 
50.34327360181842 
48.76011300953812 
51.08810021687738 
49.757423079931755 
48.7705280793397 
51.5733550638047 
49.76231857357713 
51.5711308987084 
51.57862898729145 
51.5771515758274 
51.08811860006596 
51.57708641478636 
51.56810891352277 
51.35272720922008 
51.576993820230214 
50.35204985274369 
0.0 
51.09241060619202 
50.34323502564783 
0.0 
50.33966085126866 
50.34484176258171 
48.76529449283319 
50.75987799833695 
0.0 
50.75221010900847 
50.344994709617644 
49.76253104722322 
49.74725107898424 
51.3474961299753 
51.35021050764683 
51.34929870132797 
49.770308595420126 
0.0 
51.56652207291131 
50.351985729541674 
0.0 
51.07556831432921 
48.75459673705129 
50.351832857106935 
50.34988139767373 
50.344688683940866 
50.33609545426931 
51.35013242714839 
49.759956622821214 
50.35358172983521 
50.345086381230935 
48.7705280793397 
48.739303194797586 
0.0 
50.3291726009109 
50.33458857445017 
50.32407818121824 
51.33197208799843 
50.76648750214694 
0.0 
50.76627120292631 
0.0 
49.76530391864383 
50.344994709617644 
49.746674524507256 
49.762651202985154 
51.0830571366888 
48.76527865765776 
49.757533620682956 
49.72054271938813 
50.351832857106935 
48.77040302873322 
51.57257779263454 
51.084000057808815 
51.08800763582353 
49.76780330691188 
0.0 
50.74865717288087 
50.355346638623764 
51.57333125178538 
51.35100922786032 
51.57412453668462 
51.563477627213295 
51.34923421746598 
0.0 
51.08815393130267 
