42.20543771874026 
42.9610855676401 
43.22441085458357 
43.22707064740929 
42.639932112832135 
42.22620913900751 
43.22707097429738 
43.22707698000262 
43.227058622804854 
43.227070825178856 
43.227071008362586 
43.22706725975107 
42.641248582218836 
42.9611003905513 
42.961111550149795 
42.21757059981948 
42.95068742328545 
42.212453557153665 
42.96004198313616 
40.63599857753812 
42.9569142655431 
42.205506218630234 
40.64115706947456 
43.227067738658775 
41.641234456819085 
43.22707707405378 
43.22707744696841 
43.227071294737904 
42.96005209065299 
43.22707120412739 
43.22703047910099 
43.22707744735936 
43.22707122324357 
42.22448490927056 
0.0 
42.962139352827904 
42.94234781381638 
0.0 
42.2138867031745 
42.64121557643302 
40.64125334859459 
42.62814992548597 
0.0 
42.62673685813442 
42.6282854174558 
42.6386557291769 
42.222658060162395 
43.22532229530788 
43.22705876742897 
43.22707075094553 
42.62177222792864 
40.620494211528936 
43.22697840658277 
42.63475114267726 
0.0 
42.96310633437425 
40.615085199853155 
42.22615903404148 
42.96006428046858 
42.953622633722645 
42.226121364555794 
43.2270649832588 
42.21234714819938 
42.63863774595721 
42.95902003759845 
40.63595848028401 
41.64119740528608 
0.0 
42.64112398021095 
42.63854959354949 
42.637252809570825 
43.227058444322346 
42.95898274660671 
40.63087342875093 
42.63863591925694 
40.620436248248026 
42.22099682530021 
42.6282854174558 
42.95379899210419 
42.226171387603785 
43.225353578453586 
40.64125334859459 
42.220898839465285 
42.63475652876985 
42.22615903404148 
41.63596114767017 
43.22707106347523 
43.22533454565913 
43.22534041151611 
42.21236000495884 
40.63609164716949 
43.21829861215436 
42.63996432709684 
43.227058589567676 
43.2253253606128 
43.22705260854259 
43.22701982736143 
43.22534097537127 
0.0 
43.22361540558318 
