42.22272086915686 
42.960060489360735 
43.227071068551695 
43.2270707941291 
42.96108118796123 
43.22706459360339 
42.63218008584662 
43.22707123891971 
43.227061524580115 
43.227070951812344 
43.22527301472667 
41.64122321131704 
42.63864572721513 
40.63091106494262 
42.95898259390115 
41.62290030906704 
42.628177516482495 
41.63598011484099 
43.22705097112745 
42.636025711862 
43.22273939061748 
42.63988128525259 
40.635980446734514 
40.59366033183222 
42.963154606780805 
42.636048829244515 
42.96211299620833 
43.227077045829574 
42.2210294723492 
42.210649297500126 
42.641238290282196 
43.227077414401755 
42.962138337278304 
42.96211668116625 
43.227064718576045 
42.63736491482768 
43.22534688499877 
43.227077089183496 
42.639926408317216 
41.62305066291239 
43.22356269977341 
42.96004902960548 
42.19479601919743 
42.62286228231757 
43.2235935238254 
43.22707065905882 
0.0 
43.227070842726434 
43.225353753169315 
42.95904191993952 
43.22705864906731 
43.22534090084881 
43.22706453347174 
41.62812023246628 
43.224425325561526 
43.22707072516295 
43.22704325760038 
43.222734920012286 
42.63990356200241 
42.63730491733699 
40.62556437965819 
43.22707116628837 
41.63860960799525 
43.222693104612794 
42.96001590098026 
43.22704025114375 
43.22707738074056 
43.2253254385574 
43.22706191477193 
43.225340604777976 
42.63859532957545 
42.219216749927085 
43.22533502814741 
42.93608015384173 
42.63474669771605 
43.22530591656023 
42.95694424376777 
42.220918648039536 
40.61512651221577 
41.641225485701746 
41.63860890502291 
0.0 
43.22707095915933 
42.634640116109026 
43.22707732367265 
40.62571266205476 
43.22447480481888 
43.22704597190865 
40.573285898928795 
42.953791377759316 
41.62309473550895 
42.96315887532387 
42.219222881634906 
43.225244516556685 
43.227058703641625 
42.96110007662556 
43.22707694140818 
43.22534101915198 
42.63988128525259 
43.22356000651906 
