0.0 
43.068930791459906 
43.067173236489886 
41.47682921128891 
43.06718924573399 
43.07072132100785 
40.48480767172291 
42.05747642755758 
43.07068883684928 
42.484836690066366 
42.06982100552924 
43.067154403520796 
42.48476918804744 
43.070676266336115 
43.067189687560585 
43.06445655290839 
42.47956077592308 
42.479561816255675 
43.06895025206545 
42.06982177561395 
42.80679803737266 
42.06620401111726 
42.4808430276944 
42.79829435578889 
42.79927519384754 
43.0689363909899 
42.80575596256182 
43.07072134041032 
43.07072811897919 
43.07071492574071 
43.070647086900244 
43.07072830458404 
43.06894995166531 
42.804674343824914 
43.06894352996969 
42.068071999322676 
41.468951953521525 
43.07070181223932 
42.80361557428486 
42.47553484046522 
43.06891785581423 
43.06890165766686 
42.80675084691033 
43.068953476112945 
43.06628452256843 
43.07065708879324 
42.80677391716768 
43.07071819951752 
43.06892102335154 
42.06806520530988 
43.07072763262667 
43.07070843095827 
42.48220139885932 
43.06005138555344 
43.07071854475828 
43.07071823051937 
42.45276891505371 
43.07067632146948 
42.069815203221275 
43.06889864637927 
43.06806458632619 
42.48351018900702 
43.068013784307276 
43.06716692307045 
43.07069545957001 
43.07070907746238 
43.070698581009594 
43.070727813208734 
42.80469340227147 
42.804670583837215 
43.06718603187347 
43.07071463524493 
42.80362333755269 
43.07066642316604 
42.80675100539796 
43.07072805554214 
42.80468974524616 
0.0 
43.06091243038183 
43.07070855930414 
42.4768725127961 
42.80469789349702 
43.07072174875424 
43.07071821286002 
43.070721580413526 
42.484851308810775 
42.80146446351364 
42.479402499190975 
43.068940627229296 
42.484821670913554 
42.80042238932324 
42.80459718751122 
43.0689378497783 
42.4795225430767 
42.48487025670686 
43.0662837424672 
42.8046668487114 
42.483529387924925 
42.79400795164633 
43.065300527004084 
