43.69097417862057 
42.993020612850415 
43.730706483913586 
42.422796417536304 
44.234349472964745 
42.96355677930298 
41.37951843715522 
42.39199830003555 
42.95972838735293 
42.99333481073733 
43.011266671839024 
43.369331248883114 
43.97840962033054 
43.74090878947006 
43.42253281706846 
42.4220810431855 
43.725881862899826 
43.6963308907 
41.427410502685284 
44.230025003578874 
43.3665761170602 
44.23423943194529 
44.22524932295725 
43.40667298609031 
43.99331775304598 
42.98795423085225 
43.72337216557901 
43.422971104087644 
44.21997453865214 
41.40310383269856 
41.41662736327483 
43.718857098112544 
43.42241201713666 
43.415967531309335 
0.0 
43.976488865122604 
43.73724647918029 
41.3805495215267 
43.69835070948513 
43.97636686580588 
43.01364103555784 
43.38228981365266 
43.72298474535397 
0.0 
44.21945804049848 
43.7332297481613 
43.40601638986254 
44.00522560603888 
43.73555886069141 
44.238027415987204 
42.97617936830968 
42.983856858362266 
44.001320212273406 
42.39820299771007 
44.01048184036668 
43.40436425070697 
43.74013251386999 
44.2382363868112 
43.418911018881076 
43.40108154044455 
42.38436765208859 
43.73957940516756 
43.011266671839024 
43.99509025489905 
44.233857032923254 
44.23438567201403 
44.190391804725024 
43.9970143859221 
44.004695136167044 
44.23430173140459 
43.42897772786766 
44.00482228869365 
43.96808728803093 
43.40719870572926 
42.41025838101776 
42.40404912330887 
44.22714575238225 
44.23788126167542 
44.230636371053635 
44.234608103257294 
43.73095782966256 
43.41291285705834 
42.428478809280456 
43.742725051232554 
43.740041605893175 
44.238154506260095 
43.74004729414948 
44.21418751396551 
43.73100186579126 
44.2250622531017 
44.22349544282206 
44.233554467255466 
43.735186935646446 
41.379359077031125 
43.992563496617855 
41.42765813737352 
44.22293707426316 
42.39670901523595 
43.72846071130977 
43.422741197136176 
44.23796784797931 
