52.571029179641094 
51.75494995528663 
52.34032584881365 
51.754968198679165 
52.56505555329804 
52.344867166563205 
52.34798958389504 
52.56978209546873 
52.5683764720995 
52.34333166313222 
52.568427189453715 
52.3418856437315 
52.33943790739047 
52.080334604793336 
52.56976874986001 
52.56237161963558 
52.34259660703935 
52.56839247059045 
52.559094238165365 
52.56976169551467 
52.57108082769836 
52.56705879430643 
52.34799315195221 
52.07850802738696 
52.561149217340706 
52.34650182745602 
52.566440655362534 
52.563104563975976 
51.34331747241849 
52.344983199286965 
52.34802773676947 
52.08221015498383 
52.56310501866357 
52.565662629649786 
52.34414694481103 
52.346459071758595 
52.56575081963814 
52.565093618428 
52.569750372150764 
52.34264130902177 
52.337919413391326 
52.56576833185252 
52.34102011841622 
52.56843845535503 
52.07762480267812 
52.34388269204067 
52.56379557796735 
52.569750103673904 
52.566340221589435 
52.08313565999896 
52.568382338233555 
52.34108997384787 
52.566373311970516 
52.569736161378664 
52.57111228400164 
52.3395509924378 
52.571053907874536 
52.56842141469179 
52.56768324844833 
52.56570264916315 
52.06735642197963 
52.07932100947372 
52.342547010772996 
51.76075312123113 
52.34723005632686 
52.082121312248525 
52.33490364953474 
52.34416818672931 
52.335600263430806 
51.756133644362905 
52.57104053180914 
52.56098254586474 
52.564468437313195 
52.08311806842621 
51.34496526409825 
50.75820640284677 
52.56716122298892 
52.34651181004951 
52.344904789027666 
52.34259619301968 
51.3402789687031 
52.34418676054633 
52.566324870858914 
52.56769345310805 
52.34110623256146 
51.75378626351375 
52.34492902891084 
52.56975230646211 
52.57105930107051 
52.57104467567082 
52.56306266614621 
52.56711134766986 
52.34098037359847 
52.57104573089071 
52.34027602104949 
52.571079804807454 
52.56893528465631 
52.56511416981016 
51.34640741352149 
52.563678123526834 
52.34481870795137 
52.34647642888129 
52.569807788028015 
51.76070547111921 
52.567062855364185 
52.56308614724738 
52.568991989507374 
52.57091398250157 
52.340946628212116 
52.34408806728707 
52.56438037417772 
52.562432377077066 
52.34486654155526 
52.34644471820196 
52.34185846484374 
52.564979237344716 
51.761812342213844 
52.33647271731328 
50.76299193686847 
52.56971496690468 
52.341038497559765 
52.56507717429769 
52.56176426155971 
52.566367830011586 
51.335637220444326 
52.074801137508075 
52.34186469585767 
52.07747972593118 
52.57112285539528 
52.5697840892075 
52.568378421561896 
52.338689720952644 
52.56964421562623 
52.342626904427064 
52.56566591839313 
52.56907590694376 
52.3425597786001 
52.56963690461441 
52.56966370586486 
52.077542356544754 
52.345734001582024 
52.07653773733903 
52.57107181377236 
52.08124728568008 
51.761796431561805 
52.56176292206095 
52.569728024468986 
49.753854587770945 
52.56842249073498 
52.56961120638016 
52.569736727183695 
52.34637111487645 
51.75252113315284 
52.08495140414471 
52.34259003221483 
52.34411278832854 
52.571048398660395 
52.07749917063168 
52.339486407123005 
51.761954907309864 
52.34416736224141 
52.34339106820839 
52.56307371256886 
52.34717819640855 
52.567700147464386 
52.56509019694627 
52.339542033566396 
52.567021909576106 
52.078432796398225 
52.569760611113466 
52.07661727674871 
52.563809292675415 
52.57108023522835 
52.3472631637322 
52.56837834504665 
52.56961292859792 
52.569059263953676 
52.56970719061923 
52.08298962863152 
52.33942851986749 
52.56033236309345 
52.075676473329935 
52.56048255766667 
52.345698597868804 
52.07198481558019 
51.76073454464299 
52.57106586569172 
52.56972778081656 
52.347899948884034 
52.34337067218184 
52.56513166754492 
52.3462946383422 
52.3449421176981 
52.07476465271592 
52.56980347544556 
52.571073007409986 
52.56710692385155 
52.34719106600652 
52.56967423594203 
52.56510459947251 
52.571109563871204 
52.08310089396116 
52.345595091784304 
52.562393409215545 
52.569689312557365 
51.7548524671326 
52.56968211852457 
52.56835808196492 
52.08033427059746 
52.34408314009465 
52.56308257730354 
52.57111666356517 
52.345611133087225 
52.33940531220378 
52.33639242040335 
52.56838518663778 
52.344104138797086 
52.33406442189039 
52.56707448046746 
52.56306267155379 
52.56577511750002 
52.33870399206469 
52.56979169723098 
52.07562645603919 
52.56444575473172 
52.566398540593035 
52.08121382692868 
52.56046925264303 
52.568377041630555 
52.57108911767104 
52.34328001012051 
52.08498810066324 
52.34338581344855 
52.070121407655655 
52.56383593301329 
52.569596531758286 
52.344081459493566 
52.077454020528585 
52.08128540405309 
52.567087828960595 
52.567771549371805 
52.569749206166314 
52.56759479291323 
52.56970688825541 
52.567656014726325 
52.082142339202235 
52.56838043074041 
52.564362847643345 
52.56509012952042 
52.56966200066264 
52.56513141039801 
52.56568094083029 
52.34654478557186 
52.568392648926164 
52.57112217021993 
52.56171443920528 
52.56503742480682 
51.338675013515505 
52.567744142638276 
52.57108761590854 
52.5710863583703 
52.56838092280632 
52.56186865946301 
52.341816077487735 
52.34636808500444 
52.34021074529599 
52.56181419871237 
52.34263416379038 
52.56762843671015 
52.08120530555311 
52.34026228777926 
52.56569459320322 
52.565846985344955 
52.34803670034078 
52.34182221517201 
52.563799498446286 
52.569627369989995 
52.34652086061519 
52.56449989511182 
51.34799297675224 
52.345701151584166 
52.34651270572407 
52.341792676088325 
50.75820640284677 
52.57099424032775 
52.57109130527991 
52.564445140107516 
52.56510610959944 
52.56569659958153 
51.74426848378066 
52.569656171426004 
51.75609314340897 
52.567802339794206 
52.08033033182276 
52.34565337291857 
52.56305838951266 
52.342613349288634 
52.56431566221288 
52.3394770850278 
51.34018638062394 
52.34410921358524 
51.75611470819263 
52.569719180801414 
52.342567884426806 
52.081226470077645 
51.34186469165239 
52.345639890324534 
52.56969950044448 
51.75828118633277 
52.57096044808544 
52.33798937101401 
52.55839128556786 
52.56644195416064 
52.56711237849916 
52.56576596431691 
52.07747103756241 
52.33715203392211 
52.34027710888859 
52.559102449443486 
52.56443021237232 
52.561043931262155 
52.56771854316744 
52.56364400662273 
50.75378913810155 
52.075644465146894 
52.341774472273954 
52.56839140636674 
52.345595735545025 
51.7351285369686 
52.568284085988125 
51.752581642945586 
52.567802339794206 
52.34109949419368 
52.565790666513976 
52.57108674848211 
51.76182307689531 
52.56831808004717 
52.56305797061025 
52.571074119957416 
52.56573498454482 
51.76078005035584 
52.571082831443235 
52.57095333166202 
52.56312907196109 
52.56177575160414 
52.344834676540266 
52.34805216602731 
52.56902056215924 
51.75148758455598 
52.56504798767221 
52.5697630968738 
52.56710629024355 
52.56969929853366 
52.076630289139636 
52.56571989086782 
52.3441328169209 
52.569085099615904 
52.56241776072546 
52.34725709309482 
52.33801552598881 
52.56368366398287 
52.344876333571634 
52.081187218079805 
51.3464493908634 
52.34027602506559 
52.5657353554527 
52.344830573582364 
52.34637851959448 
52.5697612252399 
51.7526234744798 
52.566999656607784 
52.077541305466994 
52.563016494292086 
52.569718875848935 
51.75838036796215 
52.345604250735875 
52.56975158877692 
52.56448727464766 
52.57105723787922 
52.07944924490786 
52.568455741866295 
52.07195835334788 
52.57110480139666 
52.34189433510135 
52.565081969902 
52.07755211321612 
52.56845724380885 
52.56577631946166 
52.07099583313064 
52.0830739505477 
52.5663983185359 
52.564331065445494 
52.08034907921673 
52.3464814641525 
52.344151242949835 
52.569737860737725 
52.56905691760644 
52.565776938881726 
52.571129493102475 
51.76187027520793 
52.56641635758267 
52.34648494033434 
52.56243967014419 
52.56302979171112 
52.569675067324425 
52.5663450511975 
52.08129891102003 
51.760727172495734 
52.08386680103628 
52.56380536975006 
52.571072039025516 
52.570990836981096 
52.568394148705714 
52.56846616071545 
52.56842016831354 
50.75368518168255 
52.569691074735346 
52.077521831256924 
52.33868778731119 
51.7572120286107 
52.561133880516 
52.569815630870124 
52.57105504162433 
52.34568901389649 
52.56513246558164 
52.07755082516408 
51.75720322431344 
52.56051071411753 
52.080380622584926 
52.34565728218057 
51.75375197421294 
52.33562404284589 
52.569732416405095 
52.559806238694065 
52.34099301459204 
52.342527893227434 
51.7571239497565 
52.56971872139043 
52.56833751316787 
52.56981411547066 
52.08128602046332 
52.34723191372458 
52.08034193615584 
52.08033032247544 
52.345634524721646 
52.08400547055998 
52.57101363239107 
52.56708218189076 
52.568945643978644 
52.57100112880608 
52.34178275433088 
52.56979220244978 
52.079423465117046 
51.754914480324516 
52.340173640212235 
52.34415610737012 
52.56375513573546 
52.56568851849225 
52.561093230884026 
52.34335220166004 
52.07851192960878 
52.5617388147817 
52.34483989731071 
52.56707211488903 
52.56970809057413 
52.56441307395662 
52.56828393813006 
51.341809122787886 
51.75836386918097 
52.34491736706302 
51.76293283287606 
52.56375545540294 
52.570991808966006 
52.56839431378105 
52.562988376487795 
52.345709505505404 
52.57105665991485 
52.561150164668426 
52.57109509071494 
52.33649096473305 
52.078492501505664 
51.754985815477745 
51.75713492798929 
52.34719165663638 
52.57107991288527 
52.56972452401628 
52.07473403459008 
52.34646103801403 
52.34165971469045 
52.559148765071434 
52.56839436484318 
52.571022031671994 
52.56239362819058 
52.56369814206402 
52.57097769403727 
51.76299052060659 
52.56710168513413 
52.341100557203376 
52.56971496690468 
52.567111008771434 
52.56909953481065 
52.56645341552535 
52.57109973885922 
52.56776858063179 
52.56774416546773 
52.565729362262665 
52.56313219583976 
52.56436605812859 
52.34643586358598 
52.34264242777481 
52.34341697257288 
52.56961029272705 
52.34636152593452 
52.571091176740794 
52.07755275731661 
52.565727604149544 
52.346415722073644 
52.3410470069736 
51.74786899725766 
52.34559660551271 
52.34178768240281 
52.57106987001087 
52.0812254594708 
52.34487163252102 
52.56970319778272 
52.57102125595776 
52.57103023683696 
52.34723710856367 
52.344090542238206 
52.34329607750382 
52.56839694912984 
52.56965047409377 
52.34633270641286 
52.34642140145408 
52.56701529440681 
52.08495984086327 
52.56961951841725 
52.07195292271664 
52.34325088423189 
52.34642913533795 
52.571079165542244 
52.346421172449496 
52.5684426687166 
51.75380492480462 
52.56576438718287 
52.082230462728376 
52.57102637932992 
52.56904758606524 
52.569728053670126 
52.56847908619363 
52.571071353575604 
52.34415514557585 
52.56513704297415 
52.34789067800579 
52.56701446251176 
51.75834664424729 
52.56440051278027 
52.33946001744609 
52.342542119135 
52.3417724389599 
52.56707686843243 
52.071012612898585 
52.57108277034694 
52.34805076491301 
52.07565592265987 
52.33714065896418 
52.33943223566686 
51.33875385906438 
52.56440117399949 
52.342636250866775 
52.5696557812613 
52.56709235368042 
52.56975078235178 
52.08123506043185 
52.56432008916134 
52.071012612898585 
52.347992743838454 
52.33411599305556 
52.08308968388127 
52.57102310610757 
51.75949834051666 
52.34251915973731 
52.341856552705664 
52.56841394247269 
52.56566424009093 
52.55909218179074 
52.33172367425611 
52.34022159288718 
52.571044806129315 
51.76188266744271 
52.340233917287826 
52.566367830011586 
52.56446191509789 
52.348054481602055 
52.34325270258881 
52.08119224930506 
52.07661291333845 
52.56708164500529 
52.569064746431806 
52.342525699844074 
52.56370242719923 
52.34718339612979 
52.08407041880392 
52.56838968289613 
52.565768732191756 
52.563787710091134 
52.56833523891375 
52.565123454136774 
52.08298075365427 
52.34564564160957 
52.07932778274622 
52.57105897242636 
52.56841105976151 
52.08219943486536 
52.56899543334859 
52.56977129698669 
52.56304897829979 
52.56711234072661 
52.565083965322316 
52.56640535994737 
51.76070894711605 
52.56167775642613 
52.080257205300356 
51.761893089219924 
52.567750459370394 
52.565004504900024 
52.565805688965085 
52.56114755501217 
52.07758226705971 
52.56574561936003 
52.571033001737675 
52.560497107885624 
52.344151375781955 
52.331615559593644 
52.56642493738084 
52.563666033119254 
52.56714769553969 
52.07757333323476 
52.3432980763254 
52.34255723925352 
52.56768310504578 
52.563098650198526 
52.08217260969092 
52.57105771528829 
52.569749074242246 
52.56977287335599 
52.567071843048375 
52.34490330105771 
52.34723685590964 
52.56241345377254 
52.56971460077452 
52.34411393973918 
52.347939688982734 
52.56368066976691 
52.33945470951882 
51.75374334868481 
52.07931924932371 
52.57103403742748 
52.571111750351655 
52.08294820497263 
52.34567585528259 
52.56235756924158 
52.08211657381116 
52.33639552288183 
52.07478207137179 
52.559807185279254 
52.06354114285748 
52.56634474309925 
52.56512958897596 
52.57096797185505 
51.76180953797763 
51.76070348952584 
52.57110015812754 
52.34181882510777 
52.33871429772998 
52.56249350149835 
52.569721684566815 
51.34490029694125 
52.08215656815328 
52.33950411700013 
52.5683458903182 
52.56709048532703 
52.08035409525972 
52.5697339352349 
52.56704043407832 
52.5710170682986 
52.5677056948891 
52.569710683531355 
52.565134691896255 
52.08031097723639 
51.344769528349644 
52.56829736575247 
52.07297347017882 
52.569722105519766 
52.33950406731982 
52.34645626293767 
52.56303241776431 
52.34481665215433 
52.56113038346569 
52.569037995245765 
52.34571070044552 
52.34415483025183 
52.08037500485212 
52.56568280084703 
52.56576176007936 
52.565134691896255 
52.56902903352359 
52.56975836054353 
52.34409682306591 
52.57102910336442 
52.56957669124172 
52.347251777348156 
52.56449249109597 
52.571029179641094 
52.08301910940702 
52.346477064604024 
52.571027577376086 
52.570973484072475 
52.34490964573146 
52.55909339758611 
52.56633795382087 
52.081320195718696 
52.07111389981303 
52.57098178490617 
49.762868063742694 
52.56975795009693 
52.347256904938 
50.763071724385185 
52.56774340352208 
52.34405735727348 
52.56570619336245 
52.56571267715646 
52.57110283163707 
52.34257903402446 
52.34095563819609 
52.56636935091085 
52.557797742479124 
52.571120912855214 
52.568415312375485 
52.57103896242036 
52.56774443507709 
52.34722762312876 
52.56373814152419 
52.56847933699273 
52.571120912855214 
52.56572876029892 
52.08215872861059 
52.08029777445096 
52.57097129311625 
52.56905464059924 
52.0737286317624 
52.56708757592248 
52.56708730137304 
52.34332551762193 
52.342484721060806 
51.74330143073683 
51.75953900391259 
52.569776436626796 
50.75617572369705 
52.56641059330405 
52.56507078211684 
52.56508813738798 
52.08494498486914 
52.566411551977076 
52.07569385808866 
52.34255895844511 
52.343364401073345 
52.567790785091525 
52.567735228978826 
52.336447868641386 
52.56968638684094 
52.56776158633614 
52.56972002923819 
52.08124586041864 
51.76068346624764 
52.57105325186635 
52.56247334081467 
52.56967289178425 
52.34332490662285 
52.34328625455835 
52.081192973514355 
52.34190185948705 
52.56637820207641 
52.34635917468853 
52.571083548667005 
52.57100809037882 
52.33486520502284 
52.565076424076445 
52.5710661175846 
52.57112365983029 
52.34492080409599 
52.57107795536133 
52.56782501992758 
52.564336674779085 
52.34645662942962 
52.565714189539996 
51.33872080670141 
52.57106125732264 
52.56977907748538 
52.344919164658386 
52.076455897653766 
52.56371496724973 
52.34635373190484 
52.335625664765466 
52.57102228419475 
52.56965144662642 
52.34645936427844 
51.75942687999254 
52.56767099702587 
52.56239664262232 
52.566961031649335 
51.75614775452479 
51.75847827694451 
52.34411724980395 
51.76069928642425 
52.34257205169225 
52.34091374222326 
52.5670230707594 
52.56964351542977 
52.56700242894838 
52.57106824362198 
52.34413665998394 
51.337271392339936 
52.56847499888898 
52.34565602525142 
52.571015724482116 
52.34183623690283 
52.56970028002163 
52.569749009285275 
52.57101194050331 
52.56438048608395 
52.328743955995186 
52.56773468706035 
52.571014749475374 
50.7583397027985 
52.340972851104915 
52.56970988578718 
52.569776949695125 
52.56711395334276 
52.57032976609313 
52.34106936803417 
52.56305965922908 
52.34093306986738 
52.565006828426846 
52.567030626088 
52.57103211639708 
52.56967294044444 
51.76192610159014 
52.340190018978795 
52.345685128420854 
52.08033032499525 
52.559861229609396 
51.34794423957397 
52.5710532589733 
52.56904758606524 
52.56975903860106 
52.569704207163376 
52.56842253409927 
52.567695235529946 
52.57101235715919 
52.569013512764315 
52.569030913686355 
52.56980727586002 
52.56904758606524 
52.568466178597 
52.56973683358232 
52.08218501828909 
52.5684229383987 
52.08218501828909 
52.56578731338034 
52.08218501828909 
52.56569217063055 
52.57101235715919 
52.08216378649644 
52.568291334166844 
52.33410723670559 
52.56841143774414 
52.56442671784263 
52.57111225308562 
51.749099869380785 
52.569660880188174 
52.07200681449889 
52.34023575488473 
52.57097448564514 
52.56507189170568 
52.07754616286964 
52.567737031526406 
52.567034731920025 
52.56512322946768 
52.56773468706035 
52.33639430130825 
52.56642063798822 
52.08036229431078 
52.34718805687465 
52.571098195585215 
52.08491493317687 
52.566992803983375 
52.33801077524754 
52.07665283757802 
51.75834052936625 
52.571082776672554 
52.571016660538454 
52.56968518602843 
52.08121334388602 
52.567105211984675 
52.08025559516566 
52.567740801167545 
52.57103715863889 
52.08125200100366 
52.56643206155539 
52.344167092324085 
51.34643618715769 
52.56516438077215 
52.569739341708335 
52.5709786916153 
52.341040519545196 
52.344027329269174 
52.569731897618524 
51.76179002372073 
52.344128149349615 
52.564410808345386 
52.34641722177575 
52.34027310256673 
52.06823325951421 
51.760756179624615 
52.078508271640274 
52.34798777429941 
52.33946053206422 
52.57109577660814 
52.08221369540896 
51.75837848286886 
52.06913694625509 
52.569718433683285 
52.08216077861479 
52.335708626760685 
52.331813187447466 
52.56969831849554 
52.346421284216824 
52.34648749363248 
52.56442201327254 
51.756133644362905 
52.07666709048314 
52.56312968084869 
52.57107006318245 
52.56842411980812 
52.57107992301792 
52.56575503889203 
52.5657085274583 
52.34253289890749 
51.33103246383907 
52.56969492311483 
52.56981202961236 
52.084032085187225 
52.34797755637365 
52.569108556389 
52.34721295566967 
52.56708579753488 
52.56428231175859 
52.33015413006528 
52.57107590322216 
52.56637582186249 
52.345723977779144 
52.07941536126662 
52.07848872599612 
52.34721295566967 
52.56708579753488 
52.5616267022004 
52.08130971087375 
52.57113379425524 
51.74560776172835 
52.34325415393537 
52.34803188529903 
52.33798855523381 
52.34648537634536 
51.320111872484304 
52.56971333470967 
52.33710649154146 
52.56709556317828 
52.566308789350316 
52.33864359071606 
51.75374875884682 
52.5711326941794 
52.34569885234058 
52.571072264877664 
52.56507913989902 
52.34487841295647 
52.56970847094572 
52.56970978397075 
52.56508763982752 
52.08032369516927 
51.7630271628617 
52.34649102523948 
52.56835382429877 
51.75830672028742 
52.567114145280684 
52.56244976148231 
51.76303189172105 
52.56778447551057 
52.34487799237337 
49.7629564219942 
52.56107707309481 
52.07941051804423 
52.56972737572094 
52.563794789716646 
52.563767093277754 
52.56839695925069 
52.56046836205651 
52.561770273775686 
52.56976818252999 
52.57108653328635 
52.34032680316896 
52.340263002817 
52.33486945373917 
52.34262150390947 
52.5644062652236 
52.56709437214722 
52.34800625487871 
52.56962371060879 
52.57107623133295 
52.56768972044209 
52.0737516876071 
52.56313223095334 
52.57098601789735 
52.56444885105622 
52.57098587057778 
52.56976145443498 
52.341728118837935 
52.34799041781431 
52.08308087551059 
52.34560166282179 
52.344161907198774 
52.56966127392507 
52.556497518124196 
52.571039853676155 
52.338710276889735 
52.569657785461004 
52.55911940040673 
52.56965506725747 
52.56964512672644 
52.07385036984938 
52.5617538297338 
52.34406555583759 
52.56964575623862 
52.56897051530031 
52.567035886194844 
52.56243596933692 
52.56840737494939 
50.75845043105095 
52.56836817668217 
52.346476729811364 
52.57104328136678 
52.562374473815446 
52.345704381219896 
52.56577389149186 
52.5697256270058 
52.565071807355544 
50.7466781190237 
52.33489060551876 
52.07663022394198 
52.5711241002644 
52.56709679737865 
52.57110244167527 
52.560497121249064 
52.57095812268239 
52.56974484357151 
52.559181509005406 
52.5670047252871 
52.07566950145977 
52.559177315938314 
52.570944035085894 
52.081245972928784 
52.079377325078106 
52.33716995427258 
52.56844842931047 
51.33720792280751 
51.747898245320336 
51.34334104291493 
52.56440746995954 
52.07567241301782 
52.571117695307564 
52.56562932824479 
52.5698106818686 
52.56849184065074 
51.761893089219924 
52.57105169893296 
52.568326578431055 
52.33944396345827 
52.5684226647283 
51.75608720331016 
52.56442700634135 
52.345679231570635 
52.34175788446625 
52.080209878924656 
52.33950339323633 
52.34559468298178 
52.342543775267515 
50.76290388261129 
52.56843812212024 
52.342613008616915 
52.567114145280684 
52.08028434972572 
52.08034068357499 
52.55511951131957 
52.078456359166886 
52.571034528778405 
52.08400866543571 
52.3317696827 
52.34642554841445 
52.34647049662747 
52.57109379003687 
52.55839159607081 
52.07938075503763 
51.34483345326477 
52.34409979140415 
52.565107767694364 
51.33557142047513 
51.75715486246456 
52.07564900546131 
52.07567731587468 
50.758391925105556 
52.56973242308698 
52.34099300399311 
52.08025559516566 
52.56373857645306 
52.33868815968665 
52.571021889073236 
52.338710443303654 
52.08025623175508 
52.56844427912906 
52.56642127896336 
52.34491541316596 
51.75825211047323 
52.56573900172251 
51.75951795496075 
52.5710449288692 
52.567027804874726 
52.33946404828108 
52.57102086580598 
52.34091356258081 
51.754815980066766 
52.56972071066814 
52.56706150597902 
52.567087416420954 
52.5710878085548 
52.56832766014408 
52.57109290085761 
52.56647122740012 
52.327909781586314 
52.5710790327671 
52.56777575636204 
52.34409940000359 
52.34259161219102 
51.763049479015294 
52.567046807767994 
52.08210343117079 
52.57109992074889 
49.75375198872824 
52.5697413906471 
52.56573964464408 
52.08033937621424 
52.56972294769521 
52.34795592965927 
52.080327722707764 
52.567762000169964 
52.0803152671263 
52.34494870456612 
52.56442189452978 
51.75843282565786 
52.570967597009876 
52.563614752352215 
52.33565312357029 
52.565655943946744 
52.56563804109248 
51.759456101067784 
52.571006180355205 
52.56377244844159 
52.081146921964844 
52.569692761759796 
52.347264668672416 
52.56636073839773 
52.56297678960342 
52.57106253442094 
52.56964649692795 
52.57095276100037 
51.34334104291493 
52.07934847480779 
51.75252968971015 
52.344843231639906 
52.080327722707764 
51.76063197075396 
52.56843854705611 
52.3364170151503 
52.56976132214588 
52.56840863480447 
52.08113969673741 
52.08309526392158 
52.567750304038476 
52.56843719531848 
52.57112874604774 
52.568957551481475 
52.568417027921626 
52.56831178555199 
52.57103384999176 
51.75952526797882 
51.75942962730532 
52.06825410566683 
51.337149016726734 
52.565150626152295 
52.34417382755821 
52.568405630876114 
52.344843231639906 
52.080327722707764 
52.34639933294085 
52.56174913968904 
52.5696567040082 
52.34570199543435 
52.568396819212204 
52.3402349548117 
52.56971288590313 
52.071917218395534 
52.34337787588261 
52.56634270836299 
52.56513597735587 
50.75150630692255 
52.08212281000311 
52.56573647400766 
52.56830862175842 
51.344910652954056 
52.56503428520646 
52.347226933290756 
52.343290900246714 
52.08034689519229 
52.56965836956103 
52.57112949978459 
52.07476902586648 
52.56845100997196 
52.341861621295074 
52.57112505805793 
52.56910046163732 
52.57108598676648 
52.571050789899274 
52.078375929352575 
52.568467529042486 
52.32864084241773 
52.34486850317435 
52.57106628642151 
52.56960644753214 
52.56435218786846 
52.568373154898694 
52.56699469634141 
52.5683155951684 
52.34183230756761 
52.56975150626201 
51.3432623815049 
51.76168402745119 
52.56571868168547 
52.34340279725237 
52.567113425603395 
52.56973533330607 
52.34720542396061 
52.34640861463618 
52.34492882926849 
52.347960973868474 
52.5683866318908 
52.56835439592312 
52.34259660703935 
51.76296004809459 
52.08307450826928 
52.56764989202268 
52.084043119854165 
52.07837254693282 
52.56973422328534 
52.34639951078512 
52.57096057906806 
52.571009725994855 
52.56501045093836 
52.08033032499525 
52.57100074291751 
51.75498026431733 
0.0 
52.563728627336765 
51.763041254423186 
52.07660851749916 
50.75836435871573 
52.56849598686974 
52.340169245184036 
52.07473558772108 
52.565106671296725 
52.568414039953616 
52.56504134805852 
52.07474482659741 
52.56977129154366 
52.568380507575185 
52.56373219438437 
51.75954020050618 
51.34492748063904 
52.3418176935107 
52.565061667646184 
52.56573441833184 
50.75847938209275 
52.55974054221851 
52.56374670646626 
52.56694788376683 
52.08398931887306 
52.340253971336324 
52.56576165085935 
52.34330992793074 
52.56639741598337 
51.329428759316905 
52.56509774116916 
52.07942434780186 
52.072015916780614 
52.342504586080736 
52.569642791377 
52.56907058738338 
52.56847053518018 
52.34265356335542 
52.084944425674124 
51.75606959182425 
52.56849599550662 
52.34265365182595 
52.561704905052665 
52.569716637332924 
52.0840391189132 
51.7630789338197 
52.08033300518807 
52.08307450826928 
52.56364400662273 
52.07851281796902 
52.56372102389752 
52.569767179224506 
52.077461149979186 
52.344086886316575 
52.08313090669755 
52.33249475378796 
52.569736585697115 
52.34637170621432 
52.57104282994425 
52.562995597357094 
52.565702216304224 
52.34338034277845 
52.346415990480196 
52.34720542396061 
52.56835146111664 
50.75379533009319 
52.563110862402134 
52.081237339001504 
52.567079717493094 
51.34495552003152 
51.75728910415469 
52.079362044142556 
52.348047789252654 
52.568339404802884 
52.08495140414471 
52.57107448947233 
52.08215872861059 
52.082167182838695 
52.08316775144621 
51.7502072543439 
52.55512086122934 
52.347896218464285 
52.56834378542644 
52.347167812547085 
52.565106671296725 
52.56704332518188 
50.76056327317134 
52.56967296304741 
52.56834069069157 
52.34026659142019 
52.077543759913794 
52.569795148686396 
52.341041047820035 
52.56974357236278 
51.754934645897734 
52.07941764247519 
51.34178969199415 
52.56969562609876 
51.33867519561543 
52.568452704977126 
52.34570583472319 
52.56963792764583 
52.56500614758047 
52.571079461555414 
52.562396721634585 
52.56633339288225 
52.56638947241528 
52.56842640019835 
52.561158739410494 
52.56636935091085 
51.76182755434263 
52.34644194796368 
52.345692085101504 
51.344904971790115 
51.75719416939456 
52.07199676347513 
52.08214414827477 
52.563770253665986 
52.566982226833474 
52.34334617116576 
52.56830408140504 
51.34185446161846 
52.5638100873338 
52.56833427724262 
52.56246435699694 
52.07383341297455 
52.56845570190587 
52.56572876716792 
52.56834616286106 
52.568452704977126 
52.56840249280798 
52.56698191905327 
52.081158266380335 
52.34571889131006 
52.34336370741484 
52.34568666775237 
52.3395279471737 
52.34412539679647 
52.34716495547185 
52.08499882035499 
52.56238133432524 
52.565658500892766 
52.07660397382217 
52.5697245372939 
52.565791101206926 
52.555808678906914 
51.7513625094501 
52.34102355362175 
52.56690220619247 
52.57104614677424 
52.34803997805669 
52.55649641286589 
52.57101106983195 
51.75141135948177 
52.07380468681357 
52.339418199078516 
52.07846548089278 
52.082186392700706 
52.57099666379308 
52.337889241593444 
52.56576596431691 
52.346450613068704 
52.343393863080735 
52.565692946975155 
52.56773041617897 
51.34492985195624 
50.75618136778054 
52.338710465819794 
50.758318393078376 
52.565706577062315 
51.76180953797763 
51.76070348952584 
50.758318393078376 
50.75140166698333 
52.34260053730456 
52.56847053518018 
52.33022121165291 
51.75839929748342 
52.34570165414666 
52.345734001582024 
50.75385746640746 
52.561096422707564 
52.07101069471748 
50.75378913810155 
52.568404923550354 
52.56835439592312 
52.56046404034683 
52.561747950526396 
52.34027419049882 
52.33872086696015 
52.34411726705483 
52.34099873694205 
52.341708624733734 
52.07657896220594 
52.33937705377675 
52.347229441042074 
51.75715909283444 
52.07758222111928 
52.565768579342304 
52.567076824156246 
52.562474182698935 
52.56704258668793 
52.567095913968295 
52.57107533619552 
52.341782174262676 
52.34412861726661 
52.34562809660183 
52.570953349904215 
52.56250544849477 
51.74912712671713 
52.348065296732905 
52.072860687901795 
52.3449062870225 
52.55711066021455 
52.562474182698935 
52.5617299764612 
52.56507815318588 
52.337880687914925 
52.563795884950686 
52.56772631354379 
52.5697739724274 
52.34105293115079 
52.56167076215207 
52.5709902456528 
52.57091962388053 
52.0775251933114 
52.56505235013111 
52.335619458998615 
52.56294830877247 
52.56843504840922 
52.07849896821454 
52.078425277584635 
52.56836338246637 
52.56976352018761 
52.56570815009797 
52.565136891702764 
52.56844457107773 
52.56181661154462 
52.078426701809896 
52.343262332661574 
52.071043291225166 
52.34725365946855 
52.56770664737524 
52.074756867509045 
52.570966234128 
52.3418171492329 
52.34647642206968 
52.56769949051473 
51.75602653119476 
52.34649241615766 
52.3456989337248 
52.57104901655984 
52.072890993779474 
52.34263876940251 
52.07483586612559 
52.56844457107773 
52.344919164658386 
52.56709097965435 
52.5657565750708 
52.08215872861059 
52.34566949122259 
52.56565148245058 
52.56845807545389 
52.34411281911303 
52.079481609288 
52.56977959934709 
52.57105009458454 
52.57108919205473 
52.344819459424905 
52.56573022817594 
52.56837656130368 
52.56568000808343 
52.07942576211603 
52.342637934326966 
52.569714539859625 
52.56703802572521 
52.57100942306591 
51.76175255233703 
52.567087532529165 
52.571042422110075 
51.7561004921655 
52.568333572091916 
52.34027108711113 
52.077527006857245 
52.56634270836299 
52.56566747757132 
52.56967932116806 
51.7572021361797 
52.56841567027602 
52.34799083297373 
51.75611455260173 
52.57105237891457 
52.06822233337085 
52.07940808774432 
52.568368991519314 
52.346495245678945 
50.756026947315874 
52.56638596807678 
52.565107360058356 
52.56574991676097 
51.755955811961684 
52.34491123791374 
52.56712468801396 
52.07756734324743 
52.56636259631076 
52.073881557283286 
52.08212630161615 
52.56644978671584 
52.08397661167347 
52.07844376923226 
51.751405236771205 
52.569665958892834 
52.56836843666986 
52.56441461169379 
52.34342977870179 
52.34032430556516 
51.75021065257991 
52.569724556073446 
52.56574331957706 
52.56508851569258 
52.56441178213703 
52.553818942027604 
