41.743027811300415 
41.48312642728806 
41.236097940140986 
41.22519904676295 
41.71905544321739 
41.501251652853675 
41.51892185586764 
41.73446799831946 
41.73589389799358 
41.487512629918974 
41.73357390333565 
41.736627714994285 
41.443769934253275 
41.51488140906282 
41.73856122299854 
41.72984688820462 
41.714734466326796 
41.73371697658309 
41.709147170113646 
41.73922595224565 
41.74349841307184 
41.71975988128121 
41.738461716325965 
41.50486097014498 
41.73317926034805 
41.50867351391599 
41.72236894821157 
41.472587413768345 
41.701207915985506 
41.50567614524816 
41.727106070963146 
41.24858328142045 
41.48623727947943 
40.89904872823779 
41.51329283485439 
41.51882952539208 
41.4971121538452 
41.50999590207503 
41.73854520143869 
41.50728082967585 
41.23534756246085 
41.24640407819304 
41.71528003664142 
41.50032673802398 
41.477320365519276 
41.498997277978106 
41.49364187807143 
41.7438646837328 
41.717227193769936 
41.25211326922478 
41.73328295188516 
41.25247165987139 
41.726928385522406 
41.24888810536336 
41.51943849639838 
41.49134542026051 
41.742758046157256 
41.73416106697349 
41.501700961533956 
41.19878520849626 
40.507483996171004 
41.21168451014324 
41.23865996721228 
41.215645315193896 
41.50522686864224 
41.49571140006686 
41.698410026650485 
41.25525150202802 
41.16515325182335 
41.50998385255767 
41.72919849962139 
41.23533113799091 
41.48070108775709 
41.252036296431136 
40.513058676013685 
40.893925833957205 
41.734514877759786 
41.519061521206304 
41.51031552693221 
41.72415375491168 
41.737601535194415 
41.23645809518954 
41.48717862480558 
41.51173524254431 
41.23341933478897 
40.896827670659896 
41.504985306209214 
41.48303012334506 
41.74294058810977 
41.738556652876895 
41.49832595764784 
41.50275107205914 
41.46823633631996 
41.74312101919882 
41.70155891856394 
41.743928627589064 
41.48699958532038 
41.507410846642465 
41.49586950301071 
41.721192939208386 
