50.93517208948336 
50.9367974381306 
50.93520582076166 
50.935184103812134 
50.93676989640456 
50.936785166590525 
50.935184245069294 
50.93678456987553 
50.93679722722131 
50.936782201700275 
50.93677607216988 
50.936766907006984 
50.93679756596496 
50.71358807499783 
50.93679095671083 
50.933600078724815 
50.936787946349625 
50.93678187498867 
50.93677588500841 
50.93679129653509 
50.935181159061756 
50.936776107913836 
50.93677902593496 
50.936797402430386 
50.93520285158618 
50.93360042868916 
50.93677903770422 
50.93678501455026 
50.93677914340407 
50.93679739079996 
50.936791437126494 
50.93677865279487 
50.93679108531058 
50.93677904919773 
50.93677892091212 
50.93678537750154 
50.93519368842837 
50.93677874479954 
50.9367786865149 
50.93519976625194 
50.936791085448476 
50.93679721414946 
50.93519350236007 
50.93439693357443 
50.93519943904421 
50.93678514356028 
50.936781851504065 
50.935199485270005 
50.934397225335424 
50.93678475873973 
50.9367758275808 
50.9367911570702 
50.93519355917421 
50.93679775320906 
50.93679091118067 
50.93679742519301 
50.936781933410856 
50.93678486255843 
50.71359124898489 
50.936791004311004 
50.93679151866883 
50.9367851906628 
50.935199754413354 
50.936791272194384 
50.93677611949612 
50.936760521103594 
50.93678514355785 
50.93678498069727 
50.93677887479724 
50.93676968558211 
50.9367912494764 
50.936791108840964 
50.93677871004084 
50.936797274549875 
50.936797448542116 
50.93679108553515 
50.93678833111645 
50.71358811482871 
50.93440924544957 
50.936797390755224 
50.71360231189532 
50.93518764684675 
50.93678509658635 
50.93676973313872 
50.7135771902967 
50.936784944005076 
50.93678506246534 
50.936791261467 
50.936769919938676 
50.93519973144851 
50.93677263900487 
50.93676675595301 
50.71358791156552 
50.936797332336596 
50.71358791156552 
50.93677300209431 
50.93677565273671 
50.713598582454196 
50.93518423294726 
50.93677867479757 
50.936772579957804 
