59.88633259654734 
58.863043867685136 
59.43409195994627 
59.887744856672136 
58.4417942288897 
59.21320313215841 
59.45231456367549 
59.45942526371216 
59.45873929330462 
59.69503620622424 
59.191307150718025 
59.476442645658736 
59.66241848009485 
58.448803813375136 
57.813999735596084 
59.869861637920565 
59.478028105805905 
59.68765272708558 
59.44942370855254 
58.412752611182974 
59.8903910262125 
59.68621333419381 
59.6893193635077 
59.89155034611634 
59.886941863305594 
59.67994174457123 
59.68495480500086 
58.46835479815835 
59.879249209545094 
59.68988133700102 
59.69490843858458 
59.89781362086022 
59.446361951177515 
58.45944461169868 
59.45688469667343 
59.688630615227154 
59.46543362643048 
59.18837304356507 
58.87891610467957 
59.475322777703774 
59.46540418993719 
59.45842545422475 
59.68022826127278 
59.68060657288736 
58.83926133620291 
59.46613465786983 
59.20204420434683 
59.678578720738884 
59.463322447308926 
59.88590676849203 
58.887008803840445 
59.67243494545922 
58.88456016092853 
59.474913525292244 
58.471425912368446 
59.469744450041425 
59.891487595873976 
59.66556600238119 
59.88935653077117 
59.68505147631798 
59.46093745604903 
58.46453218317289 
59.68209724708659 
59.873126687063746 
