47.61642917115358 
47.65427274448903 
48.15321115545944 
46.74048076311775 
47.07247744217495 
47.41981004401571 
47.35736453005238 
46.97958672891062 
46.05202951084685 
46.56346886300343 
47.08410026185825 
47.07571533053399 
46.65735097953808 
46.67815004304157 
47.10394041693784 
47.0525979613534 
47.13345424331135 
47.102812053109496 
45.98924448103493 
47.297617589379115 
45.080967180537 
46.65312088131765 
44.858970539595624 
47.35943896309816 
46.067508526520314 
47.04183401968184 
47.436749634361014 
46.471696340367544 
48.14380696883486 
48.08712640218418 
46.595622261961864 
47.14808137606062 
46.564769725485284 
47.05511644143193 
47.629631683407 
47.69416376321435 
47.64415696015255 
48.033963288509284 
47.05595956725668 
45.001095245333005 
47.876995339278466 
46.06736550085418 
48.15218779412493 
47.3644313894821 
46.07289623245732 
47.667574289249515 
47.407081819280236 
46.10005650433268 
48.062455269638164 
47.8490501913958 
47.59980560535805 
47.298608919193725 
45.99261852521598 
46.70516018775209 
46.59186634969207 
45.89801235791084 
47.82840756554649 
46.72949469490829 
47.3581330576876 
47.68404079567582 
47.66836961759522 
47.05522573380971 
47.1303634551618 
47.651462652862406 
47.41173446477539 
47.05261088256234 
46.06341725444761 
47.59405864155115 
46.64359013882775 
47.672637098796415 
46.6836746145699 
46.658032816319775 
47.725981977619874 
47.0579484682296 
46.08942553824386 
46.54689356973756 
46.112307802915815 
47.93106287911962 
46.98837113544604 
46.56204438934682 
47.64741202775446 
46.574260421689054 
47.404377447630104 
47.08909531289307 
46.6359278984974 
0.0 
46.705808665060566 
47.61313389004539 
47.63410105644788 
45.998617498167974 
47.43446164879004 
46.02577822928348 
47.11380650584258 
47.03463150215567 
47.87822594660621 
47.88059821149733 
47.84994515507099 
0.0 
47.043996306219995 
46.600305175402006 
