59.68544967759445 
59.692687798212596 
59.89359910535259 
58.87138025354626 
59.45782076645313 
59.20812202588375 
58.88643299672641 
59.47002189853769 
59.8784092190858 
58.43446905498851 
59.70137305326434 
59.47887830663315 
59.69059557419901 
59.67391735425453 
59.46377858704762 
59.19277001052184 
58.85650050499353 
59.694141812465915 
59.183698782150806 
59.47262715449921 
59.683846554346715 
59.4634265144178 
59.88967508165446 
59.88959653837798 
59.888242923153136 
59.692783280949044 
59.203146357935374 
59.89333532045114 
59.88672336327445 
59.70200074610759 
59.88987235913138 
59.18090836912709 
59.46384736202209 
59.69133697179829 
59.8894495760804 
59.69791895662076 
59.476831319564354 
59.185328551202495 
59.68182925019144 
59.88944427062265 
59.1901273115118 
59.69575462726941 
59.20789536256315 
59.47408701765831 
59.453919635400446 
59.87957866803694 
59.889332602779035 
59.691522674851015 
59.45248621423497 
59.46715549932344 
59.69319120824134 
59.20095648834791 
59.88614888372457 
58.44577929340976 
59.89511994989509 
59.695014748711785 
59.88410437360676 
59.69649138720483 
59.20501715221943 
58.88514120539767 
59.88875993911466 
59.68758688229914 
59.47844648898494 
59.665671258682 
59.69042586450192 
59.87997347647003 
58.88567600200586 
59.476731996850084 
59.19561599618946 
59.88665934406458 
59.46499060212742 
59.44609936619089 
59.6879244311501 
59.885177865230496 
59.46649293235486 
59.481328782596755 
59.89338050596503 
59.215851169588746 
59.882593818297984 
59.46426684707977 
59.881154293709315 
59.68324948270829 
59.69407108030574 
59.1851581702646 
59.884308212613405 
59.889035802673206 
57.85483177435137 
59.86624944294373 
59.67775048650396 
59.89948660879696 
59.88725553935212 
59.69113473550251 
59.472579556230464 
59.881203665644435 
59.89992142845601 
59.69150838486816 
59.88369391127818 
59.18790122914077 
59.88813294382467 
59.20108343717981 
