51.578512987119886 
51.34757734001728 
51.574731840251175 
51.57855433674489 
51.34665819669623 
51.34854130666575 
51.575521310111675 
51.5748427775671 
51.5785584960537 
51.57705781603649 
51.573285694325364 
51.354616269057786 
51.576887950739675 
50.76503948757414 
51.572496479220504 
51.57844621791182 
51.577108132835306 
51.578541877472986 
51.57475579932283 
51.5739573046251 
51.57858493173425 
51.577080662394195 
51.57482540510712 
51.57858898774578 
51.578609657071965 
51.57856375130999 
51.57623594434393 
51.34399383754158 
51.57849837204086 
51.57854393929484 
51.5786219890693 
51.57862071652297 
51.57474031873856 
51.350954616043666 
51.569537073277914 
51.571182500678454 
51.575604079472946 
51.35015300683966 
51.5711675745312 
51.57185666038598 
51.57703703617456 
51.57707082794758 
51.57855199306672 
51.5785723494973 
51.57252136735558 
51.57554376409336 
51.57190495350571 
51.57543713428967 
51.57706593977907 
51.578529019173956 
51.572588579840044 
51.57842475249276 
51.35284099507802 
51.57113275432694 
51.08813270715438 
51.5771259171662 
51.57862451714817 
51.57837342418146 
51.57856861640648 
51.576299591524005 
51.575598467917935 
51.57033228314302 
51.57705837204299 
51.578489811140095 
