41.53922277470977 
41.31823648593163 
41.54961565476202 
40.724741121075205 
41.52130637660297 
41.28667420909069 
41.541755483185135 
41.29387001202985 
40.70265195499296 
41.28212679974276 
41.52541884444219 
41.5305027248268 
40.73799441955128 
41.05360028236317 
41.3152675228231 
41.271987937469326 
40.7337284537312 
41.26352665464182 
41.259759388934256 
41.542827606869395 
40.28443210617274 
41.049915535958014 
40.28473621721152 
41.49886379572508 
40.70865787712552 
41.029382894536305 
41.29312850914692 
41.0067737466793 
41.549493667270504 
41.54906111613473 
41.53139801956166 
40.69984679012073 
41.3152186490915 
41.521712392904284 
41.52469763330813 
41.534113666513306 
41.542738004822226 
41.54652433460301 
41.03561545804279 
40.7135814533487 
41.548181742613934 
40.311555504518765 
41.54897481062867 
41.29529783007776 
40.7069991402243 
41.31438646863771 
41.52690128599607 
40.730790719597636 
41.54773740846436 
41.547063225577894 
41.54340368118183 
41.53173746304435 
41.02141762213345 
41.0130881166689 
41.51816405863441 
40.725276855197095 
41.54357598265412 
41.03682708303882 
41.30042783617637 
41.528993603045436 
41.29577605445166 
41.044172448138184 
41.29454900963318 
41.52818217819563 
41.295035484968764 
41.512615755551494 
41.04023653007842 
41.5329341196427 
41.283068982701984 
41.540614472789024 
41.29833161902012 
41.017517623235946 
41.536842414667134 
41.30938945943737 
40.691688419463276 
41.2963633217598 
41.51027929665133 
41.53162583481958 
41.530810541006005 
41.3017176935846 
41.51033280782881 
40.672897801813285 
41.51009816807058 
41.05063724050113 
41.02948452128189 
38.68924873436315 
41.53168358714624 
41.547438350885606 
41.54000134576184 
41.29444927916979 
41.514957843846446 
41.26881300904331 
40.73893725040704 
41.015239890869026 
41.548786985059266 
41.54866435506997 
41.54286622733087 
39.70658975243889 
41.053181333835795 
41.31212594163487 
