51.390868778521885 
50.57086209516287 
50.89727714065562 
50.56938340861575 
51.38321743563867 
51.162311442831054 
51.16776266991963 
51.387922272429 
51.38857903612278 
51.157905258923016 
51.387776182874504 
51.38789239733879 
51.1428616522357 
51.16499697058913 
51.38936831484268 
51.384639374404344 
51.38097891093821 
51.38632990946588 
51.38012256800318 
51.389437245496 
51.39090686319908 
51.38327752635256 
51.387849551957885 
51.16242481029409 
51.3862742442526 
51.163433631657924 
51.381817908186 
51.15098088230246 
51.37724726668392 
51.16341050259993 
51.3856087790247 
50.900400959816935 
51.15717215286893 
50.56932516991467 
51.165981696817006 
51.16775997685807 
51.159822561745905 
51.1571364456323 
51.38935850565189 
51.164169866318296 
50.89828368801577 
50.90160125024088 
51.38180666426767 
51.1589991772233 
51.15266298903506 
51.16031212518696 
51.159755660770855 
51.39095218510804 
51.382525513164055 
50.90361802571712 
51.387792700525786 
50.903666425691085 
51.384822471515136 
50.90256284868693 
51.16783226252875 
51.158903818140516 
51.390826815762814 
51.38713506837499 
51.16149350711608 
50.88655996809996 
50.16241729940737 
50.89078515553819 
50.89933822769583 
50.89192815414559 
51.163341048888014 
51.159677672067346 
51.37644658543598 
50.904669551054006 
50.87586166350525 
50.58136996344354 
51.38634288824433 
50.89898322097755 
51.15540292980565 
50.903607850634415 
50.1641699492018 
50.57054189973768 
51.387929582638456 
51.16779021718408 
51.16330376760694 
51.38402039506192 
51.38923677796217 
50.898410299980355 
51.15695962263309 
51.16495123765181 
50.89736694209208 
50.57086008677035 
51.163330248781406 
51.15622485121597 
51.390846911735224 
51.389349029330056 
51.15785530018022 
51.162483902014706 
51.15170587359114 
51.39086723428019 
51.37654293689579 
51.390958154887365 
51.15784606269437 
51.16417162035527 
51.16054367485762 
51.38243918423547 
