43.070728470128245 
42.804659469260336 
42.80673956920726 
43.064513642659016 
43.070691385890726 
43.06893383494259 
43.070728459868604 
43.070728227739934 
43.070728030930766 
43.06890175676699 
43.07071441196997 
43.070728217879925 
43.06714449862297 
43.07072757897746 
43.07072137186999 
43.070695045160114 
43.0706212588297 
43.07070856582956 
43.07067252345402 
43.07072806402865 
43.07072795776926 
43.07070817436678 
43.070715200686585 
43.05745075019235 
43.07072136859996 
43.06892166983667 
43.070685695927565 
43.07066071561445 
43.07067261136403 
43.06630086386119 
43.070705401921686 
43.068966183832444 
43.06711560010865 
42.806789028203625 
43.059207235323946 
43.07072808780249 
43.06805277246391 
43.06892475365498 
43.07072189801793 
43.07072163427972 
43.06439807175832 
43.068966794339865 
43.070698899523926 
43.07070892652321 
43.068882505582785 
43.06893925985119 
43.067180264652855 
43.070728420335804 
43.07069893520103 
43.061009660344496 
43.07071447298231 
42.7951363508712 
43.070692183879544 
42.806805611339705 
43.070728275605106 
43.07072805617353 
43.07072729768679 
43.070718651382556 
43.068051933964924 
42.805724192353864 
42.79399599560467 
43.067157358568025 
43.070714842503385 
42.80676651809792 
43.0707152142743 
43.0574372851482 
43.07064365374864 
42.80681341661485 
43.0688918136619 
42.48485575497382 
43.070714941812 
43.06542364792114 
43.07072825752626 
42.8015145530941 
42.47690672518706 
42.48351883429735 
43.070715467325584 
43.07072821185541 
43.0689469988584 
43.07072136518266 
43.07072770291314 
42.79831000669556 
43.06895318482978 
43.06895671303186 
43.06714840351472 
42.4847973495405 
43.06719289530902 
43.068940184368564 
43.07072807774243 
43.07072138705308 
43.06800044696653 
43.06894070213519 
43.068914796274804 
43.070727744866886 
43.07065030392498 
43.07072846855125 
43.070715156753494 
43.07072125113524 
43.07070813534691 
43.07072063095175 
