39.808994137351384 
39.58411826952994 
39.80940129662561 
39.809618159249766 
39.80942955282838 
39.80960115345659 
39.809438057282556 
39.80942869133092 
39.80901812159501 
39.79749781704591 
39.809425460542045 
39.78033906956127 
39.80950276038665 
39.80951763935269 
39.809530009673644 
39.80087284746569 
39.80935441342655 
39.58068965963194 
39.803786826159595 
39.80332656660617 
39.8094290230474 
39.809507256433044 
39.803642929315686 
39.80934780188021 
39.80944418793426 
39.584068728572475 
39.803787482939306 
39.803801761797786 
39.80934844123606 
39.80959365993941 
39.80960073245152 
39.80960566122063 
39.80960389350502 
39.80351678128523 
39.80354332061247 
39.80935700748613 
39.80370100378683 
39.809335746365775 
39.80933461415176 
39.80959903371067 
39.80920777036169 
39.80960836249275 
39.58407260461003 
39.32116820174403 
39.58398435117268 
39.80942679929548 
39.8093384965024 
39.80953225903665 
39.80370727351901 
39.80950974218235 
39.80915384038939 
39.80952680963889 
39.80931028180101 
39.58415895828696 
39.80933293502796 
39.80943963454737 
39.809507256433044 
39.80960612836894 
39.80940505747869 
39.79210575808956 
39.80371105638269 
39.80960281402443 
39.80959583423476 
39.80960060215744 
39.80960109257744 
39.809433166277536 
39.80944260991375 
39.584207511999104 
39.80899363401112 
39.809190313913504 
39.8096066639151 
39.809434430915516 
39.80960228562165 
39.80951382740181 
39.584026863256305 
39.809347692785856 
39.58416174709359 
39.80370433427472 
39.809506320907325 
39.809184127817474 
39.809317991241116 
39.803544472882024 
39.80942347095287 
39.809271304006614 
39.8095082045163 
39.8093510315836 
39.80951382750063 
39.809527936096146 
39.80959694357856 
39.80355406700107 
39.8093897667416 
39.80959290341599 
39.80351283512376 
39.80944258186892 
39.80943064758046 
39.809611049230725 
39.809609449861085 
39.80941841897299 
39.80932392238921 
39.80960553132377 
39.80943380960263 
