39.80334581318351 
39.809603385715064 
39.80379229506744 
39.80349632545081 
39.80924071141642 
39.80944064910136 
39.803503030521185 
39.80941271165725 
39.80959347429904 
39.809404863134894 
39.809323836091366 
39.80920364249407 
39.80960926346964 
39.58402914432576 
39.80950577501326 
39.797790696131386 
39.80946802278649 
39.80938967652736 
39.80931507595634 
39.809521747039526 
39.80346147793921 
39.80932558788106 
39.8093591699007 
39.80960164057649 
39.80375619236213 
39.79780696753071 
39.809359731329764 
39.80943353877647 
39.80936472724578 
39.80960110428433 
39.80952835222175 
39.809341855067544 
39.80951178249737 
39.80936024347782 
39.809354289044784 
39.80945056149548 
39.803636134388384 
39.80934596859199 
39.809343265545166 
39.80371475571589 
39.80951180690384 
39.80959269390794 
39.803627576100965 
39.800708354709414 
39.80369948477396 
39.809439617791405 
39.80938856664532 
39.803701565517336 
39.80072194222015 
39.809421755949415 
39.809312518750616 
39.80951533291578 
39.803630028180606 
39.80961803417657 
39.80950379798521 
39.80960262755428 
39.809392403711534 
39.80942643859447 
39.584057507444165 
39.80950810193699 
39.80953212565493 
39.809441859261796 
39.80371419741516 
39.80952049222114 
39.80932611474092 
39.80911073600243 
39.80943961628802 
39.8094321067974 
39.809352213202075 
39.809230813257464 
39.809519512640826 
39.809512900455545 
39.809344380576036 
39.80959575447966 
39.80960371429659 
39.80951182006387 
39.809485871642586 
39.58403087095905 
39.80087263764399 
39.80960109683708 
39.58421622952175 
39.80355936415716 
39.809437395135454 
39.809233132856576 
39.58388053829462 
39.80943019334144 
39.80943591871864 
39.809520109688656 
39.80924183126199 
39.80371317788952 
39.80926609104116 
39.80919669704018 
39.584021537465595 
39.80959837183508 
39.584021537465595 
39.809283138532 
39.80930441648581 
39.58416069906798 
39.80350239815189 
39.80934271612118 
39.80926326045389 
