52.57113541452627 
52.57107026912493 
52.57113541452627 
52.57113280201093 
52.57113280201093 
52.57111809518656 
52.57112862411756 
52.5711328025039 
52.57113541452627 
52.57113541452627 
52.57113541452627 
52.57113541452627 
52.57113280201093 
52.571132727407594 
52.57113018999225 
52.57113541452627 
52.571132727407594 
52.57113541452627 
52.5711328025039 
52.57113541452627 
52.57113541452627 
52.57113541452627 
52.57113268054256 
52.57113541452627 
52.57113280201093 
52.57113268054256 
52.57113280201093 
52.57113268054256 
52.57113541452627 
52.5711328025039 
52.57113541452627 
52.57113541452627 
52.5711328025039 
52.57113268054256 
52.57113541452627 
52.571132727407594 
52.571132727407594 
52.57113280201093 
52.57113541452627 
52.5711328025039 
52.57113541452627 
52.571132727407594 
52.57113541452627 
52.57113280201093 
52.57113018999225 
52.57113541452627 
52.57113541452627 
52.57113268054256 
52.571132727407594 
52.57113280201093 
52.57113280201093 
52.57113280201093 
52.57107026912493 
52.571132727407594 
52.5711328025039 
52.57113541452627 
52.57113541452627 
52.57113541452627 
52.57113268054256 
52.57113268054256 
52.57113541452627 
52.571132727407594 
52.57113541452627 
52.57113268054256 
52.57113268054256 
52.571132727407594 
52.57113268054256 
52.57113280201093 
52.571132727407594 
52.57113541452627 
52.571026411810166 
52.57113018999225 
52.571132727407594 
52.571132727407594 
52.571132727407594 
52.5711328025039 
52.57113541452627 
52.57113541452627 
52.57113018999225 
52.571132727407594 
52.57113541452627 
52.57113018999225 
52.57113280201093 
52.57113268054256 
52.5711328025039 
52.57113268054256 
52.571132727407594 
52.57113268054256 
52.57113018999225 
52.571132727407594 
52.5711328025039 
52.57113268054256 
52.57113268054256 
52.57113280201093 
52.57113541452627 
52.57113541452627 
52.571132727407594 
52.57113541452627 
52.5711328025039 
52.57113280201093 
52.57113268054256 
52.57113541452627 
52.57113280201093 
52.57113268054256 
52.571132727407594 
52.57112601800187 
52.57113280201093 
52.57113280201093 
52.57113280201093 
52.57113541452627 
52.57113280201093 
52.571132727407594 
52.57113018999225 
52.57113541452627 
52.571132727407594 
52.57113268054256 
52.57113268054256 
52.57113280201093 
52.57113541452627 
52.57113541452627 
52.57113541452627 
52.571026411810166 
52.57107231508803 
52.57113541452627 
52.57113541452627 
52.57108423469534 
52.57110975102353 
52.57107026912493 
52.5711328025039 
52.571054576316264 
52.57113541452627 
52.57113541452627 
52.571132727407594 
52.57113541452627 
52.5710976728288 
52.57113268054256 
52.57113541452627 
52.348038745193946 
52.57113280201093 
52.5711328025039 
52.57113280201093 
52.5711328025039 
52.57113268054256 
52.57113268054256 
52.57113280201093 
52.571132727407594 
52.571132727407594 
52.57107026912493 
52.571132727407594 
52.57113541452627 
52.571132727407594 
52.57105575310638 
52.57113541452627 
52.57113541452627 
52.56975085458913 
52.57113280201093 
52.57113280201093 
52.57113541452627 
52.57113541452627 
52.57113268054256 
52.571132727407594 
52.571132727407594 
52.57111402456178 
52.57113541452627 
52.57113268054256 
52.57113018999225 
52.5711328025039 
52.57110975102353 
52.57113541452627 
52.57105562079375 
52.57113280201093 
52.57113541452627 
52.5711328025039 
52.5710976728288 
52.57113541452627 
52.57113541452627 
52.57113280201093 
52.571132727407594 
52.57113268054256 
52.57113280201093 
52.57113541452627 
52.571132727407594 
52.57113280201093 
52.57113268054256 
52.57113268054256 
52.571132727407594 
52.57113541452627 
52.57113541452627 
52.57113541452627 
52.57113541452627 
52.571026411810166 
52.57107026912493 
52.571026411810166 
52.57107231508803 
52.571132727407594 
52.57113541452627 
52.57107026912493 
52.5711328025039 
52.57113541452627 
52.57107026912493 
52.57113541452627 
52.571132727407594 
52.57113268054256 
52.569761831872654 
52.569750252483296 
52.34565667794562 
52.569750453998886 
52.57113280201093 
52.57113280201093 
52.57107036189857 
52.34184723277396 
52.57113541452627 
52.571132727407594 
52.571132727407594 
52.57113268054256 
52.57111402456178 
52.57112447171343 
52.569815992808934 
52.57113268054256 
52.34341725721389 
52.57113280201093 
52.57110346361615 
52.57113541452627 
52.57113280201093 
52.566459651440155 
52.57113541452627 
52.57111141250897 
52.57113541452627 
52.57113541452627 
52.5711328025039 
52.571132727407594 
52.57113280201093 
52.57113541452627 
52.571132727407594 
52.57113541452627 
52.5711328025039 
52.57113280201093 
52.57113541452627 
52.571132727407594 
52.56981599240251 
52.5711328025039 
52.57113280201093 
52.57113541452627 
52.57105575310638 
52.571132727407594 
52.57113541452627 
52.57113541452627 
52.56981587079235 
52.569815992808934 
52.57113280201093 
51.76311441927147 
52.571132727407594 
52.571130824838015 
52.5711328025039 
52.57113541452627 
52.57113541452627 
52.57113541452627 
52.57110523367799 
52.569807431668146 
52.571132727407594 
52.571132727407594 
52.57113541452627 
52.57110346361615 
52.57113541452627 
52.57105575310638 
52.5711328025039 
52.5711328025039 
52.57107231508803 
52.57113541452627 
52.57113268054256 
52.57105575310638 
52.571132727407594 
52.57113268054256 
52.57113541452627 
52.571132727407594 
52.57112852217767 
52.57113268054256 
52.57113541452627 
52.5711328025039 
52.57113541452627 
52.57113280201093 
52.571132727407594 
52.5710976728288 
52.569709348395726 
52.57112002513998 
52.084105536445286 
52.57112011800301 
52.57113541452627 
52.57113541452627 
52.57113280201093 
52.57113268054256 
52.5711328025039 
52.57112703070658 
52.57113280201093 
52.57113268054256 
52.57113262741782 
52.57113541452627 
52.571132727407594 
52.57113541452627 
52.57113541452627 
52.57113541452627 
52.57113541452627 
52.57113268054256 
52.5711328025039 
52.57113280201093 
52.57113541452627 
52.57108249890699 
52.569784334609224 
52.571123415721 
52.57108072444561 
52.571130525730105 
52.57112447171343 
52.571132727407594 
52.571106272037525 
52.56981599240251 
52.57113280201093 
52.5697857240755 
52.57113268054256 
52.57113541452627 
52.57105575310638 
52.57113268054256 
52.571132727407594 
52.57113268054256 
52.57113541452627 
52.57113268054256 
52.571132727407594 
52.571132727407594 
52.5711328025039 
52.57113280201093 
52.5711328025039 
52.571132727407594 
52.57113541452627 
52.57113018999225 
52.571132727407594 
52.57113541452627 
52.57113268054256 
52.57113541452627 
52.56980049967286 
52.57113541452627 
52.57113541452627 
52.571026411810166 
52.5711328025039 
52.56981585763633 
52.57113541452627 
52.57113280201093 
52.5711328025039 
52.5711328025039 
52.57113268054256 
52.57113541452627 
52.56834984028497 
52.57113541452627 
52.5711328025039 
52.571132727407594 
52.571132727407594 
52.571132727407594 
52.571132727407594 
52.57113541452627 
52.57113268054256 
52.5711328025039 
52.57110975102353 
52.57113018999225 
52.57113268054256 
52.57113268054256 
52.57113541452627 
52.571132727407594 
52.57113018999225 
52.57113280201093 
52.56981167715062 
52.57113268054256 
52.57113541452627 
52.57113268054256 
52.571132727407594 
52.571132727407594 
52.5711328025039 
52.57113280201093 
52.5711328025039 
52.571132727407594 
52.57113541452627 
52.57113018999225 
52.571132727407594 
52.57113541452627 
52.34728429624445 
52.57113541452627 
52.57113541452627 
52.57107231508803 
52.57113268054256 
52.57113268054256 
52.571132727407594 
52.57113541452627 
52.57113541452627 
52.57113268054256 
52.57113541452627 
52.57112447171343 
52.57113268054256 
52.57113541452627 
52.5711192554227 
52.571132727407594 
52.57113541452627 
52.571132727407594 
52.57113541452627 
52.571132727407594 
52.57113280201093 
52.57113280201093 
52.57113268054256 
52.57113541452627 
52.57113268054256 
52.57113280201093 
52.5711328025039 
52.57113268054256 
52.57113280201093 
52.57113541452627 
51.763119879128986 
52.57113268054256 
52.57113541452627 
52.57113268054256 
52.57113268054256 
52.57113541452627 
52.5711328025039 
52.57113018999225 
52.57113280201093 
52.57113268054256 
52.57113541452627 
52.571026411810166 
52.57113541452627 
52.57113268054256 
51.76311441927147 
52.571132727407594 
52.57113541452627 
52.57113541452627 
52.57113280201093 
52.5711328025039 
52.57113280201093 
52.57113541452627 
52.57113268054256 
52.5711328025039 
52.5711328025039 
52.57113541452627 
52.57113280201093 
52.57113280201093 
52.57113541452627 
52.57113541452627 
52.57113541452627 
52.5711328025039 
52.57105562079375 
52.5711328025039 
52.57105562079375 
52.57113541452627 
52.5710976728288 
52.571132727407594 
52.57113509594276 
52.5711328025039 
52.57113541452627 
52.57113541452627 
52.57113541452627 
52.57110346361615 
52.57105300863457 
52.57110975102353 
52.57113268054256 
52.57113541452627 
52.57113541452627 
52.57113541452627 
52.57113541452627 
52.34808350782715 
52.5711328025039 
52.08410275722875 
52.57110506211326 
52.571109867022074 
52.57113268054256 
52.571132727407594 
52.57113541452627 
52.57113541452627 
52.5711328025039 
52.5711328025039 
52.569751235676776 
52.571132727407594 
52.5711328025039 
52.57105562079375 
52.57113541452627 
52.57112447171343 
52.57113280201093 
52.57112447171343 
52.57113256376961 
52.57112447171343 
52.57113018999225 
52.571132727407594 
52.571132727407594 
52.57107231508803 
52.57113541452627 
52.5697818525101 
52.57113280201093 
52.5711328025039 
52.57107231508803 
52.57113018999225 
52.57113280201093 
52.571132727407594 
52.571132727407594 
52.57111337962419 
52.57113541452627 
52.57113541452627 
52.57113541452627 
52.34729427939676 
52.57113541452627 
52.5711328025039 
52.5711328025039 
52.57113280201093 
52.57113541452627 
52.57113541452627 
52.57113541452627 
52.57113280201093 
52.57113541452627 
52.57110965121791 
52.57113280201093 
52.57113268054256 
52.5710976728288 
52.571026411810166 
52.57105575310638 
52.5711328025039 
52.57113280201093 
52.34727762217536 
52.57113541452627 
52.57107026912493 
52.57113268054256 
52.57113541452627 
52.571132727407594 
52.57113541452627 
52.57113268054256 
52.57113268054256 
52.57113541452627 
52.571132727407594 
52.5711328025039 
52.5711328025039 
52.57113280201093 
52.57113280201093 
52.571132727407594 
52.571132727407594 
52.57113268054256 
52.57113541452627 
52.571132727407594 
52.57113280201093 
52.5711328025039 
52.57113018999225 
52.57113280201093 
52.57113541452627 
52.571132727407594 
52.57113280201093 
52.57113541452627 
52.57113541452627 
52.57113541452627 
52.57113268054256 
52.57113541452627 
52.57113541452627 
52.57113268054256 
52.5711328025039 
52.5711328025039 
52.57113280201093 
52.57113280201093 
52.571132727407594 
52.571132727407594 
52.57113268054256 
52.57113541452627 
52.571132727407594 
52.57113280201093 
52.5711328025039 
52.57113018999225 
52.57113280201093 
52.57113541452627 
52.571132727407594 
52.57113280201093 
52.57113541452627 
52.57113541452627 
52.57113541452627 
52.57113268054256 
52.57113541452627 
52.57113541452627 
52.57113268054256 
52.57113541452627 
52.57113541452627 
52.57113268054256 
52.57113541452627 
52.571132720753475 
52.57113541452627 
52.5711328025039 
52.571132727407594 
52.57113268054256 
51.760754110858585 
52.07384952222644 
52.57113541452627 
52.571132727407594 
52.57113541452627 
52.57113541452627 
52.571132727407594 
52.5711328025039 
52.57113280201093 
52.5711328025039 
52.57113541452627 
52.57113280201093 
52.571132727407594 
52.5711328025039 
52.571132727407594 
52.5711328025039 
52.57113541452627 
52.57113268054256 
52.5711328025039 
52.57113541452627 
52.571132727407594 
52.57113541452627 
52.57113541452627 
52.57113541452627 
52.57113280201093 
52.57113268054256 
52.57113541452627 
52.57113280201093 
52.5711328025039 
52.57113541452627 
52.571132727407594 
52.57113280201093 
52.57113280201093 
52.56978506272329 
52.5710869157764 
52.57113541452627 
52.57113268054256 
52.57113268054256 
52.57113280201093 
52.5711328025039 
52.5711328025039 
52.571109867022074 
52.57113268054256 
52.57113541452627 
52.57113268054256 
52.571132727407594 
52.57113541452627 
52.571132727407594 
52.5711328025039 
52.571026411810166 
52.565094838706145 
52.08402728847059 
52.56974639616392 
52.56977477256772 
52.5711328025039 
52.571097673462624 
52.57113541452627 
52.5711328025039 
52.57113541452627 
52.57113541452627 
52.5711328025039 
52.57113280201093 
52.57113280201093 
52.57113280201093 
52.34032962456405 
52.569801367082256 
52.57113541452627 
52.57113541452627 
52.57113018999225 
52.571132727407594 
52.5711328025039 
52.57113541452627 
52.57113541452627 
52.57113541452627 
52.57113268054256 
52.57113268054256 
52.57113280201093 
52.57113280201093 
52.34648267614197 
52.56977477256772 
52.5711328025039 
52.57113280201093 
52.57113541452627 
52.57113541452627 
52.57113268054256 
52.57113268054256 
52.57113280201093 
52.57113268054256 
52.57113541452627 
52.5711328025039 
52.57113268054256 
52.571130115380356 
52.571132727407594 
52.57113541452627 
52.571132727407594 
52.57113268054256 
52.57113018999225 
52.5711328025039 
52.57113280201093 
52.57113541452627 
52.57113268054256 
52.57113280201093 
52.57113268054256 
52.57113541452627 
52.57113268054256 
52.571132727407594 
52.569815992808934 
52.571132727407594 
52.5711328025039 
52.57113280201093 
52.57113541452627 
52.57113541452627 
52.571132727407594 
52.571132727407594 
52.57113541452627 
52.57113268054256 
52.57113268054256 
52.57113268054256 
52.5711328025039 
52.57113541452627 
52.57113541452627 
52.5711328025039 
52.57113541452627 
52.57113541452627 
52.57113541452627 
52.57113541452627 
52.57113541452627 
52.571132727407594 
52.57113541452627 
52.57113268054256 
52.571132727407594 
52.57113280201093 
52.57113541452627 
52.57113280201093 
52.5711328025039 
52.5711328025039 
52.57113280201093 
52.57113541452627 
52.5711328025039 
52.57113541452627 
52.571132727407594 
52.5711328025039 
52.571132727407594 
52.57113268054256 
52.5711328025039 
52.5711328025039 
52.57113541452627 
52.57113280201093 
52.5711328025039 
52.571132727407594 
52.57113268054256 
52.57113268054256 
52.57113280201093 
52.57113280201093 
52.5711328025039 
52.571132727407594 
52.57113280201093 
52.57113280201093 
52.57113268054256 
52.571132727407594 
52.57113018999225 
52.57113268054256 
52.5711328025039 
52.5711328025039 
52.57113268054256 
52.571132727407594 
52.57113541452627 
52.57113541452627 
52.57113268054256 
52.57113541452627 
52.57113541452627 
52.57113541452627 
52.571132727407594 
52.571132727407594 
52.57113268054256 
52.57113268054256 
52.571132727407594 
52.57113268054256 
52.57113268054256 
52.57113280201093 
52.57113541452627 
52.57113541452627 
52.57113018999225 
52.5711328025039 
52.571132727407594 
52.5711328025039 
52.5711328025039 
52.57113541452627 
52.57113280201093 
52.57113018999225 
52.57113541452627 
52.571132727407594 
52.5711328025039 
52.571132727407594 
52.57113280201093 
52.57113268054256 
52.571132727407594 
52.341836702762144 
52.57103893420111 
52.57113280201093 
52.569752673185796 
52.5711338580607 
52.571107631897554 
52.57107176887687 
52.341836702762144 
52.57109125699213 
52.57113541452627 
52.5711354078723 
52.57113541452627 
52.569811701809 
52.57113541452627 
52.57113541452627 
52.57113541452627 
52.571132727407594 
52.57113541452627 
52.57113541452627 
52.57113541452627 
52.57113268054256 
52.57113541452627 
52.569815992808934 
52.5711328025039 
52.57113541452627 
52.34417409647938 
52.568444499194804 
52.5711117562892 
52.57111152904177 
52.57113031793444 
52.57113541452627 
52.57110898207668 
52.567026706852985 
52.57106488169222 
52.57109493226513 
52.57113541452627 
52.57113541452627 
52.57113541452627 
52.57113541452627 
52.5711328025039 
52.56717621260156 
52.57113280201093 
52.57113541452627 
52.57113541452627 
52.57113268054256 
52.571132727407594 
52.57113541452627 
52.571130115380356 
52.56981324332117 
52.57113541452627 
52.57113541452627 
52.57113541452627 
52.5711328025039 
52.571132727407594 
52.57113541452627 
52.57113268054256 
52.57113280201093 
52.57113541452627 
52.57113541452627 
52.5711328025039 
52.5711328025039 
52.571132727407594 
52.56981324332117 
52.57113541452627 
52.57113541452627 
52.56981324332117 
52.57113541452627 
52.57113541452627 
52.56981324332117 
52.57113541452627 
52.57113541452627 
52.57113280201093 
52.57113541452627 
52.56981587079235 
52.571132727407594 
52.57113280201093 
52.57113280201093 
52.57113268054256 
52.57113541452627 
52.56980282703643 
52.57113541452627 
52.57113541452627 
52.57113541452627 
52.57113268054256 
52.571132727407594 
52.56717849919868 
52.57113541452627 
52.57113541452627 
52.57113541452627 
52.57113541452627 
52.57113268054256 
52.571132727407594 
52.57113541452627 
52.571132727407594 
52.56717849919868 
52.57113541452627 
52.57113268054256 
52.57113280201093 
52.5711328025039 
52.57112588924219 
52.57113541452627 
52.57113018999225 
52.57113541452627 
52.57113268054256 
52.57113268054256 
52.57113268054256 
52.57113541452627 
52.57113268054256 
52.571132727407594 
52.5711328025039 
52.57113268054256 
52.56981599240251 
52.57113541452627 
52.571132727407594 
52.5711328025039 
52.56717621260156 
52.57113280201093 
52.57113541452627 
52.57113541452627 
52.57113541452627 
52.57113268054256 
52.5711328025039 
52.57113268054256 
52.57113541452627 
52.571132727407594 
52.5711328025039 
52.57113268054256 
52.571132727407594 
52.57105575310638 
52.57113268054256 
52.57113541452627 
52.57113541452627 
52.5711328025039 
52.571132727407594 
52.57113541452627 
52.5711328025039 
52.571109867022074 
52.57113018999225 
52.57113268054256 
52.57113541452627 
52.57113541452627 
52.57113268054256 
52.57113268054256 
52.57113280201093 
52.57113268054256 
52.57113541452627 
52.57113280201093 
52.571132727407594 
52.571132727407594 
52.57113018999225 
52.571090969256254 
52.571132727407594 
52.57113280201093 
52.571132727407594 
52.57113280201093 
52.57109310296823 
52.57113268054256 
52.571132727407594 
52.57113541452627 
52.571132727407594 
52.5711328025039 
52.571124349808116 
52.57113541452627 
52.571132727407594 
52.57113541452627 
52.57113268054256 
52.57113268054256 
52.5711328025039 
52.569121574165244 
52.57113268054256 
52.57113268054256 
52.571132727407594 
52.571130068022285 
52.57113268054256 
52.57113018999225 
52.571026411810166 
52.571130115380356 
52.5711328025039 
52.571130068022285 
52.57113268054256 
52.57113018999225 
52.57113525591199 
52.57113268054256 
52.57113018999225 
52.571132727407594 
52.57113280201093 
52.57113533478448 
52.57112434357229 
52.57113268054256 
52.5650946666153 
52.56980217964655 
52.571132727407594 
52.57113280201093 
52.571132727407594 
52.57113541452627 
52.57113268054256 
52.57113280201093 
52.57113536869026 
52.571096668904424 
52.57113541452627 
52.57113541452627 
52.57113541452627 
52.57113268054256 
52.57113268054256 
52.57113541452627 
52.5711328025039 
52.571132727407594 
52.57113541452627 
52.57113541452627 
52.57113541452627 
52.57113541452627 
52.57113268054256 
52.57113280201093 
52.57113541452627 
52.57113268054256 
52.57113541452627 
52.57113541452627 
52.57108224770387 
52.571132727407594 
52.57113268054256 
52.57113268054256 
52.571132727407594 
52.571132727407594 
52.57113268054256 
52.571094939407416 
52.571132727407594 
52.57113280201093 
52.57105575310638 
52.571132727407594 
52.57113541452627 
52.57113541452627 
52.571132727407594 
52.57113268054256 
52.57113268054256 
52.56980493261642 
52.571132727407594 
52.57113268054256 
52.571111290580596 
52.5711328025039 
52.571132727407594 
52.571132727407594 
52.57113268054256 
52.57113541452627 
52.57112171083889 
52.57113541452627 
52.5711328025039 
52.57113541452627 
52.57113541452627 
52.57113541452627 
52.57113268054256 
52.57113280201093 
52.57113541452627 
52.57113268054256 
52.57113541452627 
52.57113541452627 
52.57108224770387 
52.571132727407594 
52.57113268054256 
52.57113268054256 
52.571132727407594 
52.571132727407594 
52.57113268054256 
52.57113268054256 
52.571111290580596 
52.5711328025039 
52.571132727407594 
52.571132727407594 
52.57113268054256 
52.57113541452627 
52.57112171083889 
52.57113541452627 
52.57113541452627 
52.571132727407594 
52.57113280201093 
52.57113541452627 
52.57113541452627 
52.57113541452627 
52.57113280201093 
52.571132727407594 
52.571132727407594 
52.56981588540032 
52.57110975102353 
52.57113541452627 
52.57113541452627 
52.57108485980982 
52.5711328025039 
52.57113268054256 
52.57113268054256 
52.57113280201093 
52.57113280201093 
52.571109867022074 
52.57113541452627 
52.57113268054256 
52.57113541452627 
52.57113541452627 
52.57113541452627 
52.571132727407594 
52.571132727407594 
52.5711328025039 
52.57113280201093 
52.5698134639073 
52.56844467620266 
52.56574183967421 
52.57113541452627 
52.57113541452627 
52.57113268054256 
52.57113268054256 
52.57113268054256 
52.571132727407594 
52.571132727407594 
52.57113280201093 
52.57113268054256 
52.571132727407594 
52.57113541452627 
52.571132727407594 
52.57113541452627 
52.57113268054256 
52.57113268054256 
52.57113541452627 
52.5711328025039 
52.571132727407594 
52.57113018999225 
52.5711328025039 
52.57113541452627 
52.57113018999225 
52.57113268054256 
52.571132727407594 
52.57113268054256 
52.57105314044683 
52.571132727407594 
52.5657102088786 
52.57113541452627 
52.57113541452627 
52.5711328025039 
52.571132727407594 
52.57113268054256 
52.57113541452627 
52.57105562079375 
52.571132727407594 
52.5711328025039 
52.5711328025039 
52.57113268054256 
52.571132727407594 
52.57113268054256 
52.5711328025039 
52.57113541452627 
52.57113018999225 
52.57113541452627 
52.571132727407594 
52.57113268054256 
52.5711328025039 
52.57113541452627 
52.57113541452627 
52.5711328025039 
52.57113541452627 
52.571132727407594 
52.57113268054256 
52.571132727407594 
52.57113541452627 
52.57113541452627 
52.5711328025039 
52.5711328025039 
52.57113280201093 
52.57113280201093 
52.571132727407594 
52.5711328025039 
52.57113541452627 
52.57113280201093 
52.57113280201093 
52.571132727407594 
52.57113280201093 
52.57113541452627 
52.57113018999225 
52.57113280201093 
52.57113541452627 
52.571130115380356 
52.57113268054256 
52.5711328025039 
52.57113541452627 
52.57113541452627 
52.5711328025039 
52.5711328025039 
52.57113541452627 
52.571132727407594 
52.57113541452627 
52.57113018999225 
52.57113541452627 
52.57113268054256 
52.57113268054256 
52.57113541452627 
52.57113541452627 
52.57113541452627 
52.57113541452627 
52.5711328025039 
52.57113280201093 
52.57113541452627 
52.57113541452627 
52.57113541452627 
52.57113541452627 
52.571132727407594 
52.571132727407594 
52.571132727407594 
52.5711328025039 
52.571109867022074 
52.57113541452627 
52.5711328025039 
52.57113541452627 
52.57113280201093 
52.57113541452627 
52.57113541452627 
52.571132727407594 
52.57113268054256 
52.57113541452627 
52.57113268054256 
52.5711328025039 
52.5711328025039 
52.57113541452627 
52.57113268054256 
52.57109910019142 
52.57105575310638 
52.57113541452627 
52.57113018999225 
52.571132727407594 
52.571132727407594 
52.57113541452627 
52.57113541452627 
52.57113280201093 
52.57113541452627 
52.57113268054256 
52.57113280201093 
52.57107026912493 
52.57113541452627 
52.57113541452627 
52.569811701809 
52.57113280201093 
52.57113018999225 
52.571132727407594 
52.571132727407594 
52.57113541452627 
52.57113280201093 
52.5711328025039 
52.5711328025039 
52.57113280201093 
52.57113541452627 
52.5711328025039 
52.571132727407594 
52.5711328025039 
52.57113541452627 
52.57113268054256 
52.57113268054256 
52.57113018999225 
52.57113541452627 
52.57113541452627 
52.57113541452627 
52.57113541452627 
52.57113268054256 
52.57113268054256 
52.57113541452627 
52.57109310296823 
52.57107026912493 
52.5711328025039 
52.5711328025039 
52.57107026912493 
52.571132727407594 
52.57108485980982 
52.571026411810166 
52.57113541452627 
52.571132727407594 
52.57109310296823 
52.5711328025039 
52.57113541452627 
52.571090969256254 
52.571132727407594 
52.5711328025039 
52.57113541452627 
52.571132727407594 
52.571132727407594 
52.57108485980982 
52.57113541452627 
52.57113541452627 
52.57108485980982 
52.57102379909743 
52.57113541452627 
52.57107026912493 
52.57113541452627 
52.571132727407594 
52.57113268054256 
52.571132727407594 
52.571132727407594 
52.57113268054256 
52.571132727407594 
52.57113268054256 
52.57113018999225 
52.5711328025039 
52.57113280201093 
52.57113541452627 
52.57113268054256 
52.571132727407594 
52.57113541452627 
52.57113280201093 
52.57113280201093 
52.571132727407594 
52.571132727407594 
52.57113541452627 
52.571132727407594 
52.57113280201093 
52.57113268054256 
52.57113541452627 
52.57113280201093 
52.571132548048666 
52.57113541452627 
52.57113268054256 
52.57112015103501 
52.57113280201093 
52.57113541452627 
52.57113541452627 
52.5711328025039 
52.57113268054256 
52.57113541452627 
52.57113541452627 
52.571132727407594 
52.57113541452627 
52.57113541452627 
52.571132727407594 
52.57113541452627 
52.57113268054256 
52.57113280201093 
52.571132727407594 
52.57113541452627 
52.571132727407594 
52.57113280201093 
52.571128555446336 
52.5711328025039 
52.57113280201093 
52.57113541452627 
52.57107026912493 
52.57113268054256 
52.5711328025039 
52.57113268054256 
52.571132727407594 
52.5711328025039 
52.57113541452627 
52.5711328025039 
52.57113541452627 
52.57113541452627 
52.57113541452627 
52.57113280201093 
52.57113018999225 
52.5711328025039 
52.57113541452627 
52.57113541452627 
52.5711328025039 
52.57113280201093 
52.5711328025039 
52.57113268054256 
52.57113018999225 
52.56704256758868 
52.571132727407594 
52.57111402482247 
52.571132727407594 
52.571026411810166 
52.57113280201093 
52.56835842738144 
52.571132727407594 
52.57113268054256 
52.5711328025039 
52.57113280201093 
52.57113018999225 
52.57113268054256 
52.57113268054256 
52.57113541452627 
52.57113268054256 
52.57113541452627 
52.571132727407594 
52.57113541452627 
52.57113280201093 
52.57113541452627 
52.56981602729749 
52.57113541452627 
52.5711328025039 
52.57113280201093 
52.571132727407594 
52.5711328025039 
52.57113541452627 
52.57113280201093 
52.5711328025039 
52.57113280201093 
52.571132727407594 
52.57113541452627 
52.5711328025039 
52.571132727407594 
52.57113268054256 
52.57113541452627 
52.57113268054256 
52.57113268054256 
52.571132727407594 
52.57113280201093 
52.5711328025039 
52.57113280201093 
52.57113280201093 
52.57113541452627 
52.571132727407594 
52.57113541452627 
52.57113280201093 
52.57113268054256 
52.57113541452627 
52.5711328025039 
52.57113280201093 
52.57113541452627 
52.57113541452627 
52.57113268054256 
52.57113268054256 
52.57113268054256 
52.57113541452627 
52.57107231508803 
52.5711328025039 
52.5711328025039 
52.571026411810166 
52.57113541452627 
52.57113541452627 
52.5711328025039 
52.57113018999225 
52.57113541452627 
52.571132727407594 
52.57113268054256 
52.57113268054256 
52.571132727407594 
52.57113280201093 
52.57110975102353 
52.571132727407594 
52.571132727407594 
52.57113268054256 
52.57113268054256 
52.57113268054256 
52.5711328025039 
52.57113280201093 
52.569747431606544 
52.57113268054256 
52.57113541452627 
52.57113018999225 
52.57113268054256 
52.5711328025039 
52.5711328025039 
52.57103978070883 
52.34794486527757 
52.571132727407594 
52.571132727407594 
52.57113268054256 
52.57113541452627 
52.5711328025039 
52.57113280201093 
52.57113280201093 
52.57113541452627 
52.57113280201093 
52.57113280201093 
52.57113268054256 
52.571132727407594 
52.57113280201093 
52.57113280201093 
52.5711328025039 
52.56717849919868 
52.57113280201093 
52.57113541452627 
52.57113280201093 
52.57113268054256 
52.571124349808116 
52.57113541452627 
52.5711197631448 
52.57113018999225 
52.57113541452627 
52.571101620216126 
52.57113541452627 
52.57113541452627 
52.57113541452627 
52.571132727407594 
52.57113280201093 
52.571124349808116 
52.57113541452627 
52.5711197631448 
52.57113541452627 
52.571101620216126 
52.5711328025039 
52.571020043434324 
52.571122177369 
52.57113541452627 
52.569809925764595 
52.57113541452627 
52.57113541452627 
52.571132727407594 
52.57113541452627 
52.57113541452627 
52.5711328025039 
52.57113280201093 
52.57113541452627 
52.57113541452627 
52.5711328025039 
52.57112863064696 
52.57113280201093 
52.57112852217767 
52.571132727407594 
52.5711328025039 
52.57113280201093 
52.571062582116845 
52.56975423966442 
52.571132727407594 
52.571120204622034 
52.57113280201093 
52.571132727407594 
52.56981154707301 
52.57113541452627 
52.571125876043034 
52.56974771913617 
52.57111416986346 
52.57113280201093 
52.57113280201093 
52.57113280201093 
52.57113541452627 
52.57113541452627 
52.57113541452627 
52.57113268054256 
52.57111543601692 
52.57113541452627 
52.57113541452627 
52.57113510253658 
52.5711328025039 
52.571130095460674 
52.57113280201093 
52.57113541452627 
52.571133906128644 
52.57113541452627 
52.57113280201093 
52.57113280201093 
52.571132727407594 
52.57111543601692 
52.571132727407594 
52.56981585763633 
52.57113541452627 
52.571064726735436 
52.57113541452627 
52.56974897187563 
52.57113541452627 
52.57113302544323 
52.57113268054256 
52.571125318605965 
52.57112975419853 
52.57113541452627 
52.57113541452627 
52.57113280201093 
52.57113280201093 
52.56981585763633 
52.57112883561687 
52.57113541452627 
52.57113541452627 
52.56981585763633 
52.34798738126073 
52.57113280201093 
52.571108159907766 
52.57113280201093 
52.56842692181832 
52.57110218426764 
52.568347245701105 
52.571048272440585 
52.56381100023706 
52.56581157289946 
52.08495038459178 
52.34323843448724 
52.5697401109301 
52.57104356639894 
52.57113280201093 
52.57109795881206 
52.57113541452627 
52.57112344928252 
52.57113541452627 
52.57101110595289 
52.57113268054256 
52.57096276718045 
52.57113541452627 
52.57112476116762 
52.57113541452627 
52.57113541452627 
52.57113541452627 
52.57113541452627 
52.57113280201093 
52.571132727407594 
52.57111543601692 
52.57113541452627 
52.57113541452627 
52.57113440691259 
52.57113541452627 
52.571135135423006 
52.57113541452627 
52.57113541452627 
52.57113541452627 
52.571135135423006 
52.57113541452627 
52.57112757311721 
52.57113268054256 
52.57106329506006 
52.57113541452627 
52.57101492672769 
52.56115922441453 
52.57113541452627 
52.57113541452627 
52.569771729365556 
52.5711328025039 
52.57113541452627 
52.57113541452627 
52.571135135423006 
52.57113541452627 
52.571132727407594 
52.56981585763633 
52.57113541452627 
52.57113541452627 
52.571132727407594 
52.57113280201093 
52.57113081847738 
52.5711328025039 
52.57111692954434 
52.57113541452627 
52.569792744961205 
52.571132727407594 
52.57113541452627 
52.57113541452627 
52.57113541452627 
52.57112669271533 
52.5711328025039 
52.57112405773542 
52.5711354012181 
52.57112467007989 
52.5711285017565 
52.56981089252866 
52.57113280201093 
52.57112579055806 
52.57113541452627 
52.57113541452627 
52.569814275811886 
52.57113541452627 
52.57110214327983 
52.57113541452627 
52.57113005776424 
52.57113541452627 
52.57113541452627 
52.57113541452627 
52.57113541452627 
52.57113280201093 
52.57113268054256 
52.57112530580683 
52.57113541452627 
52.569814883565726 
52.57113268054256 
52.5711328025039 
52.57111905749179 
52.571132727407594 
52.56981585763633 
52.5711328025039 
52.57112688445771 
52.571132727407594 
52.571125876043034 
52.57113541452627 
52.571125876043034 
52.571132727407594 
52.56575240032259 
52.57105564546571 
52.5711328025039 
52.5711328025039 
52.57107361636696 
52.56577525573172 
52.57113541452627 
52.57113541452627 
52.56976056009395 
52.57113541452627 
52.57113541452627 
52.56981585763633 
52.571132727407594 
52.56846465208191 
52.571125876043034 
52.571132727407594 
52.571132727407594 
52.57111543601692 
52.571135195435744 
52.57113541452627 
52.56581491299423 
52.57113541452627 
52.571042367768584 
52.5711328025039 
52.57112531945683 
52.57113541452627 
52.56979467654298 
52.57110360463641 
52.56981585763633 
52.57113268054256 
52.57113435505605 
52.57113541452627 
52.571121119139185 
52.57113541452627 
52.571135143687464 
52.57113541452627 
52.571127461656154 
52.5711328025039 
52.57110212412322 
52.571132727407594 
52.57113192975967 
52.57113541452627 
52.56843750134806 
52.57113541452627 
52.57113541452627 
52.57113541452627 
52.571132727407594 
52.57111233872223 
52.57113541452627 
52.57113280201093 
52.571101536552106 
52.57113541452627 
52.571132727407594 
52.57111543601692 
52.57113490282933 
52.57113541452627 
52.57112604986113 
52.57113541452627 
52.57112541980482 
52.57113541452627 
52.57113541452627 
52.57113280201093 
52.57113541452627 
52.57113280201093 
52.571134571412486 
52.57113541452627 
52.571132727407594 
52.57113280201093 
52.571125707604764 
52.57113541452627 
52.57111998606622 
52.5711328025039 
52.57111509178763 
52.57113541452627 
52.56981104126659 
52.57113268054256 
52.34419404289099 
52.079299663349886 
52.56981585763633 
52.57113280201093 
52.57111543601692 
52.5711328025039 
52.56967051758935 
52.5711328025039 
52.571127419149796 
52.57113541452627 
52.571117141007825 
52.57113541452627 
52.57113446761451 
52.57113541452627 
52.57112978710286 
52.57113541452627 
52.56706119727889 
52.57113541452627 
52.571130764639975 
52.57113541452627 
52.57113493655128 
52.57113541452627 
52.57106244472448 
52.57113541452627 
52.571099438079116 
52.57113541452627 
52.57113477947747 
52.57113541452627 
52.57113541452627 
52.56843853006743 
52.57107491686839 
52.57113541452627 
52.57106952278382 
52.57113268054256 
52.57112986310599 
52.57113268054256 
52.571132727407594 
52.57112344928252 
52.57113541452627 
52.34565110713307 
52.57113541452627 
52.57113541452627 
52.57113541452627 
52.5711328025039 
52.08129596390919 
52.571054275085665 
52.57101526529062 
52.571132727407594 
52.57111543601692 
52.57111817641701 
52.5711217106691 
52.57113268054256 
52.571127068359075 
52.571132727407594 
52.5711328025039 
52.57112986310599 
52.57113541452627 
52.57112174631743 
52.57104567853623 
52.56981585763633 
52.57113280201093 
52.57113541452627 
52.57113541452627 
52.57113541452627 
52.5711353548115 
52.34488652856181 
52.56779162572379 
52.57113280201093 
52.56981585763633 
52.571132727407594 
52.56981585763633 
52.57113541452627 
52.571125876043034 
52.57113541452627 
52.57112274976685 
52.557786342655504 
52.5710872311273 
52.5711328025039 
52.57112344928252 
52.571132727407594 
52.57113541452627 
52.57101561714145 
52.57113541452627 
52.57113541452627 
52.57112206822532 
52.5711328025039 
52.56980165306446 
52.57113268054256 
52.571108159882904 
52.57113541452627 
52.5711094001789 
52.57113268054256 
52.571132727407594 
52.57112170396775 
52.57113421697144 
52.57113541452627 
52.57113541452627 
52.56840804248498 
52.571132727407594 
52.569737015981794 
52.57113280201093 
52.57113541452627 
52.57113541452627 
52.5711328025039 
52.56980407079075 
52.57113280201093 
52.5711328025039 
52.571074061612734 
52.57113541452627 
52.57113374863703 
52.5711328025039 
52.56980154623529 
52.5711328025039 
52.57110212412322 
52.571132727407594 
52.568436870183895 
52.57113541452627 
52.571133885423414 
52.57113541452627 
52.571051634217895 
52.57113541452627 
52.57113541452627 
52.57113280201093 
52.571132727407594 
52.56980218645029 
52.57113541452627 
52.57113280201093 
52.57113018999225 
52.57113280201093 
52.57113280201093 
52.57113268054256 
52.571130095460674 
52.57113280201093 
52.57113280201093 
52.57113541452627 
52.57113463453811 
52.57113541452627 
52.5711347538025 
52.57113541452627 
52.571130495304466 
52.57113541452627 
52.571132727407594 
52.57113280201093 
52.57109192921478 
52.57113541452627 
52.57113541452627 
52.34647770550762 
52.569786761494974 
52.5711328025039 
52.56974956191507 
52.57113541452627 
52.57113541452627 
52.57113541452627 
52.56981585763633 
52.57113268054256 
52.57113541452627 
52.57105823777201 
52.57113541452627 
52.57113541452627 
52.57113280201093 
52.57113541452627 
52.57113268054256 
52.5711328025039 
52.5711328025039 
52.57113541452627 
52.57113541452627 
52.57113541452627 
52.57113541452627 
52.57113541452627 
52.57113541452627 
52.57113541452627 
52.5711328025039 
52.57113541452627 
52.57113268054256 
52.57113541452627 
52.57113541452627 
52.57113541452627 
52.57113280201093 
52.57113280201093 
52.57113541452627 
52.57113541452627 
52.57113280201093 
52.57113280201093 
52.57113541452627 
52.57113541452627 
52.57113541452627 
52.57113541452627 
52.57113280201093 
52.56643171815198 
52.56912330572844 
52.56966148493249 
52.56442689642972 
52.57113541452627 
52.57113541452627 
52.57113541452627 
52.57113541452627 
52.57113541452627 
52.5711328025039 
52.57113280201093 
52.571128555319255 
52.57113268054256 
52.57113280201093 
52.57113280201093 
52.571132727407594 
52.57113541452627 
52.57113280201093 
52.5711328025039 
52.57113280201093 
52.57113541452627 
52.5711328025039 
52.57113541452627 
52.57113280201093 
52.5711328025039 
52.571132727407594 
52.57113541452627 
52.57113541452627 
52.57113018999225 
52.5711328025039 
52.571132727407594 
52.57113541452627 
52.5711328025039 
52.57113541452627 
52.57113541452627 
52.57113280201093 
52.57113280201093 
52.57113541452627 
52.57113541452627 
52.57113541452627 
52.5711328025039 
52.5711328025039 
52.57113280201093 
52.57113268054256 
52.57113541452627 
52.57113541452627 
52.57113280201093 
52.5711328025039 
52.5711328025039 
52.571132727407594 
52.57113268054256 
52.571132727407594 
52.5711328025039 
52.571132727407594 
52.57113541452627 
52.5711328025039 
52.57113541452627 
52.57113541452627 
52.571132727407594 
52.57113280201093 
52.57113541452627 
52.57113268054256 
52.57113541452627 
52.57113018999225 
52.57113268054256 
52.57113541452627 
52.57113541452627 
52.571132727407594 
52.57113541452627 
52.57113268054256 
52.571132727407594 
52.5711328025039 
52.57113541452627 
52.57113541452627 
52.57113541452627 
52.57113268054256 
52.57113541452627 
52.57113268054256 
52.57113018999225 
52.57113541452627 
52.571132727407594 
52.5711328025039 
52.5711328025039 
52.57113541452627 
52.57113018999225 
52.57113280201093 
52.5711328025039 
52.5711328025039 
52.57113268054256 
52.57113280201093 
52.57113541452627 
52.57113280201093 
52.57113541452627 
52.571132727407594 
52.57113018999225 
52.5711328025039 
52.57113280201093 
52.5711328025039 
52.5711328025039 
52.571132727407594 
52.57113541452627 
52.5711328025039 
52.5711328025039 
52.57113268054256 
52.5711328025039 
52.571026411810166 
52.57113280201093 
52.571132727407594 
52.571132727407594 
52.57113541452627 
52.57113541452627 
52.571132727407594 
52.57113280201093 
52.571132727407594 
52.5711328025039 
52.57113280201093 
52.57113541452627 
52.57113268054256 
52.5711328025039 
52.57113268054256 
52.57113541452627 
52.571132727407594 
52.57113280201093 
52.57113541452627 
52.571132727407594 
52.57113280201093 
52.57113541452627 
52.57113541452627 
52.57113280201093 
52.57113268054256 
52.57113541452627 
52.57113541452627 
52.57113541452627 
52.571132727407594 
52.57113280201093 
52.571132727407594 
52.57113541452627 
52.57113541452627 
52.5711328025039 
52.57113541452627 
52.57113280201093 
52.57113541452627 
52.57113268054256 
52.57113541452627 
52.57113280201093 
52.57113268054256 
52.5711328025039 
52.57113280201093 
52.57113541452627 
52.57113280201093 
52.57113280201093 
52.57113268054256 
52.57113268054256 
52.571132727407594 
52.57113541452627 
52.571132727407594 
52.57113280201093 
52.571132727407594 
52.57113541452627 
52.57113541452627 
52.57113541452627 
52.57113280201093 
52.57113541452627 
52.57113541452627 
52.57113541452627 
52.57113541452627 
52.57113541452627 
52.571132727407594 
52.5711328025039 
52.57113541452627 
52.57113280201093 
52.571132727407594 
52.57113268054256 
52.571132727407594 
52.57113541452627 
52.57113541452627 
52.5711328025039 
52.57113280201093 
52.57113541452627 
52.5711328025039 
52.57113541452627 
52.57113268054256 
52.57113541452627 
52.57113541452627 
52.57113268054256 
52.571132727407594 
52.57113541452627 
52.57113018999225 
52.571132727407594 
52.57113018999225 
52.57113280201093 
52.57113268054256 
52.57113280201093 
52.57113280201093 
52.571132727407594 
52.5711328025039 
52.571132727407594 
52.57113018999225 
52.57113280201093 
52.57113268054256 
52.57113280201093 
52.57113268054256 
52.5711328025039 
52.57113280201093 
52.5711328025039 
52.5711328025039 
52.57113541452627 
52.57108485980982 
52.571132727407594 
52.571132727407594 
52.57113541452627 
52.57113541452627 
52.57113268054256 
52.57113280201093 
52.57113280201093 
52.57113268054256 
52.5711328025039 
52.57113280201093 
52.57113541452627 
52.57113541452627 
52.57113018999225 
52.5711328025039 
52.571132727407594 
52.571132727407594 
52.57113018999225 
52.57113541452627 
52.57113541452627 
52.5711328025039 
52.57113268054256 
52.57113268054256 
52.565710795504266 
52.56979705089928 
52.57113541452627 
52.57113280201093 
52.57113268054256 
52.5711328025039 
52.57113541452627 
52.57113541452627 
52.571109867022074 
52.57112224709397 
52.56566967978414 
52.5698057453418 
52.57113280201093 
52.5711328025039 
52.57113268054256 
52.57113268054256 
52.571132727407594 
52.57113268054256 
52.57113541452627 
52.5711328025039 
52.571132727407594 
52.57113541452627 
52.57113280201093 
52.57107439476231 
52.57113541452627 
52.57113280201093 
52.57113541452627 
52.57113541452627 
52.57113541452627 
52.57105575310638 
52.571026411810166 
52.57107026912493 
52.57113280201093 
52.57113007558281 
52.57113541452627 
52.56981841055508 
52.57113541452627 
52.571132727407594 
52.57113268054256 
52.571026411810166 
52.571132727407594 
52.5711328025039 
52.57113268054256 
52.57113268054256 
52.57113541452627 
52.57113268054256 
52.57113268054256 
52.57113280201093 
52.57113541452627 
52.57113280201093 
52.5711328025039 
52.57113280201093 
52.571132727407594 
52.57113280201093 
52.57113280201093 
52.57113541452627 
52.5711328025039 
52.571132727407594 
52.57113280201093 
52.57113541452627 
52.571132727407594 
52.567169875534226 
52.57113268748314 
52.571132727407594 
52.57113268054256 
52.571026411810166 
52.57105562079375 
52.57113541452627 
52.57113268054256 
52.57113018999225 
52.57113541452627 
52.57113268054256 
52.57113541452627 
52.57113541452627 
52.5711328025039 
52.57113268054256 
52.57113268054256 
52.571132727407594 
52.571132727407594 
52.5711328025039 
52.57113268054256 
52.57113018999225 
52.57113541452627 
52.57113541452627 
52.5711328025039 
52.5711328025039 
52.571132727407594 
52.57113018999225 
52.57113268054256 
52.5711328025039 
52.57107026912493 
52.57113280201093 
52.57113268054256 
52.57113541452627 
52.571132727407594 
52.571132727407594 
52.57113280201093 
52.57113541452627 
52.5711328025039 
52.57113268054256 
52.57113268054256 
52.571132727407594 
52.571132727407594 
52.57113280201093 
52.57113280201093 
52.5711328025039 
52.57113541452627 
52.5711328025039 
52.57113280201093 
52.57113541452627 
52.571132727407594 
52.57113018999225 
52.57113268054256 
52.57113541452627 
52.571132727407594 
52.57113280201093 
52.57113280201093 
52.571132727407594 
52.571132727407594 
52.57113268054256 
52.57113268054256 
52.57113541452627 
52.571132727407594 
52.57113268054256 
52.5711328025039 
52.571026411810166 
52.57113268054256 
52.571132727407594 
52.5711328025039 
52.57113280201093 
52.57113280201093 
52.571132727407594 
52.571132727407594 
52.57113268054256 
52.57113280201093 
52.57113280201093 
52.57113280201093 
52.571132727407594 
52.571132727407594 
52.571132727407594 
52.57113541452627 
52.571132727407594 
52.57105300863457 
52.5711328025039 
52.57113541452627 
52.5711328025039 
52.57113268054256 
52.57113541452627 
52.57113541452627 
52.57113541452627 
52.57113280201093 
52.57113268054256 
52.57113541452627 
52.57113280201093 
52.5711328025039 
52.57113280201093 
52.57113280201093 
52.57113541452627 
52.571132727407594 
52.5711328025039 
52.5711328025039 
52.57113541452627 
52.57113541452627 
52.57113541452627 
52.57113280201093 
52.57113280201093 
52.57113018999225 
52.57113280201093 
52.57113541452627 
52.571132727407594 
52.57113280201093 
52.57113541452627 
52.571132727407594 
52.57113268054256 
52.57113541452627 
52.57113268054256 
52.571132727407594 
52.5711328025039 
52.5711328025039 
52.5711328025039 
52.57113268054256 
52.57113541452627 
52.57113280201093 
52.57113541452627 
52.57113018999225 
52.57113541452627 
52.571132727407594 
52.571132727407594 
52.57113280201093 
52.571132727407594 
52.57113541452627 
52.57113541452627 
52.57113541452627 
52.57113268054256 
52.56846893841568 
52.57111402456178 
52.571132727407594 
52.57113268054256 
52.57113280201093 
52.57113541452627 
52.571132727407594 
52.57113018999225 
52.57113268054256 
52.571132727407594 
52.571132727407594 
52.5711328025039 
52.57113541452627 
52.57113541452627 
52.5711328025039 
52.571132727407594 
52.57113280201093 
52.571095060878996 
52.5711328025039 
52.5711328025039 
52.5711328025039 
52.5711328025039 
52.57113268054256 
52.571132727407594 
52.571097673462624 
52.571132727407594 
52.5711328025039 
52.57113280201093 
52.57113280201093 
52.5670957225944 
52.57113280201093 
52.57113541452627 
52.571132727407594 
52.5711328025039 
52.57113541452627 
52.57113268054256 
52.57113280201093 
52.57113268054256 
52.571132727407594 
52.57113541452627 
52.57113541452627 
52.57113018999225 
52.571132727407594 
52.57113541452627 
52.571109867022074 
52.57113541452627 
52.5711328025039 
52.57113280201093 
52.571097673462624 
52.57113268054256 
52.5711328025039 
52.57113280201093 
52.5711328025039 
52.57113280201093 
52.5711328025039 
52.57108485980982 
52.57113280201093 
52.57113280201093 
52.5711328025039 
52.571132727407594 
52.571132727407594 
52.57113280201093 
52.57113541452627 
52.57113268054256 
52.57113541452627 
52.57113018999225 
52.57113541452627 
52.5711328025039 
52.57113268054256 
52.5711328025039 
52.57113541452627 
52.57113268054256 
52.57113541452627 
52.57113541452627 
52.57113541452627 
52.571132727407594 
52.571132727407594 
52.5711328025039 
52.5711328025039 
52.5711328025039 
52.57113268054256 
52.57113280201093 
52.57113268054256 
52.5711328025039 
52.57113268054256 
52.57108224770387 
52.57113541452627 
52.57113018999225 
52.57113541452627 
52.57113268054256 
52.57113280201093 
52.571132727407594 
52.571095060878996 
52.571132727407594 
52.57113268054256 
52.571132727407594 
52.57113018999225 
52.571132727407594 
52.57113280201093 
52.57113280201093 
52.57113268054256 
52.571132727407594 
52.5711328025039 
52.57113018999225 
52.571132727407594 
52.571125936816856 
52.5711328025039 
52.5711328025039 
52.571090969256254 
52.57113268054256 
52.57113280201093 
52.57113541452627 
52.571132727407594 
52.57113541452627 
52.571132727407594 
52.57113018999225 
52.5711328025039 
52.5711328025039 
52.571132727407594 
52.57113018999225 
52.57113280201093 
52.57113268054256 
52.57113541452627 
52.57113280201093 
52.5711328025039 
52.57113018999225 
52.57113268054256 
52.57113268054256 
52.57108485980982 
52.571132727407594 
52.57113268054256 
52.57113018999225 
52.57113268054256 
52.57113268054256 
52.571132727407594 
52.57113541452627 
52.57113541452627 
52.57113280201093 
52.57113280201093 
52.571132727407594 
52.57113268054256 
52.57113541452627 
52.57113280201093 
52.57113541452627 
52.571132727407594 
52.571132727407594 
52.57113268054256 
52.57113268054256 
52.57113541452627 
52.571090969256254 
52.57113541452627 
52.57113018999225 
52.5711328025039 
52.571132727407594 
52.571132727407594 
52.5711328025039 
52.57113541452627 
52.57113541452627 
52.5711328025039 
52.57113268054256 
52.57113541452627 
52.57113541452627 
52.57113541452627 
52.57113280201093 
52.57107231508803 
52.57113541452627 
52.57113541452627 
52.571132727407594 
52.57113541452627 
52.57113541452627 
52.57113018999225 
52.57113541452627 
52.57113268054256 
52.571132727407594 
52.5711328025039 
52.5711328025039 
52.57113541452627 
52.57113541452627 
52.571132727407594 
52.57113541452627 
52.57113280201093 
52.57113268054256 
52.57113268054256 
52.5711328025039 
52.57113280201093 
52.57113268054256 
52.57113018999225 
52.57113541452627 
52.57113541452627 
52.57113268054256 
52.57113541452627 
52.57113268054256 
52.57113268054256 
52.5711328025039 
52.571132727407594 
52.57113280201093 
52.5711328025039 
52.57113268054256 
52.57113280201093 
52.5711328025039 
52.5711328025039 
52.57113280201093 
52.57113018999225 
52.57113280201093 
52.57113280201093 
52.57113268054256 
52.57113280201093 
52.57108485980982 
52.57113541452627 
52.5711328025039 
52.57113268054256 
52.571090969256254 
52.57113541452627 
52.57113268054256 
52.571132727407594 
52.5711328025039 
52.57113541452627 
52.5711328025039 
52.57113541452627 
52.57113268054256 
52.57113268054256 
52.571132727407594 
52.571132727407594 
52.571132727407594 
52.57113541452627 
52.57113268054256 
52.5711328025039 
52.57113541452627 
52.57113541452627 
52.57107026912493 
52.57111809518656 
52.571132736324074 
52.57113541452627 
52.57113541452627 
52.57113280201093 
52.57113268054256 
52.57113280201093 
52.57113018999225 
52.57113268054256 
52.57113018999225 
52.57107026912493 
52.571132727407594 
52.5711328025039 
52.57113268054256 
52.571132727407594 
52.571132727407594 
52.57113268054256 
52.57113541452627 
52.5711328025039 
52.57113268054256 
52.57113268054256 
52.571132727407594 
52.5711328025039 
52.57113541452627 
52.5711328025039 
52.57113280201093 
52.57113268054256 
52.571132727407594 
52.57113541452627 
52.57107231508803 
52.57113541452627 
52.5711328025039 
52.571132727407594 
52.5711328025039 
52.5711328025039 
52.57113280201093 
52.571132727407594 
52.57113541452627 
52.571132727407594 
52.57113268054256 
52.57113280201093 
52.57113268054256 
52.571132727407594 
52.57113268054256 
52.57113268054256 
52.571132727407594 
52.57113541452627 
52.57113541452627 
52.5711328025039 
52.57113268054256 
52.57113280201093 
52.57113018999225 
52.571132727407594 
52.57113268054256 
52.57113541452627 
52.57113541452627 
52.57113268054256 
52.57113268054256 
52.57113280201093 
52.57113541452627 
52.5711328025039 
52.57113541452627 
52.57113541452627 
52.57113268054256 
52.5711328025039 
52.57113280201093 
52.57113018999225 
52.57113541452627 
52.571026411810166 
52.57113280201093 
52.57113268054256 
52.57105562079375 
52.571132727407594 
52.57113280201093 
52.57113268054256 
52.571132727407594 
52.571132727407594 
52.57113018999225 
52.57113541452627 
52.571132727407594 
52.57113268054256 
52.571132727407594 
52.57113018999225 
52.57113018999225 
52.57113018999225 
52.571132727407594 
52.57113280201093 
52.57113541452627 
52.571132727407594 
52.57113541452627 
52.571132727407594 
52.57113280201093 
