45.75719154090224 
45.75789356132891 
45.75785087148743 
45.75784925672151 
45.75003459220773 
45.751490505452345 
45.528116292138726 
45.738304316590146 
45.75785160192003 
45.75785160192003 
45.75443101293911 
45.246039608095735 
45.75789356132891 
45.75785087148743 
45.75785087148743 
45.75784925672151 
45.75775128513211 
45.75783157348498 
45.75785161800588 
45.75784925672151 
45.745505342185275 
45.75785160192003 
45.75784925672151 
45.75789356132891 
45.75783146496525 
45.749909079751575 
45.75789356132891 
45.75770933971942 
45.75789356132891 
45.75789356132891 
45.75785161800588 
45.75785087148743 
45.75785160192003 
45.75789356132891 
45.75785087148743 
45.75789356132891 
45.75785161800588 
45.75785160192003 
45.75789356132891 
45.75785087148743 
45.75785160192003 
45.75785161800588 
45.75785160192003 
45.75789356132891 
45.75718373125949 
45.75785087148743 
45.75789356132891 
45.75789356132891 
45.75784925672151 
45.75785161800588 
45.75785160192003 
45.75771882244054 
45.75785087148743 
45.75786832934727 
45.75785161800588 
45.75789356132891 
45.75789356132891 
45.75789356132891 
45.7577843802495 
45.757689669017786 
45.75785087148743 
45.75785087148743 
45.75789356132891 
45.75784925672151 
45.75789356132891 
45.75718373125949 
45.75785161800588 
45.75785161800588 
45.75733103800179 
45.75789356132891 
45.75784925672151 
45.75718373125949 
45.75785087148743 
45.75784925672151 
45.75789356132891 
45.75785087148743 
45.757730077552694 
45.75784925672151 
45.75789356132891 
45.75783183667714 
45.75789356132891 
45.75785160192003 
45.75785087148743 
45.75787315767911 
45.75435466009554 
45.75484318041353 
45.75784883435447 
45.75769771139973 
45.75789356132891 
45.75789356132891 
45.75785160192003 
45.75784925672151 
45.75785161800588 
45.75779219049855 
45.75785160192003 
45.75784925672151 
45.75784757520961 
45.75789356132891 
45.75785087148743 
45.75789356132891 
45.75789356132891 
