48.02204853836435 
47.43020810005688 
47.46045442459638 
46.819406648366844 
48.032614752934464 
47.93889251094676 
47.72013851244053 
47.559862691783216 
47.74556159425708 
47.51721385072849 
46.13705111244521 
48.179668156944196 
47.648209689454035 
46.603752508010636 
47.765025260572195 
46.70548005099894 
47.205347559794454 
46.85420417869249 
47.95147839430313 
46.01892244962053 
47.82674991214535 
47.20534802571156 
47.5223384999032 
47.185703440324545 
47.22701331201327 
47.79974869102659 
47.97580130776156 
47.838929418196905 
48.02720177313468 
46.63732503417283 
48.242051378181614 
47.44943121321964 
47.56114011506547 
47.40320940567181 
47.04323859221884 
47.46146532594582 
47.12205683465724 
47.80285430274249 
47.548022738707424 
0.0 
47.50130349557707 
47.75809029811055 
48.26907857104439 
48.030272655198644 
47.48389643178561 
47.56948650649206 
47.43674010371979 
47.806644506599376 
47.77954971642935 
47.690802791573404 
47.806644506599376 
46.22586223002692 
48.015562709707766 
47.14525793665176 
47.0877875394781 
47.270971409788785 
47.740933361107565 
47.98122925026648 
48.04346593611293 
47.52708344470193 
47.18111872886849 
47.48630954242971 
48.02698099512023 
48.02488416936807 
48.21907957745656 
46.67115341732689 
47.830940942525075 
47.742954282133105 
47.150419205973016 
46.79245180430027 
46.26288533119672 
47.546788556067675 
48.220036003781104 
47.480083879713604 
47.080490136498156 
47.435406733026774 
47.54074400595247 
48.04603201506012 
47.77349050296692 
47.52249437249844 
47.58625971165375 
0.0 
47.08138989849196 
45.26147887192487 
47.730617821135056 
47.48986762432542 
47.79972878500168 
47.534686691756605 
47.97999583742693 
47.77066598701303 
47.53252068878472 
47.505092425982824 
47.531624169545196 
47.17176175817844 
46.729141828515516 
46.74140369392104 
47.975066450793086 
47.062795389862465 
48.05863398635169 
46.71064539705389 
