59.89741421255319 
59.47168724792821 
59.89063316046535 
59.893834292112466 
59.465545413556 
59.89909778296934 
59.89930528708326 
59.47263642115128 
59.88834249085391 
59.89932465593051 
59.66946172060989 
59.89944283169897 
59.20651933095392 
59.89929307369098 
59.894547785369944 
59.89920424518145 
59.89076761115658 
59.70409735063299 
59.89209076980068 
59.88766541236457 
59.89113529297662 
59.69852623934589 
59.69231367361843 
59.89342812087816 
59.69162290341507 
59.89800972487184 
59.88760829845095 
59.891202492056486 
59.480900010724845 
59.87968375181029 
59.89277318777959 
59.87967722734574 
59.89804162368893 
59.89312214674321 
59.70447275298934 
59.88503278248087 
59.701019565603026 
59.892733988136605 
59.69928201444054 
59.69773762544484 
59.692899008143385 
59.89015380040202 
59.699594171329124 
59.89942847642715 
59.899470603953944 
59.89924795388533 
59.70116772874509 
59.88620711959966 
59.895983262926116 
59.70622419868942 
59.46695982176565 
59.896984043574456 
59.69331789766687 
59.89585580968046 
59.47709663320329 
59.88767014872458 
59.89931818255464 
59.8904269669015 
59.701963129185664 
59.8991992042812 
59.88278725771825 
59.89532183010844 
59.89273263547872 
59.892953057440195 
59.89424870867123 
59.886107129146374 
59.8992024431847 
59.88574872637682 
59.89415101759632 
59.89927961011927 
59.89969436250188 
59.69884996187554 
59.88432866649516 
59.70622040064218 
59.899200386162164 
59.891017865777904 
59.89890928626877 
59.68966163987069 
59.898966289252044 
59.86601179019561 
59.86765921235994 
59.88879005731584 
59.89945283579479 
59.8892099625502 
59.88766541236457 
59.89113529297662 
59.69852623934589 
59.697536425480806 
59.694159183086605 
59.888673198037786 
59.69672731977998 
59.899448983993665 
59.898943496478864 
59.89879831123651 
59.89640104090186 
59.89930603125523 
59.89661090804299 
59.899518208184105 
59.89929307369098 
59.894547785369944 
