59.680718576703846 
59.66633789732111 
59.680718576703846 
59.68074560300904 
59.68074560300904 
59.67685102967056 
59.67681536721203 
59.680745737287644 
59.680726289007886 
59.68128397707256 
59.680718576703846 
59.68128397707256 
59.6801799915675 
59.680168106535305 
59.6802071607786 
59.680718576703846 
59.680733724254864 
59.68128397707256 
59.680745737287644 
59.680718576703846 
59.68128397707256 
59.68128397707256 
59.680767137199695 
59.680718576703846 
59.6801799915675 
59.680767137199695 
59.665478532040304 
59.680767137199695 
59.68128397707256 
59.680745737287644 
59.68128397707256 
59.68128397707256 
59.680187841081754 
59.680767137199695 
59.68128397707256 
59.680733724254864 
59.680733724254864 
59.68074560300904 
59.68128397707256 
59.680745737287644 
59.68128397707256 
59.680733724254864 
59.680718576703846 
59.68074560300904 
59.6802071607786 
59.68128397707256 
59.680726289007886 
59.680767137199695 
59.680733724254864 
59.6801799915675 
59.6801799915675 
59.68074560300904 
59.665774400376414 
59.680168106535305 
59.680745737287644 
59.680160669992894 
59.68128397707256 
59.68128397707256 
59.680767137199695 
59.680767137199695 
59.666022632527614 
59.680168106535305 
59.680718576703846 
59.68020924776942 
59.680767137199695 
59.680733724254864 
59.68020924776942 
59.68074560300904 
59.680733724254864 
59.68128397707256 
59.66504017899818 
59.6802071607786 
59.680733724254864 
59.680733724254864 
59.680733724254864 
59.680745737287644 
59.680718576703846 
59.68128397707256 
59.6802071607786 
59.680733724254864 
59.680718576703846 
59.67889722076559 
59.68074560300904 
59.680767137199695 
59.680745737287644 
59.68020924776942 
59.680733724254864 
59.680767137199695 
59.6802071607786 
59.680733724254864 
59.680745737287644 
59.680767137199695 
59.680767137199695 
59.6801799915675 
59.68128397707256 
59.680726289007886 
59.680168106535305 
59.68128397707256 
59.680745737287644 
59.68074560300904 
