59.68053662143729 
59.679847088701656 
59.6805202784563 
59.46408029639648 
59.23379611844808 
58.612646203868614 
58.629510582570155 
59.680553432434124 
59.680553432434124 
59.260680005998005 
58.65424006489204 
59.68121920193136 
59.68052999766742 
59.68052999766742 
59.6805202784563 
59.67662313669147 
59.68053671100771 
59.68054625064959 
59.6805202784563 
58.62750253209578 
59.679870536797814 
59.6805202784563 
59.6798935832107 
59.677898031048876 
59.47367578249308 
59.68121920193136 
59.675948035464515 
59.67985652911006 
59.68121920193136 
59.68054625064959 
59.679847088701656 
59.680553432434124 
59.68053943137513 
59.679847088701656 
59.664107502814744 
59.68054625064959 
59.680553432434124 
59.68053662143729 
59.68052999766742 
59.680553432434124 
59.68054625064959 
59.680553432434124 
59.68121920193136 
59.6601696223629 
59.68052999766742 
59.66479789895752 
59.68121920193136 
59.67983799576776 
59.68054625064959 
59.680553432434124 
59.67005792951248 
59.68052999766742 
59.67973701587744 
59.68054625064959 
59.68121920193136 
59.68121920193136 
59.68121920193136 
59.676450042122 
59.67333897332218 
59.68052999766742 
59.68052999766742 
59.67985652911006 
59.6805202784563 
59.68053943137513 
59.6601696223629 
59.68054625064959 
59.68054625064959 
59.65886915158536 
59.68121920193136 
59.6805202784563 
59.65947985854382 
59.68052999766742 
59.6805202784563 
59.67985652911006 
59.68052999766742 
59.66732506833109 
59.6805202784563 
59.68053943137513 
59.677929612682895 
59.6798935832107 
59.679870536797814 
59.68052999766742 
59.679225137515445 
59.21587803211179 
59.462293588707446 
59.68044199116695 
59.666693882459576 
59.68053943137513 
59.65859107726572 
59.680553432434124 
59.6805202784563 
59.68054625064959 
59.65964978384986 
59.680553432434124 
59.6805202784563 
59.68048268182739 
59.68053662143729 
59.68052999766742 
59.68053662143729 
59.67985652911006 
