51.57860769446947 
51.57862635509842 
51.57862542449137 
51.57862408884079 
51.5786086713267 
51.57710321104066 
51.57855984653582 
51.578588401556765 
51.57862721249313 
51.57852811576371 
51.57849408779308 
51.57860770415886 
51.57856793135623 
51.57561147054308 
51.57862909939223 
51.57860814627957 
51.57856796328923 
51.57860852774697 
51.57862491491579 
51.578625797539644 
51.578628033538465 
51.5786237964358 
51.57854421676566 
51.578605223801965 
51.57858541310713 
51.57856059451544 
51.57418286221237 
51.35376658200131 
51.57851489542612 
51.57857512013416 
51.578563233284804 
51.57846295622526 
51.578574017102135 
51.57855827276615 
51.57858084044544 
51.578588308168044 
51.57862720963983 
51.57857643571722 
51.57857360675472 
51.57852205329546 
51.577114238040146 
51.578592208643435 
51.57862596243566 
51.57843719154763 
51.57854977228038 
51.574904816130186 
51.578606048208286 
51.57858666909286 
51.57862624255266 
51.57861499063041 
51.5784344478432 
51.57862752734997 
51.5769921728502 
51.57862478305318 
51.57710639637292 
51.57862537877792 
51.578626591154894 
51.578578164394266 
51.578623258263235 
51.5785918571433 
51.578626051064944 
51.578597762631574 
51.57342384741646 
51.5786074385916 
51.57856441437502 
51.57488747524955 
51.57850458906979 
51.57860770415886 
51.57856793135623 
51.57561147054308 
51.57862909939223 
51.57860814627957 
51.57853426660941 
51.57104264870712 
51.57705497120846 
51.578625508282876 
51.57862909939223 
51.57490848918367 
51.578569056343675 
51.578622625387005 
51.57858637548215 
51.57715153878962 
51.57635908814875 
51.577116363088884 
51.57861598677375 
51.57862596243566 
51.57862279388914 
51.57562991881809 
51.578605223801965 
51.578592208643435 
51.578625508282876 
51.57862512546719 
51.57862771423331 
51.57854902525484 
51.578593771417424 
51.578579234757335 
51.578626621308096 
51.57682868447671 
51.57862656365254 
51.57854534336852 
