45.1767576233469 
44.9653298490278 
45.176273391280546 
44.68059678695823 
45.18191027198003 
45.190537671962524 
44.95690533003216 
45.184340190674064 
45.187290363215084 
45.180092047193156 
44.66967526428692 
45.19375774829561 
45.179994284349796 
44.679796073632566 
45.190986430655165 
45.1714930489355 
44.699775576224084 
44.68742477775123 
45.19094816172119 
45.16685889674772 
45.180318444405415 
44.70000380431792 
44.95316462241817 
45.182493645854514 
44.954052081673105 
45.1841114890447 
45.194181100774685 
45.19139575686909 
45.19088103657875 
44.91970889176144 
45.19413939421955 
44.95574766688831 
44.954052081673105 
45.187692392421226 
44.693254560671285 
45.18575186812054 
44.942270616561586 
45.18702883835546 
45.18322023990798 
43.89621987585635 
45.17670000611518 
45.19408687712613 
45.1944589417519 
45.1860610951969 
44.969840750066844 
45.17381946959575 
45.187388978888265 
44.96998975654375 
45.18715805505223 
45.187388978888265 
44.96998975654375 
44.67403392196656 
45.19062977179111 
45.17962171768892 
44.940062610064686 
44.958840054516074 
44.94189409658454 
45.19442497580657 
45.18614416911216 
45.17807341536192 
45.17495354378115 
44.92930554823887 
45.190747945098394 
45.19092383012294 
45.194155904820654 
44.948771195436194 
45.18663258560827 
45.19075373497868 
45.16884316267939 
44.67408832629678 
44.376680131208296 
45.19116454855584 
45.1942508528723 
45.16868614254614 
44.94332272124359 
45.16954548992307 
45.18623895409697 
45.18469242721024 
45.193914775375 
44.966178296197256 
45.16272587751944 
44.95179829519532 
44.97001653990358 
43.94479453289788 
45.18285318087916 
45.187594949769434 
45.18499437211589 
45.181679165796055 
45.19080175639375 
45.187967384036966 
44.9552346251553 
45.173412564395754 
45.186314344243414 
44.95326734996811 
44.914090743045605 
45.16244408493681 
45.19116835043629 
44.94605756054648 
45.19423651308372 
44.68705894185847 
