45.63585118323298 
45.635810752996015 
45.635811555513214 
45.62944329800911 
45.629305455626024 
45.406097445307 
45.61605846354576 
45.635812153914074 
45.635812153914074 
45.632427981346005 
45.12962982880197 
45.63585118323298 
45.635810752996015 
45.635810752996015 
45.635811555513214 
45.63575008965116 
45.63581261454604 
45.63581290625529 
45.635811555513214 
45.62335031059552 
45.635812153914074 
45.635811555513214 
45.63585118323298 
45.63579144149703 
45.62637601736554 
45.63585118323298 
45.63571181172793 
45.63585118323298 
45.63585118323298 
45.63581290625529 
45.635810752996015 
45.635812153914074 
45.63585118323298 
45.635810752996015 
45.63585118323298 
45.63581290625529 
45.635812153914074 
45.63585118323298 
45.635810752996015 
45.635812153914074 
45.63581290625529 
45.635812153914074 
45.63585118323298 
45.63526685567573 
45.635810752996015 
45.63585118323298 
45.63585118323298 
45.635811555513214 
45.63581290625529 
45.635812153914074 
45.635671257572746 
45.635810752996015 
45.63582552118899 
45.63581290625529 
45.63585118323298 
45.63585118323298 
45.63585118323298 
45.635763927842895 
45.63564486809774 
45.635810752996015 
45.635810752996015 
45.63585118323298 
45.635811555513214 
45.63585118323298 
45.63526685567573 
45.63581290625529 
45.63581290625529 
45.63526524754649 
45.63585118323298 
45.635811555513214 
45.63526685567573 
45.635810752996015 
45.635811555513214 
45.63585118323298 
45.635810752996015 
45.63568702008085 
45.635811555513214 
45.63585118323298 
45.63579256537605 
45.63585118323298 
45.635812153914074 
45.635810752996015 
45.635830189051916 
45.632402312953666 
45.632761035052134 
45.6358111149093 
45.635655887973954 
45.63585118323298 
45.63585118323298 
45.635812153914074 
45.635811555513214 
45.63581290625529 
45.63576776741094 
45.635812153914074 
45.635811555513214 
45.63581024055814 
45.63585118323298 
45.635810752996015 
45.63585118323298 
45.63585118323298 
