38.27416694947563 
38.27416737610116 
38.27416737610116 
38.27416694947563 
38.274166975520714 
38.27416737246414 
38.27416737610116 
38.27416737610116 
38.27416737610116 
38.27416737610116 
38.27416737610116 
38.274166975520714 
38.27416737610116 
38.27416737610116 
38.274166975520714 
38.27416694947563 
38.27416694947563 
38.27416737610116 
38.27416737610116 
38.27416737610116 
38.27416737610116 
38.274161913667655 
38.27416296847755 
38.27416737610116 
38.27416737610116 
38.27070624898039 
38.274166975520714 
38.274162975868805 
38.27416737610116 
38.27416722147123 
38.27416737610116 
38.27416737610116 
38.274166975520714 
38.27416737610116 
38.27416737610116 
38.27416694947563 
38.27416737610116 
38.27411472144628 
38.27416737610116 
38.27416737610116 
38.27416737610116 
38.27416737610116 
38.27416694947563 
38.27416694947563 
38.27416737610116 
38.274166975520714 
38.274166975520714 
38.274162975868805 
38.274166975520714 
38.27416737610116 
38.274166975520714 
38.27416737610116 
38.27416737610116 
38.27416737610116 
38.27416620633321 
38.27416737610116 
38.27416737610116 
38.27416737610116 
38.27416737610116 
38.27416694947563 
38.274166975520714 
38.274166975520714 
38.27416737610116 
38.27416737610116 
38.27416694947563 
38.27416737610116 
38.27416737610116 
38.274166975520714 
38.27416737610116 
38.27416737610116 
38.27416737610116 
38.27416737610116 
38.27416737610116 
38.27416737610116 
38.27416737610116 
38.27416737610116 
38.27416737610116 
38.274166975520714 
38.27416694947563 
38.27416737610116 
38.27416737610116 
38.274166975520714 
38.27416737610116 
38.27416694947563 
38.27416694947563 
38.274166975520714 
38.27416737610116 
38.27416737610116 
38.27416737610116 
38.27416737610116 
38.274161913667655 
38.274162975868805 
38.274161913667655 
38.27416296847755 
38.274166975520714 
38.27416737610116 
38.274162975868805 
38.27416737610116 
38.27416737610116 
38.274162975868805 
