43.227077447359505 
43.22700292293709 
43.22707744509544 
43.227077430017154 
43.22707735529442 
43.22707744037142 
43.227077447359505 
43.2270247804248 
43.22707744560313 
43.22707743876708 
43.227070562133605 
43.227077447359505 
43.22706488661151 
43.22707743587875 
43.22707743689062 
43.227077433299115 
43.227077103205495 
43.22707742939204 
43.227077447359505 
43.22707713284093 
43.22707743689062 
43.22707096009792 
43.227077159235336 
43.227077447359505 
43.22707736045424 
43.227077408553896 
43.227077032637425 
43.227077103205495 
43.22535370839134 
43.227077130268874 
43.22707744720396 
43.227077130268874 
43.22707744345243 
43.22707744334004 
43.22707742597906 
43.22707742507481 
43.22707098097133 
43.22707743880478 
43.22707725129945 
43.227077447359505 
43.22707108668235 
43.227077245246306 
43.22706794827347 
43.227077447359505 
43.22707743876708 
43.2270774349815 
43.22706192864021 
43.22707742628959 
43.22707743587875 
43.22706206257023 
43.227077245941345 
43.22707744364861 
43.22705557158387 
43.22707736060852 
43.227077442478254 
43.22707712428803 
43.22707743860874 
43.22707715047405 
43.227077447359505 
43.22707744509544 
43.22707704199705 
43.227077313734014 
43.22707736930072 
43.227077447359505 
43.22707743880478 
43.22707700985176 
43.22707744154444 
43.22707744009817 
43.22707716376388 
43.227077433299115 
43.227077447359505 
43.227077430017154 
43.227077378006925 
43.22707744009817 
43.22707742628959 
43.22707738537336 
43.227077439194055 
43.227077430017154 
43.22707743880478 
43.227076897134026 
43.22707605080178 
43.227077433299115 
43.22707743505353 
43.227077425231194 
43.22707713284093 
43.22707743689062 
43.22707096009792 
43.22704347123034 
43.22707070479373 
43.22707726494843 
43.227068108753464 
43.227077442829696 
43.227077430017154 
43.22707743302573 
43.227077388096205 
43.227077447359505 
43.227077434505624 
43.227077442830115 
43.22707743587875 
43.22707743689062 
