43.22707736534614 
43.22707743185579 
43.22707742668041 
43.22707743185579 
43.227077434596985 
43.22707743228472 
43.22707744735936 
43.22707743228472 
43.22707743814379 
43.22707696603205 
43.22707693732636 
43.22707736534614 
43.22707716116939 
43.22707716116939 
43.22707744735936 
43.227077341347254 
43.22707716648392 
43.22707736534614 
43.22707744083889 
43.22707742954983 
43.22707744735936 
43.22707744735936 
43.22707693732636 
43.227077434944086 
43.227077251766076 
43.22707744735936 
43.227052794023564 
43.2244819536279 
43.22707718765627 
43.227077251766076 
43.22707742198679 
43.22707712820435 
43.227077445681886 
43.2270770846991 
43.22707714031541 
43.22707744735936 
43.22707744045199 
43.22707720801841 
43.2270772188868 
43.22707712820435 
43.22707726306608 
43.227077434944086 
43.22707744735936 
43.2270768934768 
43.227077334472106 
43.22707744735936 
43.227077361234755 
43.227077251766076 
43.2270774436168 
43.22707738469948 
43.227077018457216 
43.22707744735936 
43.22707744712605 
43.22707743185579 
43.22707744735936 
43.227077434944086 
43.22707744076322 
43.22707723293682 
43.227077434944086 
43.22707743185579 
43.22707743177648 
43.22707733098388 
43.22707744045199 
43.22707734252714 
43.22707733594893 
43.227055723860424 
43.22707693732636 
43.22707736534614 
43.22707716116939 
43.22707716116939 
43.22707744735936 
43.227077341347254 
43.22707703151078 
43.227024011114544 
43.22707082123253 
43.22707742683903 
43.22707744735936 
43.22705898992494 
43.22707717807847 
43.22707742668041 
43.22707727370087 
43.227071295133214 
43.227064847918086 
43.22707726306608 
43.22707744735936 
43.22707744735936 
43.22707742668041 
43.22707724857114 
43.227077434944086 
43.227077434944086 
43.22707742683903 
43.227077443375784 
43.22707744045199 
43.22707705376465 
43.22707722494415 
43.22707720801841 
43.22707744735936 
43.22706970324525 
43.22707744735936 
43.22707743185579 
