44.452352108864815 
44.45232102657203 
44.452352108864815 
44.452348237919736 
44.452348237919736 
44.45234947908954 
44.45234845828666 
44.45234845828666 
44.452352108864815 
44.452352108864815 
44.452352108864815 
44.452352108864815 
44.452348237919736 
44.45234925782453 
44.4523445873503 
44.452352108864815 
44.45234925782453 
44.452352108864815 
44.45234845828666 
44.452352108864815 
44.452352108864815 
44.452352108864815 
44.45234947908954 
44.452352108864815 
44.452348237919736 
44.45234947908954 
44.452348237919736 
44.45234947908954 
44.452352108864815 
44.45234845828666 
44.452352108864815 
44.452352108864815 
44.45234845828666 
44.45234947908954 
44.452352108864815 
44.45234925782453 
44.45234925782453 
44.452348237919736 
44.452352108864815 
44.45234845828666 
44.452352108864815 
44.45234925782453 
44.452352108864815 
44.452348237919736 
44.4523445873503 
44.452352108864815 
44.452352108864815 
44.45234947908954 
44.45234925782453 
44.452348237919736 
44.452348237919736 
44.452348237919736 
44.45232102657203 
44.45234925782453 
44.45234845828666 
44.452352108864815 
44.452352108864815 
44.452352108864815 
44.45234947908954 
44.45234947908954 
44.452352108864815 
44.45234925782453 
44.452352108864815 
44.45234947908954 
44.45234947908954 
44.45234925782453 
44.45234947908954 
44.452348237919736 
44.45234925782453 
44.452352108864815 
44.45234947908954 
44.4523445873503 
44.45234925782453 
44.45234925782453 
44.45234925782453 
44.45234845828666 
44.452352108864815 
44.452352108864815 
44.4523445873503 
44.45234925782453 
44.452352108864815 
44.4523445873503 
44.452348237919736 
44.45234947908954 
44.45234845828666 
44.45234947908954 
44.45234925782453 
44.45234947908954 
44.4523445873503 
44.45234925782453 
44.45234845828666 
44.45234947908954 
44.45234947908954 
44.452348237919736 
44.452352108864815 
44.452352108864815 
44.45234925782453 
44.452352108864815 
44.45234845828666 
44.452348237919736 
