44.45234756887672 
44.45234826765231 
44.45235210441917 
44.45234756887672 
44.45234826765231 
44.452348705656405 
44.452344030791 
44.45234756887672 
44.45234756887672 
44.45234756887672 
44.45235210441917 
44.45234756887672 
44.452348705656405 
44.452344030791 
44.45235210441917 
44.452348705656405 
44.45234826765231 
44.45234826765231 
44.45234756887672 
44.45235210441917 
44.45235210441917 
44.45235210441917 
44.45219881955513 
44.45229427705966 
44.45235210441917 
44.45235210441917 
44.45234914279778 
44.452348705656405 
44.45232135405374 
44.45234856632504 
44.45229591857757 
44.45235210441917 
44.45235210441917 
44.452348705656405 
44.45235210441917 
44.45235210441917 
44.45234826765231 
44.45235210441917 
44.452348479003426 
44.45234756887672 
44.45234856632504 
44.45234756887672 
44.45234856632504 
44.45234826765231 
44.45234826765231 
44.45234756887672 
44.452348705656405 
44.452348705656405 
44.45232135405374 
44.452348705656405 
44.45235210441917 
44.452348705656405 
44.452297234428485 
44.45235210441917 
44.45235210441917 
44.452321270491616 
44.45234756887672 
44.45234756887672 
44.45235210441917 
44.45235210441917 
44.45234826765231 
44.452348705656405 
44.452348705656405 
44.452320354871624 
44.45235210441917 
44.45234826765231 
44.452344030791 
44.45234856632504 
44.452348705656405 
44.45235210441917 
44.452293140338256 
44.45234756887672 
44.45235210441917 
44.45234856632504 
44.45235210441917 
44.45235210441917 
44.45235210441917 
44.45234756887672 
44.452348705656405 
44.45234826765231 
44.45234756887672 
44.45235210441917 
44.452348705656405 
44.45234756887672 
44.45234826765231 
44.45234826765231 
44.452348705656405 
44.45235210441917 
44.45235210441917 
44.45235210441917 
44.45235210441917 
44.45219881955513 
44.45232135405374 
44.45219881955513 
44.45229427705966 
44.452348705656405 
44.45235210441917 
44.45232135405374 
44.45234856632504 
44.45235210441917 
44.45232135405374 
