0.0 
0.0 
0.0 
0.0 
0.0 
0.0 
37.712303866757466 
0.0 
0.0 
0.0 
0.0 
0.0 
0.0 
0.0 
0.0 
0.0 
0.0 
0.0 
0.0 
0.0 
0.0 
0.0 
0.0 
0.0 
0.0 
0.0 
40.503808767263386 
0.0 
0.0 
0.0 
40.01926461806295 
0.0 
0.0 
0.0 
0.0 
37.712401922870825 
0.0 
0.0 
40.50380616582443 
0.0 
0.0 
0.0 
37.71235398817083 
0.0 
0.0 
0.0 
0.0 
0.0 
0.0 
0.0 
0.0 
0.0 
0.0 
0.0 
0.0 
38.70299017880404 
0.0 
0.0 
0.0 
0.0 
0.0 
0.0 
0.0 
0.0 
0.0 
0.0 
0.0 
0.0 
0.0 
0.0 
0.0 
0.0 
0.0 
0.0 
37.712401922870825 
0.0 
0.0 
37.712339409160165 
0.0 
0.0 
0.0 
0.0 
0.0 
0.0 
0.0 
0.0 
0.0 
0.0 
0.0 
0.0 
0.0 
0.0 
0.0 
0.0 
0.0 
0.0 
0.0 
0.0 
0.0 
0.0 
0.0 
