0.0 
0.0 
0.0 
0.0 
0.0 
0.0 
36.52461186545349 
0.0 
0.0 
0.0 
0.0 
0.0 
0.0 
0.0 
0.0 
0.0 
0.0 
0.0 
0.0 
0.0 
0.0 
0.0 
0.0 
0.0 
0.0 
0.0 
39.31380272974257 
0.0 
0.0 
0.0 
38.82936003819608 
0.0 
0.0 
0.0 
0.0 
36.52475735621669 
0.0 
0.0 
39.31379880442031 
0.0 
0.0 
0.0 
36.52468516964556 
0.0 
0.0 
0.0 
0.0 
0.0 
0.0 
0.0 
0.0 
0.0 
0.0 
0.0 
0.0 
37.5139330471695 
0.0 
0.0 
0.0 
0.0 
0.0 
0.0 
0.0 
0.0 
0.0 
0.0 
0.0 
0.0 
0.0 
0.0 
0.0 
0.0 
0.0 
0.0 
36.52475735621669 
0.0 
0.0 
36.52466330374781 
0.0 
0.0 
0.0 
0.0 
0.0 
0.0 
0.0 
0.0 
0.0 
0.0 
0.0 
0.0 
0.0 
0.0 
0.0 
0.0 
0.0 
0.0 
0.0 
0.0 
0.0 
0.0 
0.0 
