0.0 
0.0 
0.0 
0.0 
36.52382124466487 
38.50873249108055 
39.31360750263969 
39.31362003817062 
0.0 
0.0 
36.52436851673856 
39.31362391978525 
0.0 
0.0 
0.0 
0.0 
0.0 
0.0 
36.52467598209701 
0.0 
39.313539533577845 
0.0 
0.0 
0.0 
36.52469905038294 
38.508579579860864 
0.0 
0.0 
0.0 
0.0 
0.0 
0.0 
0.0 
0.0 
0.0 
0.0 
0.0 
0.0 
0.0 
0.0 
0.0 
0.0 
0.0 
0.0 
0.0 
0.0 
0.0 
0.0 
37.514070875887086 
36.52467598209701 
0.0 
39.09194042951573 
0.0 
39.31381734547251 
0.0 
0.0 
0.0 
0.0 
38.50866294429128 
38.09548706605641 
0.0 
0.0 
0.0 
0.0 
0.0 
0.0 
0.0 
0.0 
0.0 
0.0 
0.0 
0.0 
0.0 
0.0 
0.0 
0.0 
36.52468747349177 
0.0 
0.0 
36.52467598209701 
0.0 
0.0 
0.0 
36.52475735220377 
39.313796155978615 
39.313796155978615 
38.09548413615459 
38.095382410383195 
0.0 
0.0 
0.0 
0.0 
0.0 
0.0 
0.0 
0.0 
0.0 
0.0 
0.0 
0.0 
0.0 
