0.0 
0.0 
0.0 
0.0 
38.50130875604823 
40.52976088291685 
41.11458854094814 
41.100950453876976 
0.0 
0.0 
38.53281133708534 
40.06031829985876 
0.0 
0.0 
0.0 
0.0 
0.0 
0.0 
38.55670526057912 
0.0 
41.328760207583045 
0.0 
0.0 
0.0 
38.55650918359153 
40.52018943247056 
0.0 
0.0 
0.0 
0.0 
0.0 
0.0 
0.0 
0.0 
0.0 
0.0 
0.0 
0.0 
0.0 
0.0 
0.0 
0.0 
0.0 
0.0 
0.0 
0.0 
0.0 
0.0 
39.54865235323482 
38.55670526057912 
0.0 
41.128060281141764 
0.0 
41.350292815289315 
0.0 
0.0 
0.0 
0.0 
40.54444028063826 
38.55553888537683 
0.0 
0.0 
0.0 
0.0 
0.0 
0.0 
0.0 
0.0 
0.0 
0.0 
0.0 
0.0 
0.0 
0.0 
0.0 
0.0 
38.555609192104264 
0.0 
0.0 
38.55652380489813 
0.0 
0.0 
0.0 
38.55718374591793 
41.343690171395096 
41.34503048214681 
40.13094828349857 
40.13042783478342 
0.0 
0.0 
0.0 
0.0 
0.0 
0.0 
0.0 
0.0 
0.0 
0.0 
0.0 
0.0 
0.0 
