52.07942135066218 
52.56968986381615 
52.081235123850284 
52.337174170942916 
52.347119078254465 
52.5709629737082 
52.568427143230146 
52.571069627539465 
52.57094469054119 
52.56778605625832 
52.567693012050896 
52.33784804813551 
52.08402456507546 
52.34340981754363 
52.565071410698344 
52.5676256090373 
52.337810072189946 
52.08021557664517 
52.56445652452835 
52.56776036919928 
52.33947500405461 
52.34651331249441 
52.34182623281206 
52.571003977505555 
52.569734507718515 
52.57107580577378 
52.3441717599528 
52.33172623396136 
52.08402456507546 
52.34340981754363 
52.565071410698344 
52.5676256090373 
52.337810072189946 
52.08021557664517 
52.56445652452835 
52.56776036919928 
52.33947500405461 
52.07661292579649 
51.335723175889186 
52.34107574876212 
52.56711238328161 
52.56569341484912 
52.34333263239151 
52.08401439973934 
52.082206504182594 
52.079333725242776 
52.34259308930933 
52.07661984216287 
52.34176350180614 
52.3464875547049 
52.57112015326161 
52.56311417284178 
52.565117192636194 
52.5696438485964 
52.569737604937856 
51.756146444480216 
52.558405693955635 
52.57107267966676 
52.34488948650501 
52.56845555443626 
52.571061168656236 
52.56564613288619 
52.57110971350124 
52.571126880698515 
52.34563541856076 
52.34035676117736 
52.56978748858959 
52.56832763847899 
52.56111615586612 
52.07834986885297 
52.56649160700247 
52.34563734188418 
52.34174860031768 
52.34718553727092 
52.56981040815549 
52.569720210541405 
52.34481407178693 
52.347216503435824 
52.564426020941674 
52.347099807572356 
52.569052193577726 
52.56448007297609 
52.567075073530305 
52.34718427619843 
52.555862397470726 
52.348007082547674 
52.56707519968168 
52.56975053001884 
52.57105639311268 
52.5697436236445 
52.34651331249441 
52.08317707409306 
52.345696396093395 
52.340998880330936 
52.567652972774546 
52.563091100264415 
52.56969651116485 
52.560442074195954 
52.568440805092195 
52.07935248502731 
52.34492253714255 
51.76077321478482 
52.56782274864498 
52.56769258493279 
52.56976030457626 
52.34800856567401 
52.330237517638146 
52.56775295755565 
52.08402456507546 
52.34340981754363 
52.565071410698344 
52.5676256090373 
52.337810072189946 
52.08021557664517 
52.56445652452835 
52.56776036919928 
52.33947500405461 
52.34651331249441 
52.08402456507546 
52.34340981754363 
52.565071410698344 
52.5676256090373 
52.337810072189946 
52.08021557664517 
52.56445652452835 
52.56776036919928 
52.33947500405461 
52.34651331249441 
52.34182623281206 
52.571003977505555 
52.07942135066218 
52.56968986381615 
52.081235123850284 
52.337174170942916 
52.347119078254465 
52.5709629737082 
52.568427143230146 
52.571069627539465 
52.57094469054119 
52.34416898826806 
52.56971376301466 
52.56968221643897 
52.56779807439012 
52.34261450058575 
52.346377428516774 
52.34177408852592 
52.57103023683696 
52.08034658661236 
52.344148225261215 
52.55113965426303 
52.56043828928323 
52.56645177041875 
52.347225939143584 
52.56301570944985 
52.56841919812858 
52.344097994910555 
52.33407145580538 
51.332536753765204 
52.56969820516514 
52.57101717445051 
52.56977416535032 
52.565080975704184 
52.569679424299224 
52.566377566400725 
52.0803260196557 
52.565778077711535 
52.339526134546496 
52.347243607099365 
52.564330427054344 
52.5618081508622 
52.57099308408323 
52.56311055604182 
52.341746847890875 
52.56510957514567 
51.332536753765204 
52.56969820516514 
52.57101717445051 
52.56977416535032 
52.565080975704184 
52.569679424299224 
52.566377566400725 
52.0803260196557 
52.565778077711535 
52.339526134546496 
52.347243607099365 
52.564330427054344 
52.5618081508622 
52.57099308408323 
52.56311055604182 
51.332536753765204 
52.56969820516514 
52.57101717445051 
52.56977416535032 
52.565080975704184 
52.569679424299224 
52.566377566400725 
52.0803260196557 
52.565778077711535 
52.339526134546496 
52.347243607099365 
52.564330427054344 
52.5618081508622 
52.57099308408323 
52.08402456507546 
52.34340981754363 
52.565071410698344 
52.5676256090373 
52.337810072189946 
52.08021557664517 
52.56445652452835 
52.56776036919928 
52.33947500405461 
52.34651331249441 
52.07942135066218 
52.56968986381615 
52.081235123850284 
52.337174170942916 
52.347119078254465 
52.5709629737082 
52.568427143230146 
52.571069627539465 
52.57094469054119 
52.56778605625832 
52.567693012050896 
52.56509149480796 
52.57107694510264 
51.75712836553639 
52.56380108087068 
52.56846412422391 
52.560419799564926 
52.3432695778367 
52.565753401666186 
52.56965340466244 
52.57100525717269 
51.32940616008734 
52.34183912212357 
52.57107276972754 
52.55776972590166 
52.33955324856179 
52.3441288551842 
52.34797192030589 
52.56173819362399 
52.343362717455165 
52.5644295367487 
52.343369436421 
52.343419021958525 
52.56578344503836 
52.567101264185446 
52.56712812308864 
52.07852264396666 
52.564464046275255 
52.57106122301593 
51.75958271629309 
52.56968774208462 
52.556455489535466 
52.344925703340586 
52.56511467363667 
52.5631007197057 
52.34257682840835 
52.34185978434194 
52.08402421182649 
52.33872680349562 
52.56767836433918 
52.34567821844004 
52.07942135066218 
52.56968986381615 
52.081235123850284 
52.337174170942916 
52.347119078254465 
52.5709629737082 
52.568427143230146 
52.571069627539465 
52.57094469054119 
52.56778605625832 
52.567693012050896 
52.33784804813551 
52.56644012005211 
52.34648353891 
51.332536753765204 
52.56969820516514 
52.57101717445051 
52.56977416535032 
52.565080975704184 
52.569679424299224 
52.566377566400725 
52.0803260196557 
52.565778077711535 
52.339526134546496 
52.347243607099365 
52.564330427054344 
52.5618081508622 
52.57099308408323 
52.56311055604182 
52.07661292579649 
51.335723175889186 
52.34107574876212 
52.56711238328161 
52.56569341484912 
52.34333263239151 
52.57112015326161 
52.56576241481977 
52.56700035975462 
52.34179432608357 
52.56637611146219 
52.57108267782769 
52.08212072837454 
52.560418825174345 
52.56248870538549 
52.56978240989354 
52.075651415875456 
52.33951611445427 
52.34726676671969 
51.74912965081861 
52.082055527685235 
52.57106130660755 
52.56245425950341 
52.33722861247378 
52.56778932202201 
52.334088684057875 
52.57103657781216 
52.341070550458994 
52.568427189529785 
52.56641459452919 
52.07942135066218 
52.56968986381615 
52.081235123850284 
52.337174170942916 
52.347119078254465 
52.5709629737082 
52.568427143230146 
52.571069627539465 
52.57094469054119 
52.56778605625832 
52.567693012050896 
52.33784804813551 
52.56644012005211 
52.08211366531101 
52.56511415674841 
52.559187235674614 
52.5684568934009 
52.07664489466612 
52.56779101371878 
52.565134925391796 
52.56837522871689 
52.57102229932543 
52.569126059130426 
52.56828904091121 
52.56498206062627 
52.56842175463934 
52.567087100081274 
52.3410096287694 
52.34260852253154 
52.56837723258794 
52.082094352449054 
52.56709234394321 
52.08132515419155 
52.5684666654824 
52.34486833862311 
52.567714214052494 
52.569698940325175 
52.56568736448799 
52.34323924141523 
52.56375771936787 
52.566475273247875 
52.56969651116485 
52.07942135066218 
52.56968986381615 
52.081235123850284 
52.337174170942916 
52.347119078254465 
52.5709629737082 
52.568427143230146 
52.571069627539465 
52.57094469054119 
52.56778605625832 
52.567693012050896 
52.33784804813551 
52.56644012005211 
52.343327912803844 
52.56176874386107 
52.564426020941674 
52.347099807572356 
52.569052193577726 
52.56448007297609 
52.567075073530305 
52.34718427619843 
52.555862397470726 
52.348007082547674 
52.56707519968168 
52.56975053001884 
52.57105639311268 
52.5697436236445 
52.34651331249441 
52.08317707409306 
52.345696396093395 
52.340998880330936 
52.567652972774546 
52.563091100264415 
52.56969651116485 
52.560442074195954 
52.568440805092195 
52.07935248502731 
52.34492253714255 
52.5697583722111 
52.56840341437616 
52.56907120141175 
52.567016184209315 
52.34726533452961 
52.075697253605796 
52.33946439589915 
52.571012328109845 
52.56836802167939 
52.569707937166946 
52.5697203857396 
52.568434190712125 
52.56107244080988 
52.569093548166826 
52.346419336807536 
52.343383662109304 
52.56978240989354 
52.56506356384782 
52.34722240597693 
52.57109266452891 
52.34566916686328 
52.567046004055385 
52.08123726222617 
52.566448048141034 
52.34494955132585 
52.56637735409614 
52.571028132872044 
52.34644062930064 
52.566302183770134 
52.571042312629885 
52.567685926128334 
52.0746493190717 
52.57112423093097 
52.3370832344625 
52.55984393222924 
52.34336492491836 
52.34717477766423 
52.563137504089234 
52.34485429839995 
52.565120110359864 
52.33942878139458 
52.56573512521292 
52.34414012261803 
52.56970228372663 
52.57108578833746 
52.32950581977649 
52.339493317167324 
52.57104390974725 
52.57103031580538 
52.568364815672155 
52.34722240597693 
52.566411583440775 
52.33012332862604 
52.5604689957049 
52.56247690847787 
52.571059482736025 
52.07754237763637 
52.08402456507546 
52.34340981754363 
52.565071410698344 
52.5676256090373 
52.337810072189946 
52.08021557664517 
52.56445652452835 
52.56776036919928 
52.33947500405461 
52.34651331249441 
52.34182623281206 
52.571003977505555 
52.569734507718515 
52.07942135066218 
52.56968986381615 
52.081235123850284 
52.337174170942916 
52.347119078254465 
52.5709629737082 
52.568427143230146 
52.571069627539465 
52.57094469054119 
52.56778605625832 
52.567693012050896 
52.33784804813551 
52.567063252308465 
52.56448494791066 
52.571033255692875 
52.0729544770819 
52.34486774959887 
52.56696515198241 
52.56434148585296 
52.338713402974264 
52.56701961584676 
52.344905224914015 
52.08402456507546 
52.34340981754363 
52.565071410698344 
52.5676256090373 
52.337810072189946 
52.08021557664517 
52.56445652452835 
52.56776036919928 
52.33947500405461 
52.34651331249441 
52.34182623281206 
52.571003977505555 
52.07942135066218 
52.56968986381615 
52.081235123850284 
52.337174170942916 
52.347119078254465 
52.5709629737082 
52.57112413094089 
52.34245715495516 
52.56774308660699 
52.56977144006092 
52.34722377211144 
52.3449173024708 
52.571095118571826 
52.564460210371124 
52.56778338578089 
52.0822029100448 
52.5630351755455 
52.56374803430269 
52.558382542945886 
52.074732924330384 
52.56577332619337 
52.57103252297215 
52.56969872320813 
52.56571840164603 
52.57111101793944 
52.073937494876056 
52.56446897930935 
52.34572461884504 
52.34184122369418 
52.56979628670392 
52.57103519009893 
52.56970709152239 
52.57101585862628 
52.56447196182798 
52.56972815052275 
52.07670108322005 
52.56975053001884 
52.57105639311268 
52.5697436236445 
52.34651331249441 
52.08317707409306 
52.345696396093395 
52.340998880330936 
52.567652972774546 
52.563091100264415 
52.56969651116485 
52.560442074195954 
52.568440805092195 
52.07935248502731 
52.34492253714255 
52.564426020941674 
52.347099807572356 
52.569052193577726 
52.56448007297609 
52.567075073530305 
52.34718427619843 
52.555862397470726 
52.348007082547674 
52.56707519968168 
52.56975053001884 
52.57105639311268 
52.5697436236445 
52.34651331249441 
52.08317707409306 
52.345696396093395 
52.340998880330936 
52.567652972774546 
52.563091100264415 
52.56969651116485 
52.560442074195954 
52.568440805092195 
52.07935248502731 
52.34492253714255 
52.56844024569604 
52.34491150659181 
52.56840974321701 
52.0729544770819 
52.568399622757916 
52.34095402910679 
52.341785667997115 
52.56440583264867 
52.569747634707376 
52.341778946521465 
52.57105918888942 
52.561105870929154 
52.07939043602789 
52.56763812959726 
52.34647050436172 
52.56834697038141 
52.346447603745546 
51.34181576227915 
52.5630972661866 
52.565722913508054 
52.56842417066297 
51.75147831649963 
52.337187650055306 
52.07105941487608 
52.07839703135625 
51.346460400050965 
52.34021687702889 
52.083101589149976 
52.344148225261215 
52.56241229340149 
52.342467164353515 
52.337109075444346 
52.3426137830081 
52.571117968259244 
52.070078723428445 
52.56973380642881 
52.56844102529067 
50.74665944807033 
52.33945389874384 
52.571073994216015 
51.749096371216815 
52.56249620760659 
52.56712727722236 
52.3370668444642 
52.34097736401063 
52.56699990408391 
52.34570322765704 
52.56969001833501 
52.07847351894971 
52.34797728690603 
52.08128647513419 
52.33561533625635 
52.57111650268093 
52.566940984521594 
51.746736144367524 
52.56706877305029 
52.567691854473345 
52.33874040215429 
52.567127419779624 
52.569664371061 
52.3326357550189 
52.571100020249105 
52.083090716893295 
52.34799893920248 
52.569728221783045 
52.34029890133009 
52.08402456507546 
52.34340981754363 
52.565071410698344 
52.5676256090373 
52.337810072189946 
52.08021557664517 
52.56445652452835 
52.56776036919928 
52.33947500405461 
52.34651331249441 
52.56301387414517 
52.567076050539455 
52.34406085276254 
52.56238467671217 
52.56831895011535 
52.56969410779831 
52.56706463630845 
52.082170690184924 
52.34410477016673 
52.56836388965522 
52.569722088572135 
52.56768347651351 
52.56515370003405 
52.570995621395525 
52.569680267377514 
52.34410879673985 
52.345669074446235 
52.567037685552755 
52.569698940325175 
52.56839476657889 
52.33643484199253 
52.5697289598138 
52.56837419512124 
52.569767865419024 
52.56504655760513 
52.56643154669114 
52.56101332247251 
52.56445363190964 
52.569767865419024 
52.339443565458595 
52.56712010612933 
52.56973447481712 
52.56838798054526 
52.56505885412668 
52.56309144403508 
52.56845885849519 
52.08129534061912 
52.07939009929916 
52.56304804723277 
52.56173418893547 
52.34492844060189 
52.57105315701469 
52.56833923450282 
52.57110328378225 
52.569724448977134 
52.06082515777451 
52.33567535975476 
52.56567345303727 
52.34495532433187 
52.343359281043874 
52.345673600187894 
52.340292678509314 
52.56372148959148 
52.56706925475646 
52.074731823170765 
52.56770695047387 
52.56705623258222 
52.57099472411158 
52.34564706919235 
52.567738426002045 
52.571026254822705 
52.57112413094089 
52.566378134283404 
52.56180807341756 
52.569737809227384 
52.56712426858465 
52.33790908395692 
52.56833459949409 
52.343265952607446 
52.55982539909156 
52.55712751822442 
52.5710035448377 
52.07388283626039 
52.34176071302838 
52.569737604937856 
52.56318267450883 
52.56846668981475 
52.08402456507546 
52.34340981754363 
52.565071410698344 
52.5676256090373 
52.337810072189946 
52.08021557664517 
52.56445652452835 
52.56776036919928 
52.33947500405461 
52.34651331249441 
52.34182623281206 
52.34027173955555 
52.08405787386142 
52.56904276186683 
52.34646781199084 
52.56971476914159 
52.075731737681494 
52.34722721363773 
52.56974238040426 
52.568416544763295 
52.07850739708334 
52.56314616964886 
52.568455071219994 
52.55852021495786 
52.562957217484815 
52.3425952188183 
52.335612620183326 
52.34795984053877 
52.56438628375595 
52.08502176886257 
52.564430079550704 
52.561140619603215 
51.754942129560675 
52.34175838141143 
52.56703336731926 
52.568309866548375 
52.566407994880464 
52.565589509701844 
52.33717561084573 
52.34331320679094 
52.34110470296036 
52.344110726534396 
52.56514696941292 
52.34175265754035 
52.337825644322834 
52.0830047479646 
52.345706228163465 
52.34645691399351 
52.56975599944825 
52.56375136465519 
52.07940942973529 
52.56445363190964 
52.57102791410175 
52.34257628241938 
52.57094572432079 
52.07099932086317 
51.75958429363607 
52.0821986664364 
52.34641365938258 
52.57099840823845 
52.567110260084426 
52.07942135066218 
52.56968986381615 
52.081235123850284 
52.337174170942916 
52.347119078254465 
52.5709629737082 
52.568427143230146 
52.571069627539465 
52.57094469054119 
52.56778605625832 
52.567693012050896 
52.33784804813551 
52.07104906852388 
52.571078230980675 
52.56905254341405 
52.56372421006126 
52.56840900726855 
52.57099914818871 
52.346438513177006 
52.56437851699861 
52.563050494992964 
52.34259267647772 
52.57103023683696 
52.56713444546631 
52.33953975831878 
52.08129163920134 
52.56912310084953 
52.56578494172214 
52.567773963463935 
52.55451591058919 
52.07942489794488 
52.57104134577098 
52.57105297226599 
52.563100947326795 
52.57098439235707 
52.56308830912132 
52.57106281338748 
52.336381864854175 
52.5697799551302 
52.55842216699807 
52.345685060669204 
52.56502431648955 
51.76302678165526 
51.731709903921754 
52.34492679111972 
52.07939148908342 
52.34108371239016 
52.567079739230195 
52.07654853626791 
52.56841110000622 
52.56968576477781 
52.06739395973409 
52.345690271992815 
52.07104906852388 
52.571078230980675 
52.56905254341405 
52.56372421006126 
52.56840900726855 
52.57099914818871 
52.346438513177006 
52.56437851699861 
52.563050494992964 
52.34259267647772 
52.57103023683696 
52.56713444546631 
52.33953975831878 
52.08129163920134 
52.56912310084953 
52.56578494172214 
52.567773963463935 
52.55451591058919 
52.07942489794488 
52.57104134577098 
52.57105297226599 
52.563100947326795 
52.57098439235707 
52.56308830912132 
52.57106281338748 
52.336381864854175 
52.5697799551302 
52.55842216699807 
52.345685060669204 
52.56502431648955 
51.76302678165526 
51.731709903921754 
52.34492679111972 
52.07939148908342 
52.34108371239016 
52.567079739230195 
52.07654853626791 
52.56841110000622 
52.56632738508588 
52.55777145344162 
52.57100841310457 
52.08128399773645 
52.569561846010096 
52.337162586332056 
52.56649630301483 
52.08037381208984 
52.34338452799237 
52.568290142903486 
52.34337169836778 
52.55847597496666 
52.566408194610645 
52.56777795959454 
52.34800856567401 
52.57106244072732 
52.56839137349581 
52.567106512165 
52.561841042459506 
52.56574126516425 
52.56705590480178 
52.56973244498666 
52.56965113057347 
52.34571925849379 
52.56436544889462 
52.56839319474584 
52.56913264095736 
52.341775645171296 
52.34651331249441 
52.5697289598138 
52.569054697886955 
52.334140405317314 
52.570990635046215 
52.566376834020026 
52.565740829774015 
52.34722240597693 
52.566464862929124 
52.571073185826805 
52.56312859758165 
52.56508371961223 
52.56969651116485 
52.569060428291536 
52.57104237574277 
52.5683856204929 
52.34651331249441 
52.33944190151951 
52.56769258493279 
52.34252837231219 
52.566448803215415 
52.34113077977957 
52.344929319344324 
51.75711047193418 
52.33872546296277 
52.567033159935065 
52.348010880472295 
52.07758348093231 
