40.748804819307324 
40.68056750745684 
41.23203589400516 
41.24589850291012 
40.95508986564591 
41.21693968086137 
40.68129340681449 
40.72997181732053 
40.68869049914799 
41.0036975114494 
40.98181315370966 
41.23227410975953 
40.99519758379928 
41.235571007323166 
39.98132326667783 
41.211650598226605 
41.218954398439514 
40.96134997265528 
40.74336451605407 
41.00387078159394 
41.23183873098746 
40.75565201397873 
41.00318499314791 
41.21512132075393 
40.73792444857941 
41.00685916092936 
41.23798728863304 
40.737411853758466 
41.24115032514996 
41.011589637978425 
41.20117192158193 
41.00828917925501 
41.21881089572926 
41.22531111734439 
41.23585262658196 
40.38377761576915 
40.730555069987126 
41.01435277630218 
40.97493515337373 
40.69720319204789 
41.234365764781096 
41.016123311283195 
40.758041491032564 
40.72411533770398 
40.963481422053796 
41.222449257851984 
40.99296818813338 
41.010178736010864 
41.21231879703102 
41.22746425916891 
40.978480056792066 
41.01312656064539 
41.24720930405574 
40.423788970908426 
41.00141508057351 
40.361679954528086 
41.016096378931415 
41.01494394650363 
41.21642225006786 
40.9750984223339 
41.220188273063584 
41.012307846837984 
40.71984169709638 
41.213016385760874 
41.004807618364254 
39.98132326667783 
41.211650598226605 
41.218954398439514 
40.96134997265528 
40.74336451605407 
41.00387078159394 
41.23183873098746 
40.75565201397873 
41.00318499314791 
41.21512132075393 
40.73792444857941 
40.73144949870852 
41.22651345785303 
41.013951362380666 
40.94429816058603 
41.010667672740624 
41.24244972227922 
41.23752994755472 
41.21204602610048 
40.423471233394544 
41.206861888998496 
41.22094373517924 
41.01347951628308 
40.99303922069384 
40.748804819307324 
40.68056750745684 
41.23203589400516 
41.24589850291012 
40.98115804225948 
39.29176317936814 
39.41924913891071 
40.42065927395325 
41.22772856815291 
40.97469914298032 
40.0119072758618 
41.24815505588648 
