58.954474632690264 
58.96213061822819 
59.2592208113206 
58.9390116478011 
59.456641875467724 
58.968157954697006 
58.24058717161059 
58.95754561175255 
58.64712578506302 
58.63816622105895 
57.6395034862793 
58.231614179082584 
58.18026801946656 
58.63316113609029 
58.629517439847 
59.45244966898858 
58.96006621702444 
58.97460823507568 
58.64712578506302 
58.63816622105895 
57.6395034862793 
58.231614179082584 
58.18026801946656 
58.63316113609029 
58.629517439847 
59.45244966898858 
58.96006621702444 
58.97460823507568 
58.19629225263362 
58.96125890148115 
56.65903440565584 
57.6073063357358 
59.22846564330005 
58.23592865839633 
56.648232769114635 
58.981206345442466 
58.6606895529043 
59.65533101330919 
58.218135747848315 
59.24561756331487 
59.2173758186083 
59.23417931020998 
59.24374959730988 
59.23870632458879 
58.96335776643857 
57.65577367848353 
58.24700267357523 
58.96165611565123 
58.96375129724227 
57.64552328767262 
58.234601983460884 
58.635709015911665 
57.63601927530521 
58.615798848705886 
58.949696736730495 
58.95078882752741 
56.60002343841705 
57.61008266477175 
58.22504876953511 
59.23678865108779 
59.23187478691526 
59.248506422578195 
57.618210851116615 
59.23787568848992 
58.647883027509 
59.22654686799587 
57.64880092015735 
58.97353213150488 
58.65463894951113 
59.46588616317961 
59.2289885743488 
58.21336353630672 
58.93598519904866 
58.64884209316181 
57.61008266477175 
58.22504876953511 
59.23678865108779 
59.23187478691526 
59.248506422578195 
57.618210851116615 
59.23787568848992 
58.647883027509 
59.22654686799587 
57.64880092015735 
58.97353213150488 
58.65463894951113 
59.46588616317961 
59.2289885743488 
58.21336353630672 
57.61008266477175 
58.22504876953511 
59.23678865108779 
59.23187478691526 
59.248506422578195 
57.618210851116615 
59.23787568848992 
58.647883027509 
59.22654686799587 
57.64880092015735 
58.97353213150488 
