40.20461277253888 
40.20264705705991 
41.0300956637325 
40.51717354378994 
41.02424239047515 
40.794527326761155 
41.015961710976065 
41.0406650652553 
40.80828257270345 
41.0156007265609 
41.02462550010304 
40.97798903426425 
40.77401824000069 
40.79187106425668 
40.75241074820724 
41.00678976294716 
40.1516641170556 
40.988745714094634 
41.008070756769264 
41.02570250432499 
40.802503663795825 
41.03633778547331 
40.505747440918284 
41.02304239248289 
41.03027818672522 
41.04074288420231 
40.55337961723823 
39.687532119871314 
40.77401824000069 
40.79187106425668 
40.75241074820724 
41.00678976294716 
40.1516641170556 
40.988745714094634 
41.008070756769264 
41.02570250432499 
40.802503663795825 
40.97285401572868 
40.197569489449414 
40.221077180895016 
41.03056800522397 
40.20893926915915 
40.20841267391478 
40.777403198297385 
40.2132264600088 
40.79549356676855 
40.79172525351261 
40.79136227879775 
40.98887928090625 
41.01044937597963 
41.04162724862767 
40.9562297675986 
41.030343921165546 
41.014548328598885 
41.01824913903812 
40.99363602580829 
40.973593673918934 
41.041524883431435 
40.76506343444105 
41.03619216676007 
41.035582275000955 
41.01720420858542 
41.0216022560502 
41.04206215478536 
40.79623555851333 
40.79577438959999 
41.03151023247342 
40.51989638781982 
40.516652604825104 
40.76610211356915 
40.80752110989233 
40.544361682796165 
40.50508145406754 
41.024191313585675 
41.0370473010376 
41.04008260227219 
40.50562733842163 
41.01201906445165 
41.00185958614814 
40.520632729648106 
41.035830627169474 
41.02347109648416 
40.52779767843839 
41.03467894375329 
40.99728351904114 
41.03362978667331 
40.803612789417784 
41.035052303783274 
41.04006848933272 
40.81606408732606 
41.03633778547331 
40.98828549786916 
40.789579597457035 
41.008427631887045 
41.0011220281241 
41.00867251281857 
40.803837490682724 
41.00137370634287 
41.005459379452326 
40.773548606264484 
