40.48002017031919 
41.02550749247362 
41.03948702060172 
40.74683224606613 
41.00970290378353 
40.47689294574126 
40.512291332639876 
40.48429655340311 
40.80834925464559 
40.77751046876362 
41.0306439228622 
40.80224810509519 
41.028748286910975 
39.78000739844117 
41.009920656260725 
41.0143391070456 
40.75357763316706 
39.203560218882906 
40.800024455663 
41.03054650313326 
40.5492502482513 
40.80248669514119 
41.00783858394912 
40.53476670787829 
40.80300215336184 
41.03647859719022 
40.79031828563773 
41.029859630469446 
40.8076673943223 
40.98932444282275 
40.8016299106671 
41.01183929568284 
41.0238645127395 
41.0293567069624 
40.17601237613949 
40.75916398410628 
40.81342497982657 
40.776496057007314 
40.49289482893404 
41.0277316360663 
40.804325190594994 
40.776172191289746 
40.516642530561064 
40.7645000861583 
41.02820112701187 
40.99762011908557 
40.80927775985051 
41.018025570917565 
41.02351916580568 
40.77398522913302 
40.80649604352127 
41.04077793570782 
40.78528791303779 
40.8030708772029 
40.162744308204815 
40.80932146911107 
40.808843333233405 
41.01670901943387 
40.98680883658775 
41.01068384276023 
40.805867251036695 
40.5160328945781 
41.00560554979045 
40.80983490536802 
39.78000739844117 
41.009920656260725 
41.0143391070456 
40.75357763316706 
39.203560218882906 
40.800024455663 
41.03054650313326 
40.5492502482513 
40.80248669514119 
41.00783858394912 
40.53476670787829 
40.20246200362158 
41.02970219445469 
40.813378955377665 
40.7363814986773 
40.80437756201476 
41.03582325558985 
41.03591307735113 
41.00464217954232 
40.21672024199886 
40.99972535580822 
41.01413405530684 
40.809866383927364 
40.78878523926625 
40.54237574882094 
40.48002017031919 
41.02550749247362 
41.03948702060172 
40.78216359404117 
39.08209792578207 
39.21273371749075 
40.5242347072163 
41.03106813693453 
40.77603652392837 
39.805163084975796 
41.04170814894821 
