43.070705312509745 
43.07072130391623 
43.070715528041454 
43.070721151891085 
43.07072158244216 
43.0689601751443 
43.06883475620257 
43.0707187672555 
42.804573972031214 
43.067195977469716 
42.482220872384616 
43.06716978159581 
43.07068206689496 
43.07067866034601 
43.07068282791753 
43.07072791476638 
43.06894358696137 
43.06896680410622 
42.804573972031214 
43.067195977469716 
42.482220872384616 
43.06716978159581 
43.07068206689496 
43.07067866034601 
43.07068282791753 
43.07072791476638 
43.06894358696137 
43.06896680410622 
43.07068628479668 
43.07071513056067 
42.48223065619888 
42.4848127987651 
43.07071802658594 
42.48478877370169 
42.482211032077025 
43.06630025525384 
43.07072174773773 
43.07072784800152 
43.06894380106865 
43.068033422476105 
43.070708324788164 
43.07070530945473 
43.07070896037318 
43.04943978952069 
43.06894032576858 
43.070702182833415 
43.07070857175624 
43.07070208119868 
43.070718219383224 
43.0689463010072 
43.06889468816961 
43.07069284074203 
43.068960184245235 
43.06628074760558 
43.07072179413232 
43.07069898540256 
43.0636071230573 
43.06361753599316 
42.80573987371515 
43.07072150239888 
43.07072169896422 
43.06893433978044 
43.070714599042546 
43.07071471559328 
43.070715293543174 
43.0689665803245 
43.06277770516295 
43.07072831226425 
43.07063946996979 
43.07071496095718 
43.07072762149279 
43.06716056391351 
43.070721255701784 
43.070708912109446 
43.06361753599316 
42.80573987371515 
43.07072150239888 
43.07072169896422 
43.06893433978044 
43.070714599042546 
43.07071471559328 
43.070715293543174 
43.0689665803245 
43.06277770516295 
43.07072831226425 
43.07063946996979 
43.07071496095718 
43.07072762149279 
43.06716056391351 
43.06361753599316 
42.80573987371515 
43.07072150239888 
43.07072169896422 
43.06893433978044 
43.070714599042546 
43.07071471559328 
43.070715293543174 
43.0689665803245 
43.06277770516295 
43.07072831226425 
