39.44024603475338 
39.440178353845035 
39.440417481600754 
39.43982087662687 
39.43428598103731 
39.4342861136303 
39.44035358501968 
39.440334829620525 
39.44007817918869 
39.44007837169011 
39.440263458706184 
39.44016088638528 
39.44025428203292 
39.44025371977766 
39.440244156542434 
39.44043071913214 
39.440249966407926 
39.440180825343425 
39.43127117662126 
39.44041759002861 
39.44027334062536 
39.440355488509894 
39.440338032148965 
39.440205951696505 
39.44025497221584 
39.4400771115741 
39.44044487431338 
39.43427149498203 
39.44025428203292 
39.44025371977766 
39.440244156542434 
39.44043071913214 
39.440249966407926 
39.440180825343425 
39.43127117662126 
39.44041759002861 
39.44027334062536 
39.21478885505922 
39.43414333217972 
39.4403511596345 
39.440426845459676 
39.43420307047342 
39.440123260710315 
39.44024912927051 
39.440174016386074 
39.44032174600212 
39.43428970412959 
39.44006572658656 
39.4341835627442 
39.440172862591005 
39.44043944782061 
39.43428048584697 
39.44025483685335 
39.44026713292402 
39.44034740395577 
39.44043133664766 
39.428089928691534 
39.4404375969371 
39.43423253023165 
39.44026541642859 
39.440345070870066 
39.44043636325517 
39.44043944782061 
39.440437596666364 
39.44033944490182 
39.440346325265416 
39.44043767002839 
39.4404181527731 
39.440346226405296 
39.440256054502264 
39.44043314247294 
39.440074540800715 
39.440180825343425 
39.44024655639181 
39.440434439761646 
39.440082136734986 
39.21495847743458 
39.44043749734451 
39.44043198043999 
39.44034741519593 
39.4403524685871 
39.440182099554114 
39.44044123522372 
39.44011634258009 
39.440180849855295 
39.44043567317836 
39.440429467117255 
39.44042581911235 
39.440256108867324 
39.44034739463022 
39.440355488509894 
39.44017278255029 
39.440331090075084 
39.434102460305596 
39.44026345673343 
39.44033134254447 
39.440267170390726 
39.440250291974884 
39.44024787781751 
39.4401752074675 
