44.00543343312477 
44.21697369019244 
44.22720785727166 
44.23032598547867 
43.984761088272606 
43.99901304062139 
43.97012181822664 
44.21088420267388 
43.38074420819715 
44.20030718580434 
44.21321128814502 
44.22712037870624 
44.008608019662354 
44.23436527737224 
43.41029782048331 
43.41537217002787 
44.230324782840526 
43.72592549692985 
44.22644336364686 
43.998991093424806 
44.21860219062366 
44.23751447863271 
44.012520345595455 
44.22013688765178 
44.226609865885315 
44.002852949732805 
44.237652206837545 
43.73075744337704 
44.22309070271724 
44.00768979053484 
44.21460736554609 
44.22958744245933 
44.22511505017317 
44.22976918133196 
44.23014558079262 
43.40920793184002 
42.997497078540256 
44.23762031546994 
43.73748436102091 
43.987077339762585 
44.22708510161959 
43.75036953854712 
44.20360709611174 
44.00485743110598 
44.19738498540023 
43.988808963953204 
44.005050203613564 
43.728532705960106 
43.99702403908093 
44.011631191249336 
43.97672994047489 
44.00322811820109 
44.2274555604579 
43.41604969492864 
44.23370204773752 
43.72778370209522 
44.00503334431982 
44.228827930584806 
44.222713443601464 
44.201031076432834 
44.22370374978742 
43.7455675912129 
43.718121638572114 
44.20732750066597 
44.00926760436255 
43.41029782048331 
43.41537217002787 
44.230324782840526 
43.72592549692985 
44.22644336364686 
43.998991093424806 
44.21860219062366 
44.23751447863271 
44.012520345595455 
44.22013688765178 
44.226609865885315 
44.19835284221057 
44.223575636478074 
43.999690632135504 
43.70849619738186 
44.00416645818016 
43.748044749773946 
44.237738748261535 
43.99930229856423 
44.20593586600504 
44.225242032123454 
44.01084256400548 
44.00343558132779 
43.73057923926119 
44.00543343312477 
44.21697369019244 
44.22720785727166 
44.23032598547867 
43.742912287967975 
44.19488826351205 
43.00496492063953 
43.4219727360051 
44.23055134478437 
43.41324307276607 
43.413072176720824 
44.23794200549445 
