52.5710772364728 
52.5683649849349 
52.56837232027155 
52.56183180569483 
52.569764011946084 
52.569748859852616 
52.568401911216114 
52.56973237265512 
52.34182931458394 
52.34491669167753 
52.57107092588888 
52.571112711620664 
52.56696473636328 
51.76192823873013 
52.56966867092472 
52.34627680058122 
52.569663978946835 
52.339383703207886 
51.7572437851297 
52.56377317410081 
52.571076231303124 
52.56770678648114 
52.33959325038717 
52.07569369407787 
52.56980940599133 
52.56975475618853 
52.34803498256411 
52.56443994485852 
52.570948552798896 
52.56839550333792 
52.568412807068796 
52.56978469189061 
52.57108963636014 
52.56501549211112 
52.56970967103157 
52.571124841345096 
52.561793117219345 
52.571055610316 
52.57109485499732 
52.08496227015565 
52.571060376717135 
52.57113227843883 
52.567787014879 
52.57109133352092 
52.5669396777314 
52.08406500807566 
52.34575284263822 
52.5710117338807 
52.347979262238205 
52.57107791425357 
52.56842960955169 
52.571116587036684 
52.56974841924181 
52.57111593580164 
52.57112352498297 
52.571081416290184 
52.569671773383845 
52.569677085292824 
52.56444700006585 
52.56773036992655 
52.57111879415906 
52.56579957468483 
52.571132720753475 
52.564423636616176 
52.56833495295264 
52.56710816245341 
52.34645302506404 
52.34647597369479 
52.56174337062049 
52.5664464064103 
52.57110961710422 
52.567777062139754 
52.34183711981675 
52.56501830371482 
52.57096172595319 
52.34332857940811 
52.571073675024216 
52.5644263051252 
51.3418878623653 
52.34410241853518 
52.34338148451856 
52.34094116913484 
51.3418878623653 
52.341119713654805 
52.571091398632504 
52.562341791675834 
52.56970967103157 
52.3464102629607 
52.5683771229928 
52.56972370199218 
52.56906229624624 
52.57106803052249 
52.34643765168452 
52.56966217732623 
52.083158056187656 
52.5697411869301 
52.56841531182717 
52.34410809015045 
52.56579644182876 
52.57099666635159 
52.34569323288321 
51.75382686867825 
52.348061947482066 
52.571134965643466 
52.34173942628217 
52.34787565564336 
52.56978888935848 
52.56770490208767 
52.571098423672936 
52.56834407770029 
52.565093534253215 
52.33639948171623 
52.568464272122924 
52.571024737399014 
52.57112091576514 
52.563130482247786 
52.5710117338807 
52.56972104185077 
52.08023825509778 
52.338704595285975 
52.56972231927598 
52.34727607259507 
52.563722848204414 
52.34493937967201 
52.57103627408517 
52.56980690048431 
52.57109228427551 
52.56905209533854 52.57104617382495 
52.34727685434632 
52.56313863845384 
52.569744035163346 
52.56970586647369 
52.56503855972673 
52.34340090392899 
52.57103903855281 
52.565617098683056 
52.571135374667065 
52.56306183117652 
52.57112033760894 
52.33796805250307 
52.5697421491993 
52.569783743386346 
52.571057219283034 
52.568409201151084 
52.564361790124416 
52.56310141002378 
52.57113440340561 
51.761928250351765 
52.34418938892063 
52.34647786732771 
52.34492534816143 
52.3417484998792 
52.33806193111715 
52.56842960955169 
52.56833495295264 
52.5683595908743 
52.569671975149696 
52.07372998461895 
52.56844535712584 
52.5676218909171 
52.56837129420005 
52.57102856407121 
52.57107484552821 
52.569712666417274 
52.56976714251075 
51.344954103606376 
52.57112665401349 
52.56972982742957 
52.564428136723386 
52.56770678648114 
52.56767915200983 
52.07838225315044 
52.343311862541256 
51.34493464610658 
52.567798922092024 
52.56964452790593 
52.56837670481056 
52.57099265044567 
52.57099047198602 
52.34572747635489 
52.57103667958579 
52.34805870682573 
52.57104308033887 
52.08022627844195 
52.3456513621517 
52.5711024729406 
52.56635556800662 
52.567056094448894 
52.56713676252343 
52.56841600167545 
52.56980959314925 
52.56843281697263 
52.57112971373625 
52.346432013738095 
52.57112614153856 
52.56708715664531 
52.57113441610225 
52.34722677028459 
52.57107823139308 
52.56714067992798 
52.56447828933521 
52.57110879343406 
52.569778434208935 
52.57113441610225 
52.55839356914194 
52.55912768975117 
52.5676917500291 
52.56297647205262 
52.34411053352425 
52.34726031359517 
52.34719926144152 
52.56840512036344 
52.568362049432466 
52.56843790314507 
52.339524237430375 
52.569096135390474 
52.56712559546755 
52.568395990536565 
52.081039633052306 
52.56959928586892 
52.34255186273067 
52.56898076064756 
52.34725658321056 
52.565067803649065 
52.56972515312318 
52.56250778149933 
52.34801465297459 
52.082107769601045 
52.56778248674226 
52.34490237505909 
52.5650247620774 
52.56979480755996 
52.08490997362835 
52.07654872613578 
52.56516656046595 
52.56173680949757 
52.57100066863651 
52.571135130632335 
52.56913022364693 
52.56977524323323 
52.08304338574285 
52.56643632432485 
52.56425510231951 
52.33943984439112 
52.5711083518816 
52.34646688452241 
52.5644342670041 
52.08401523297926 
52.5709962761242 
52.34255186273067 
52.570993331249845 
52.56501830371482 
52.56911580268682 
52.340258477322635 
52.56502620279018 
52.56581171865108 
52.56842960955169 
52.57098578597155 
52.569760473355714 
52.34649658962725 
52.571044836265514 
52.5710117338807 
52.56841055644628 
52.571097165356846 
52.56571990230963 
52.57102315676278 
52.56974769793093 
52.57105927365576 
52.34632661050628 
52.569800256118505 
52.33726918444708 
52.56708964853053 
52.34799129601919 
52.57105118419761 
52.0830906516713 
52.56967537213839 
52.34188096517536 
52.568433841853306 
52.57111522769011 
52.57095442401207 
52.565794639094285 
52.56579264029582 
52.34414492684212 
52.571116562564875 
52.57102236395706 
52.563779630872915 
52.07921798019825 
52.569143851133276 
52.34567965652383 
52.56515613415268 
52.5710893786586 
52.078453131766196 
52.5711065780681 
52.57113403345871 
52.34727607259507 
52.57108478727151 
52.34804121417231 
52.56114678134061 
52.561773915273214 
52.56699299478704 
52.56828028776968 
52.57107861041257 
52.571113803989995 
52.56116176374927 
52.57108867281643 
52.57105322740837 
52.34805161574026 
52.34571957971797 
52.571008448080256 
52.57099066180779 
52.571117058712474 
52.57105851407386 
52.57112530223308 
52.569583188854104 
52.56967919771934 
52.57102302956946 
52.56638851830677 
52.5697179177565 
52.56968019491092 
52.568410766907725 
52.55650726394507 
52.57112338023612 
52.56114678134061 
52.563684385123096 
52.566418201137736 
52.567801253757004 
52.55840201701868 
52.56573704766768 
52.56968540795342 
52.57111159739584 
52.565805266982245 
52.565751786896435 
52.56437862901093 
51.340222505734424 
52.56970516768298 
52.57109536073192 
52.57109291644542 
52.567136136797245 
52.57109291644542 
52.56972041666834 
52.56847538854396 
52.56840904754981 
52.34563854493173 
52.33876917712834 
52.56312262740481 
52.571022915691195 
52.34487754586585 
52.348040099293314 
52.566979812989246 
52.57109402862745 
51.3463868682309 
52.571023827429755 
52.570951270915614 
52.57106059145634 
52.56969007125963 
52.571134303451494 
52.566339121773154 
52.56974398791408 
52.56503927109497 
52.56381173524871 
52.3441825184393 
52.56966934923421 
52.57108014353026 
52.56912282611307 
52.347267263447826 
52.34796778210186 
52.56107966248053 
52.569688062011835 
51.348027691208294 
52.34725065984387 
52.56442145506706 
52.344844716134205 
52.3464814759631 
52.56972047723432 
52.347086823194 
52.56843408861286 
52.56972019060135 
52.57111671586509 
52.56708217741384 
52.566979812989246 
52.56979759343921 
52.56975187063373 
52.342595653234056 
52.571039284138834 
52.568366153366895 
52.347228833419386 
52.57109263410484 
52.57107444582148 
52.57109473471578 
52.57112050405668 
52.57106362657645 
52.0812662540477 
52.569811949794925 
52.3464814759631 
52.56840790623317 
52.34331291991688 
52.568432770800094 
51.75606408042991 
52.567116144181924 
52.5710359842311 
52.56704823446382 
52.56970332499397 
52.57106896324896 
52.57113507610908 
52.57112665849791 
52.34722845901318 
52.34650017088506 
52.3464814759631 
52.57107744946613 
52.34108414219353 
52.570993587909136 
52.344960252579234 
52.56979041482492 
52.571087897108754 
52.5658060820336 
52.571103063077544 
52.569787437980736 
52.07937389568013 
52.084934642692005 
52.56577464723441 
52.57113500373857 
52.57113518907396 
52.34722845901318 
52.34650017088506 
52.56980995246766 
52.341811918844655 
52.56707145673762 
52.571111264006305 
52.56978831349531 
52.56839808062315 
52.34724234351419 
52.56845425706524 
52.081222451271145 
52.34406567028273 
52.3457256786308 
52.5710373635482 
52.56906278564993 
52.569771683328526 
52.34105045319032 
52.56710978022143 
52.57106969441061 
52.56696365883709 
52.57112833277751 
52.56310811666931 
52.57103052521053 
52.57108249979179 
52.08501553322567 
52.33629251573949 
52.56978398482595 
52.571097953041765 
52.571086450139546 
52.56976677231782 
52.568420196464814 
51.343277431555634 
52.34414892884414 
52.56570042887696 
52.57100187882861 
52.56968530094225 
52.56315201628011 
52.56971386020686 
52.56974382860923 
52.341883497883416 
52.57108871383281 
52.56707987018425 
52.56437360495616 
52.56977118068179 
52.080368761707845 
52.0774788178783 
52.57110555977785 
52.07487681087128 
52.3441718641017 
52.34642617306329 
52.56516656046595 
52.56968903123236 
52.34027877586449 
52.08307958193983 
52.56710520821428 
52.57113503747778 
52.56565636859217 
52.571039104701406 
52.568324953874566 
52.571090473785176 
52.57102790977673 
52.341054402400914 
52.56834149893082 
52.339518862241114 
52.57104955645288 
52.57106620557296 
52.56514015237617 
52.57113215809334 
52.571130719768846 
52.57103033725422 
52.34730720584472 
52.56966583921113 
52.56771199701411 
52.34178764823441 
52.34028362978223 
52.08033357184068 
52.56981715360898 
52.57107005943301 
52.56712909001059 
52.082169007469 
52.07570164367971 
52.34565387334033 
52.569704786287474 
52.56776885776383 
52.56577569420504 
52.56845302455774 
52.571134819364076 
52.56510794086553 
52.569753518601985 
52.33801958176147 
52.57106886873486 
52.571106210205286 
52.571083863149674 
52.560485478268724 
52.566402544621 
52.3448940703034 
52.562400976210725 
52.57107172574965 
52.57112393186312 
52.55981546357075 
52.56636521504595 
52.34261532140028 
52.567092124778206 
52.56502953100339 
52.56973817976077 
52.56973407340544 
52.56967880991798 
52.5710638825903 
52.34481906828294 
51.7536858488765 
52.5605096883609 
52.3409872997879 
52.567051587783666 
52.56966583921113 
52.570952626272295 
52.56497503177381 
52.571043669460536 
52.56505138398839 
52.56635655013223 
52.571129069528816 
52.571121742274144 
52.567045806657 
52.57105845321927 
52.571118323030284 
52.568420037348275 
52.57101699971334 
52.571081212843325 
51.34792516031955 
52.07751556586905 
52.57109386985089 
52.571057418774764 
52.57109093571788 
52.569739532742766 
52.57111952923303 
52.569785670037064 
52.56710245472814 
51.76306052031393 
52.56978469189061 
52.56834798234097 
52.34794257623614 
52.567044576657025 
52.57106027441877 
52.5697288815545 
52.085011979017494 
52.571124114547125 
52.56313473932381 
52.567788469944006 
52.56975854160334 
52.569775989068575 
52.343977341493165 
52.56571514323365 
52.343231316858905 
52.57112393699022 
52.56443462285407 
52.56506273127278 
52.57099913163117 
52.56972165607792 
52.56834149893082 
52.339518862241114 
52.57104955645288 
52.57101426452821 
52.571130859013316 
52.079441401686964 
52.567690390946524 
52.56709151077837 
52.571100791490956 
52.084921789765616 
52.56979070162732 
52.56580636529915 
52.56894638334968 
52.5683054561889 
52.347841732984165 
52.33483331078916 
52.56438855673743 
52.57106194928322 
52.57095811848669 
52.57109951155302 
52.56973754424386 
52.56971066220662 
52.345687740604546 
52.569739532742766 
52.57111670909958 
52.571061568005334 
52.56438952096265 
52.56646550173242 
52.56910416505206 
52.55512900955777 
52.565804234597245 
52.34644670237455 
52.560485478268724 
52.566402544621 
52.56443906566397 
52.339491464436506 
52.342594552020394 
52.5670528040339 
52.57112564390739 
52.571105696591395 
52.56710579447371 
52.57113168118025 
52.567148881839806 
52.33941912202683 
52.569659953723125 
52.56513067656256 
52.5710515632462 
52.571134819468774 
52.571116647558995 
52.567091623666286 
52.56975240532787 
52.56971892768167 
52.56511904365956 
52.34642412869532 
52.571027999094376 
52.57107366180916 
52.563759369619504 
52.571007838948894 
52.57110110943427 
52.571084434209865 
52.571118123248866 
52.57106130066459 
49.73975214787945 
52.571038611705454 
52.34030635478335 
52.0803788232905 
52.57111002488331 
52.563087688501746 
52.08303998745096 
52.57112039122271 
52.57101889918841 
52.56716273427375 
52.56836679492137 
52.07663187619965 
52.56972753689579 
52.33941912202683 
52.34560455923905 
51.76074207036764 
52.56507590655499 
52.571134819468774 
52.571118408283944 
52.571075399482204 
52.571055481071255 
52.56776177536144 
52.571100791490956 
52.569690360860946 
52.082239732965824 
52.56643016428627 
51.34805345570789 
52.569017972871684 
52.56904301227903 
52.56841167761153 
52.56767964345016 
52.56978596175187 
52.57102711005919 
52.56444277011786 
52.571118408283944 
52.57106797727503 
52.56976924871657 
52.56978146292566 
52.55778094404261 
52.571123586090515 
52.56977868234268 
52.5664081919845 
52.56579508198725 
52.568384617083225 
52.56975214680605 
52.568421172166964 
52.56974347758984 
52.34567025532262 
52.56968072027942 
52.569764595428005 
52.56245240588819 
52.57105956639698 
52.56968068947694 
52.571019101804566 
52.57103670556119 
52.56970586647369 
51.76310945839388 
52.569728425915805 
52.56977405154115 
52.571081055897935 
52.344957212446225 
52.34649527460423 
52.56574989907592 
52.57108574713052 
52.571054103523466 
52.569800881518155 
52.571063217712556 
52.343366131808494 
52.569795409321074 
52.57102051160795 
52.56844725435164 
52.57112894707958 
52.57101020286375 
52.56972276086002 
52.57100606154051 
52.5683829387641 
52.568353007322806 
52.34800348804452 
52.344132447391836 
52.08215248602447 
52.56709378928396 
52.56513859885218 
52.56979389956133 
52.569705605425874 
52.56828434923672 
52.34254261460687 
52.56971831253745 
52.56439818272551 
52.57107115835289 
52.34496007734046 
52.56972753856111 
52.56829853113285 
52.078443677745945 
52.56906911258684 
52.571119753266075 
52.344889274259046 
52.56447968065782 
51.757237294250686 
52.57112665401349 
52.57102565583338 
52.57110668362582 
52.56845302455774 
52.344955502465254 
52.073788330446185 
52.565731286238794 
52.5711022272862 
52.5711257861619 
52.56639699317172 
52.57112010071268 
52.34648538820898 
52.569770300319966 
52.56976832766203 
52.34649714406939 
52.56848341946248 
52.571130009383886 
52.56977636912075 
52.56972106174219 
52.571115621538176 
52.57106939456631 
52.566431532265405 
52.56910368365351 
52.568246405134346 
52.57110849622029 
52.571124841345096 
52.34566726143766 
52.34729845890046 
52.56975381158919 
52.567111033406526 
52.56181415548001 
52.34417389236039 
52.568400829279256 
52.34338051945045 
52.56779784250655 
52.57113087094337 
52.57107111606607 
52.075692191061 
52.34729845890046 
52.571024965351505 
52.57107503045086 
52.56438421057278 
52.07651160980619 
52.56842286600248 
52.07467954311832 
52.56179735036347 
52.57102828454916 
52.56908798058748 
52.34729845890046 
52.56963971009955 
51.7549230651129 
52.56771268685851 
52.57104089961526 
52.57108683879558 
52.5643156525592 
52.57110560917925 
52.34489454597732 
52.56636586859098 
52.56182753491613 
52.56244110358081 
52.569066997928914 
52.342595730393136 
52.56701288266746 
52.57103741921121 
52.34417257129794 
52.33633386142732 
52.56835505680617 
52.342595730393136 
52.57113469410094 
52.57112665401349 
52.56843084180283 
52.571048386576486 
52.56441989175776 
52.56972282975324 
52.56568728250776 
52.561117786934716 
52.56976377197517 
52.34030635478335 
52.55913708363128 
52.56714275747721 
52.57112844557025 
52.08303998745096 
52.57110393605222 
52.57107284081857 
52.57107845010174 
52.568281039663894 
52.341074408326485 
52.568453704012455 
52.56838153295496 
52.56978217406262 
52.56314341653431 
52.561745350093915 
52.56838827656964 
52.56977931019576 
52.342573946435536 
52.5638282200634 
52.568331220344994 
52.56844588257266 
52.5711155812399 
52.56841637576568 
51.74915533499301 
52.571105016426955 
52.56710393651206 
52.34574999491516 
52.571104474540626 
52.344933009321636 
52.084065783090814 
52.346365668877674 
52.567038725000636 
52.571082070393 
52.33938056872561 
52.34727441222237 
52.34488106164116 
52.3449651943643 
52.569121202138845 
52.57111124769329 
52.07752135941241 
52.56840741695422 
52.57104705885266 
52.5697275112102 
52.57103509756749 
52.56903529333148 
52.57103035082781 
52.56710782663285 
52.57098709463628 
52.56838997621672 
52.571133879597845 
52.56574828767741 
52.08303998745096 
52.57107026714726 
52.56970929059606 
52.57110410641771 
52.56700312039313 
52.33861546182237 
52.56577513430351 
52.56436695224508 
52.571059299529125 
52.56836965175198 
52.34725333374199 
52.33566062783961 
52.568289031831576 
52.565715753731205 
52.571132756116036 
52.06830514013631 
52.56639475305565 
52.34574999491516 
52.57103537224819 
52.34569882147157 
52.56574734937192 
52.564348030264185 
52.56380520075313 
52.569747257135774 
52.56429602179463 
52.571126573290954 
52.57110295239108 
52.56905391013624 
52.5696655763139 
52.569648506903 
52.569761069673575 
52.571107841572456 
52.56975336272866 
52.345685525383445 
52.347204810139004 
52.56770493569347 
52.34099427054535 
52.33789160225042 
52.567741665838355 
52.571093786944736 
52.56838634373798 
51.76192526062074 
52.571021716406534 
52.56645150114281 
52.57106658644379 
52.34565718169076 
52.56977335683826 
52.57111090869377 
52.34805496801141 
52.56844311428062 
52.340984977130894 
52.57107258050745 
52.56316146866217 
52.5709846259386 
52.56776177536144 
52.34730862313699 
52.344811775921094 
52.56839806734622 
52.57107624456611 
52.5697786658634 
52.570985781982195 
52.56911549672046 
52.567032860927895 
52.340221907782556 
52.571047212278145 
52.57113462771081 
52.571089465822816 
52.344169901838974 
52.56572285733421 
52.33789536226661 
52.34645300122602 
52.569078629769436 
52.56979162321855 
52.56979836092557 
52.56969033996867 
52.5617940296654 
52.3449164951401 
52.56969182434243 
52.56965984472025 
52.568437732687556 
52.55908082091905 
52.57100167104068 
52.56838967420322 
52.34411529787568 
52.56448831699961 
52.56179040339442 
52.56704017071359 
52.56973763293016 
52.342595556580314 
52.56835510666352 
52.56842551859802 
52.57105056912919 
52.57106968594591 
52.57103679452639 
52.56781584552463 
51.76074983590617 
52.57109066077353 
52.56707684055357 
52.567038524600775 
52.33635127821986 
52.56965982472597 
52.56311047522989 
52.56976967278737 
52.570953932152094 
52.57113388567855 
52.08122927809756 
52.56573552744675 
52.34489983296768 
52.57112119089654 
52.56711069009937 
52.56969962695636 
52.565775131747685 
52.56230172910545 
52.56979535061915 
52.562484360476965 
52.567071461866526 
52.57099161593548 
52.56698447443516 
52.56844810992511 
52.571134310614624 
52.34108054378313 
52.346450990390416 
52.56440050205236 
52.34569895552496 
52.346472504523334 
51.760754110858585 
52.568308207659754 
52.57113028392207 
52.56966914276487 
52.56910464381803 
52.56842066486911 
52.567721873345754 
52.34495500913095 
52.34168798233949 
52.568983235437436 
52.571094560994325 
52.56977792512085 
52.56976548341002 
52.57113230616895 
52.57111275215846 
52.56972861365897 
52.340227021716956 
52.56513811246473 
52.5657792952096 
52.57108759010357 
52.3464270118657 
52.0802795257134 
52.34323296332559 
52.571133397378546 
52.56974127968045 
52.567042368160756 
52.569736292707226 
52.57111458630626 
52.33564822699497 
52.568420037348275 
52.569625653085986 
52.56969708888646 
52.56440720736583 
52.571004195338894 
52.571106464571336 
52.57111547055571 
52.56843784235225 
52.34331281196725 
52.56711773005193 
52.566419634630535 
52.56976082084062 
52.57107224149754 
52.568408507790544 
52.57106994637975 
52.57102375458576 
52.57102374786722 
52.57102377435847 
52.57112027090871 
52.565119870463455 
52.56710245472814 
52.56710245472814 
52.56709781550312 
52.340279738016584 
52.56967665599086 
52.56314450404934 
52.565119870463455 
52.571081531760086 
52.56975899292879 
52.56572369381095 
51.76189928156645 
52.56706532314827 
52.564489802142056 
52.56431891387708 
52.56773061965007 
52.56698369792665 
52.56840446131803 
52.57113085895563 
52.34261052650733 
52.57107966259332 
52.340246290858694 
52.5710697041435 
52.34726877982484 
52.564354700101255 
52.56971434762341 
52.5670609809432 
52.570989337592195 
52.565008938922965 
52.34484558975388 
52.56500468483499 
52.3441400406723 
52.34571785228168 
52.08404614322473 
52.34178195627362 
52.57110540485808 
52.56978305722565 
52.571086557137825 
52.56440226345252 
52.57112665401349 
52.569795979116 
52.5697862672714 
52.57111595117636 
52.56233214530566 
52.33951152102685 
52.56177547628827 
52.56847666300288 
52.57097677210638 
52.5711301906092 
52.56707093924395 
52.5710548888862 
52.34797535242804 
52.56980712120684 
52.56842144821382 
52.56970876445504 
52.565089360219865 
52.340969526383574 
52.571118210301634 
52.57105125586623 
52.08306318878252 
52.07386217505826 
52.563052795583765 
52.57109065411986 
52.569759616426865 
52.56581788447762 
52.57111210996995 
52.34108250874386 
52.571044773604214 
52.56845243197691 
52.57112131034215 
52.57102450735489 
52.57110540485808 
52.56847718876259 
52.56645150114281 
52.569805424420494 
52.072012647491015 
52.345714439402165 
52.57107587662703 
52.566402327054185 
52.34799742778322 
52.56708183524827 
52.56843453854449 
52.0850069757344 
52.34799407867669 
52.57104842307461 
52.57092071107049 
52.57106773298487 
52.348061701493215 
52.079328365152875 
52.56976411060994 
52.57113091099474 
52.56375437794607 
52.08040828003442 
52.345712471001455 
52.34421270855063 
52.57100047476955 
52.57105055582438 
52.340332365480045 
52.343329026347455 
52.56173318782795 
52.34567257450916 
52.345714439402165 
52.56968922400256 
52.567774097927604 
52.56509748690026 
52.568376423016545 
52.5710338044087 
52.57104567901616 
52.57107231508803 
52.33857610394706 
52.56838530957565 
52.57106130066459 
52.568403229068096 
52.571071374020846 
52.56912469727141 
52.567740465166956 
52.57107330714194 
52.56971100109785 
52.564414620675784 
52.34491107528285 
52.56636033240708 
52.571122390231196 
52.56970176627016 
52.34724234351419 
52.3433657632001 
52.338715839868065 
52.57106526921474 
52.56838937432084 
52.34493335921539 
52.57100226447225 
52.5696809277918 
52.344170892066735 
52.56976996849338 
52.567128318794175 
52.56963744277956 
52.56776379135701 
52.56709411135909 
52.34183330296733 
52.571082288413045 
52.56960344228909 
52.33946486536605 
52.57112570232032 
52.56912394622419 
52.57095695854849 
52.57109914420736 
52.561102105573 
52.569727630228314 
52.57112396207664 
52.57101803728333 
52.56385404078844 
52.083150775228226 
52.56977343993657 
52.34565012076436 
52.561829196675674 
52.56970934728494 
52.33638187099103 
52.344147082068176 
52.57102349250875 
52.56777621090207 
52.56973161046142 
52.565630930702866 
52.570934596025516 
52.56641931295167 
52.56315275747069 
52.56772806786901 
52.07933080280995 
52.56980086483986 
52.34803893342616 
52.564986718002935 
52.571115477209865 
52.56974781998468 
52.3472104409837 
52.57105027350214 
52.34412736766862 
52.56845145364064 
52.56977767715895 
52.34724757904685 
52.56582096587239 
52.56706090471321 
52.08411095585734 
52.56577564499017 
52.57103112963325 
52.07755075818914 
52.344045681543584 
52.571132277049834 
52.34803840515201 
52.57108573882409 
52.571116587036684 
51.34805192442259 
52.56831071386872 
52.56970264398997 
52.56436432643237 
52.571119993910045 
52.56699417660454 
52.34409524947773 
52.569054266878396 
52.56909891476062 
52.345662578223006 
52.08127449159726 
52.56975658894224 
52.57112633589249 
52.5710284514199 
52.567061846640065 
52.57112915929119 
52.57101826774539 
52.57106623596939 
52.56978625065854 
52.56973825128474 
52.57110307397106 
52.56572332863042 
52.56708949465106 
52.56837221026888 
52.57107434110063 
52.3364082027314 
52.57110767688136 
52.563144880060435 
52.56973331726676 
52.34805235337509 
52.565792262700285 
52.34570465094226 
52.57101272546865 
52.569054134067876 
52.34727947768233 
52.571105718153696 
52.079411488598296 
52.56052087623927 
52.57102220629064 
52.569647217029896 
52.56373507674416 
51.760756237839644 
52.559804786802104 
52.33947142935303 
52.5671148802165 
52.56973021896795 
52.571061677164366 
52.34494940218435 
52.34101280312219 
52.567791236090926 
52.57112971373625 
52.075674579011334 
52.56580639178075 
52.571100823060576 
52.56842695021843 
52.571081591986605 
52.57113484622833 
52.34329029197122 
52.57107447239566 
52.57113441610225 
52.562409099399765 
52.57106759539023 
52.56438912789578 
52.342608138865806 
52.56578019833237 
52.5631077915322 
52.559728114911834 
52.56579249318864 
52.56837341805138 
52.33797531192715 
52.345714439402165 
52.56510902140108 
52.34247102270502 
52.56444134611257 
52.5711239898271 
52.5664750587747 
52.56448607125317 
52.55908108443731 
52.56838830155175 
52.07836980458646 
52.34486716594636 
52.57093430969128 
52.57108254474278 
52.568239014102026 
52.571098125215165 
52.084027653167 
52.34495016405086 
52.569116623863934 
52.56970213368917 
52.0848892388036 
50.75837887850781 
52.56713757641228 
52.57113251831547 
52.083084011146205 
52.5684470216676 
51.75605559421008 
52.07659950881819 
52.57099740899905 
52.56765681352644 
52.34568167996227 
52.34421739329136 
52.569739532742766 
52.569792271923724 
52.342598183668116 
52.56579300991596 
52.57109732616408 
52.57111578067585 
52.56969587096929 
52.5710790023216 
52.569766395545 
52.5678153799399 
52.34806637255606 
52.57096867883011 
52.08397075217418 
52.56702814060972 
52.571105275434 
52.56906788624471 
52.569742006131605 
52.57107110600438 
52.56708412843247 
52.56836297805553 
52.339384837765735 
52.571026411810166 
52.56847338763417 
52.34173533029666 
52.56846765433314 
52.57110350636315 
52.56978429416363 
52.565695937678356 
52.57107416357042 
52.571093586146745 
52.34407276124931 
52.563776635739 
52.56367193513681 
52.34716406658029 
52.57113104986325 
52.57110670792579 
52.56641549587731 
52.56441744587247 
52.564443271616 
52.344887682184684 
52.3425264733974 
52.34419810282742 
52.0709615771642 
52.56841363188097 
52.57110204347325 
52.571080332171476 
52.571130859013316 
52.56775697608647 
52.567149879272954 
52.569737572079404 
52.5657512577808 
52.57101286393144 
52.571009197342995 
52.561099734776285 
52.570933904968086 
52.569153327541024 
52.56969127747759 
52.57110710649608 
52.571035810679426 
52.569710166230266 
52.33715283808133 
52.34491299955009 
52.57112848464408 
52.34490679488266 
52.56250778149933 
52.57107985874475 
52.34564096001522 
52.56841363188097 
52.57109029896395 
52.56779883917665 
52.56973729235708 
52.57090695408703 
52.568461664644246 
52.57042318535301 
52.345698537775505 
52.339535561448024 
52.56980498637443 
52.56711017167673 
52.56844249067084 
52.57108574713052 
52.57108668310056 
52.571103063077544 
52.57113379399812 
52.56973917081729 
52.56835392856069 
52.337924757825974 
52.5710735230058 
52.567684450808095 
52.561831422084985 
52.57098232926333 
52.571127985984404 
52.571130540115355 
52.57101568997582 
52.56848646749491 
52.57111658190163 
52.341030662698145 
52.57110710649608 
52.571133396422745 
52.57111163646392 
52.5684017605814 
52.57103207020403 
52.33637343609209 
52.568350999998266 
52.567149879272954 
52.5617940296654 
52.56978013031932 
52.34727947768233 
52.57105642136407 
52.57110719231241 
52.56978652314804 
52.57108202774119 
52.56967873224791 
52.3479942982655 
52.57111858945402 
52.56977289527451 
52.56844419173355 
52.56776177536144 
52.57107246637656 
52.56846404033881 
52.56839870496782 
52.57107115582039 
52.57107219271538 
52.07926447258417 
52.5631027197559 
52.57099292940893 
52.57106984079517 
52.570991074696096 
52.571016529086094 
52.57111858945402 
52.56977289527451 
52.56844419173355 
52.56579246662397 
52.08496673134267 
52.34177694294412 
52.56832589969584 
52.56703522951469 
52.56575518537583 
52.566357247338 
52.569744553617355 
52.56974196852252 
52.569731243060296 
52.57111637761098 
52.56974476197309 
52.562414196321896 
52.346440187122454 
52.57103915996059 
52.56574787567851 
52.56838299069795 
52.568420237706036 
52.571135268286724 
52.55912607744335 
52.569116309097026 
52.56763145865138 
52.566447845706776 
52.56505560714649 
52.56909617440501 
52.08212318363373 
52.57101758844896 
52.57113088473585 
52.57113079788084 
52.56445632093716 
52.56772029661388 
52.337101043426145 
52.565077793860105 
52.56174401409953 
52.56973621074535 
52.57104767111513 
52.570989353292 
52.56841459528043 
52.569789375383245 
52.57112058392449 
52.56301266704787 
52.568381238026944 
52.56500670180385 
52.56842509191496 
52.57113513614189 
52.57112427226577 
52.571026318648585 
52.56909617440501 
52.56961196134639 
52.34338980400051 
52.341823682758694 
52.34571482837752 
52.569752091126915 
52.34338762079092 
52.569765409170586 
52.57109883524086 
52.57110934659416 
52.57111960365547 
52.569681649980545 
52.567748917150354 
52.56700816549843 
52.56568225963715 
52.56981407090403 
52.34028021294362 
52.57109503214611 
52.57106751745006 
52.57113339072446 
52.346456815013255 
52.345706918743296 
52.56840780786996 
52.56971761662006 
52.56700816549843 
52.56961728086614 
52.56965517017747 
52.564331964142504 
52.56715444988571 
52.57104756426326 
52.57108830903113 
52.5690567014136 
52.34640368255397 
52.56973852015076 
52.560483198542315 
52.570971351017654 
52.56700816549843 
52.571000925616964 
52.33943947610802 
52.57086735373634 
52.568461664644246 
52.5690567014136 
52.34640368255397 
52.568416182031285 
52.342596401306906 
52.571026278721774 
52.57100825633537 
52.34645691399351 
52.077565268847145 
52.5711086140079 
52.571102626636915 
52.07754798990892 
52.571033565920814 
52.571105582819136 
52.571120994343794 
52.566430541257624 
52.084905721455655 
52.57100825633537 
52.34645691399351 
52.34571519347479 
52.5684066227372 
52.56848942886824 
51.757170045263194 
52.5696854504214 
52.569784097581106 
52.571121560045555 
52.5644576122266 
52.343361123471645 
52.57108460621932 
52.567076046961674 
52.34564404600573 
52.34571482837752 
52.5684066227372 
52.57108571956462 
52.07754798990892 
52.571033565920814 
52.571105582819136 
52.571120994343794 
52.566430541257624 
52.084905721455655 
52.57111893834479 
52.57105978679537 
52.34568463585268 
52.339519970385254 
52.56976820579025 
52.565114684215544 
52.571070825498076 
52.56844503248425 
52.55848397714749 
52.341816871999036 
52.5697769217941 
52.07559971990958 
52.56971357892854 
52.57113429075485 
52.56972647542926 
52.57104269053602 
52.568438671145195 
52.33872801270869 
52.07943709861373 
52.34653640593737 
51.76076380766403 
52.57106156287281 
52.56305675899001 
52.57105576418802 
52.57111104272296 
52.56907935279355 
52.34412945357824 
52.3449365580387 
52.571118448561656 
52.34415339625087 
52.57111893834479 
52.57105978679537 
52.34568463585268 
52.339519970385254 
52.56976820579025 
52.565114684215544 
52.571070825498076 
52.56844503248425 
52.55848397714749 
52.341816871999036 
52.5697769217941 
52.07559971990958 
52.34718966418041 
52.083129734261476 
52.33789773483917 
52.56240538256186 
52.56974230837189 
52.34098071405194 
52.56903917355177 
52.565123165455326 
52.348035950505064 
52.57103941107357 
52.56651132679047 
52.56177436755314 
52.33328430222949 
52.34099548895629 
52.57109271133123 
52.565114684215544 
52.571070825498076 
52.56844503248425 
52.56767644390082 
52.562455922069475 
52.34174026437716 
52.56910614907193 
52.56580358863161 
52.57103404522928 
52.57100922687652 
52.567106513091616 
52.34333375114932 
52.571121287560956 
52.34650620239405 
52.571104454730495 
52.34649136650312 
52.348061701493215 
52.569670479428304 
52.57109704716852 
52.57110193818559 
52.56835111171686 
52.56441264674559 
52.56306777649451 
52.57097577305691 
52.57107957439715 
52.34565717260947 
52.56971133586383 
52.564454608730735 
52.562430709172794 
52.56971897647912 
52.57103668736718 
52.56304358915486 
52.569719432938165 
52.56837520436396 
52.34719676861499 
52.571119920442705 
52.569723749586515 
52.557002707128774 
52.56307263803263 
52.34330795568767 
52.56979402335298 
52.34099136044544 
52.3449444586956 
52.57112337551843 
52.57109206935773 
51.75382904095347 
52.56909296625746 
52.571076178465376 
52.565838663837795 
52.569690697654856 
52.5710706176041 
52.34492895502198 
52.567108917057745 
52.56966775971517 
52.57105620675363 
52.344143724309454 
52.565727943221034 
52.571129397472376 
52.33404719333093 
52.343324431933326 
52.34802228621281 
52.56843624811269 
52.571051059635145 
52.56774007914237 
52.56844604468035 
52.06726965021104 
52.569717838335116 
52.57100026999909 
52.56774501815879 
52.569731145563516 
52.34484086838417 
52.56767297837117 
52.56966064296397 
52.57108252533518 
52.56646505859781 
52.569745040335924 
52.56969285589774 
52.567086813789246 
52.569747738113044 
52.5697989528183 
52.56977397348636 
52.571130719768846 
52.57100907467709 
52.34485685732315 
52.33795229065114 
52.57108192313385 
52.57111893834479 
52.57105978679537 
52.56443484325615 
52.56976947340648 
52.57105548777174 
52.56907145067204 
52.56976125526509 
52.57103223851794 
52.08491313150224 
52.56978500768437 
52.567686106052015 
52.567013429337955 
52.07942350430252 
52.56781725632891 
52.571075930874 
51.348062085408095 
50.76310405098804 
52.57107984757026 
52.569790881433626 
52.56970194967184 
52.57109344883376 
52.571006649812425 
52.56901997539118 
52.57110637644434 
52.57108192313385 
52.34175379885272 
52.56434653283237 
52.56703564201393 
52.57109237353729 
52.56579249318864 
52.571029143385175 
52.5711163643853 
52.567077083373746 
52.57105045113172 
52.34571923608602 
52.56577704718298 
52.567729267823744 
52.5709675457256 
52.565123165455326 
52.08016330319433 
52.56641414299125 
52.07851220494879 
52.56242919833282 
51.74446780198804 
52.563800961123306 
52.5697011054438 
52.57105562874597 
52.56968788493803 
52.565079675111335 
52.57107984757026 
52.57106941873678 
52.57108249979179 
52.57106656600107 
52.56903262782455 
52.56844503248425 
52.57101715744446 
52.56713141673074 
52.569734535763416 
52.569786533230904 
52.56905163992076 
52.56849156659032 
52.5683492037939 
52.567729267823744 
52.5709675457256 
52.565123165455326 
52.569789183664795 
52.56843679222936 
52.569748821624096 
52.571103063077544 
52.34799471379133 
52.34418460496287 
52.34414661538193 
52.57113509068973 
52.08023940582255 
52.565742680941526 
52.56307374063547 
52.571064197267376 
52.084082542631194 
52.571129397472376 
52.346506150744425 
52.5710433265424 
52.07295225754785 
52.569789732655195 
52.571120438589 
52.57104035925825 
52.56771927214716 
51.34789821289863 
52.56959823388645 
52.56979923894904 
52.5657943939662 
52.3449211941648 
52.56900194305253 
52.56978580408676 
52.56837015665115 
52.571131836730494 
52.56245672643585 
52.57098611187813 
52.33861085559479 
52.567045276326354 
52.34111417773254 
52.57099762915348 
52.57093310843699 
52.3472633691438 
52.5683252178489 
52.57102639850095 
52.57108199014064 
52.5711046073445 
52.571116628019844 
52.571124230025006 
52.56977145608027 
52.56646657763039 
52.565172819412744 
52.563144120041606 
52.569743827534076 
52.56974861384525 
52.56826983638105 
52.5664025025099 
52.5677610767098 
52.571124946052635 
52.5711156045044 
52.3449815604665 
52.56512144323662 
52.565073466520346 
52.57105680610906 
52.34186344248514 
52.57111357657976 
52.56636199441447 
52.56975914360547 
52.34573246378439 
52.566510740325555 
52.07947603977055 
52.56899289668962 
52.56626238614001 
52.57111605435857 
52.569152455729196 
52.5698011862371 
52.57113371385128 
52.57110988311658 
52.56974317301519 
52.34806938459949 
52.567050783065554 
52.5584986065499 
52.34798584070781 
52.56109720248129 
52.57107713876237 
52.57112861121917 
52.57109286226405 
52.57106381963758 
52.56971093956042 
52.571053395479545 
52.34645536625907 
52.56505706208132 
52.3449512989566 
52.5696890436742 
52.56977523357371 
52.341747980884925 
52.571086811929625 
52.341038287682444 
52.56970576036597 
52.343383299532874 
52.57100229515994 
52.561800455617245 
52.56382633149485 
52.08221892807731 
52.34645323101907 
52.56776177536144 
52.56575530646963 
52.57105046961315 
52.571134317188864 
52.571029664441184 
52.56968203712783 
52.3425343640088 
52.57106835332636 
52.56977000428882 
52.5711188784848 
52.5697083197004 
52.34180570639471 
52.5710730210213 
52.57104449687144 
52.56912282611307 
52.57113343029449 
52.56447520591392 
52.568999637975864 
52.5711247557257 
52.560423839375744 
52.56964729791387 
52.56775769924144 
52.56908123976232 
51.761851736341406 
52.569736967873276 
52.56046593908653 
52.57105633339009 
52.56104000220019 
52.57106835332636 
52.571059321982254 
52.569677638406425 
52.56840688532878 
52.569743199590384 
52.34569026097995 
52.57106941873678 
52.57108249979179 
52.5644704925002 
52.567077280381646 
52.5711191379784 
52.34253235783832 
52.569721495353456 
52.3363693020331 
52.56568597136934 
52.56309804357955 
52.57108294980911 
52.56769890875891 
52.57100042852025 
52.08111899706003 
52.56976663528201 
52.56834661641249 
52.571048868022906 
52.571066161380585 
52.06812592364112 
52.567769066286324 
52.571099915027155 
52.571130340254705 
52.3418129026682 
52.5697345295809 
52.563755496886934 
52.57107495192049 
52.56306777649451 
52.341825648462454 
52.56907687459019 
52.569761745958104 
52.346456149552345 
52.56712421250456 
52.562476853665366 
52.56581541752893 
52.565094525661586 
52.34571519347479 
52.56906210311248 
52.56969728702659 
52.56443394965522 
52.56783614735237 
52.081305428589104 
52.569678768430386 
52.565123165455326 
52.57110858937369 
52.5697659639137 
52.57112133770966 
52.3441767003439 
52.34031778656668 
52.3347631947136 
52.571125470701126 
52.56577037339713 
52.56972561508016 
52.57110151543797 
52.57105094412344 
52.56699869857084 
52.56845731135976 
52.5710308940656 
52.56978471846699 
51.763088873823065 
52.566990893426244 
52.569796829676974 
52.56372838023038 
52.56976146667742 
52.56836680240408 
52.57108334658057 
52.56371835014556 
52.33947087358416 
52.57105108436799 
52.33563226930248 
52.57112665401349 
52.561155205778775 
52.57109773689165 
52.57105094412344 
52.56699869857084 
52.56249782519431 
52.56835717538045 
52.56505473072537 
52.569802186962804 
52.34335395191787 
52.57111937993166 
52.5711161370859 
52.33484241596402 
52.57107585005246 
49.73975214787945 
52.565737506314164 
52.56972113365448 
52.570966429371616 
52.568429823695446 
52.56831025242749 
52.5605096883609 
52.3409872997879 
52.56309892570878 
52.571134773503104 
52.56711095807155 
52.57113168118025 
52.56836781576537 
52.5711274197198 
52.569683814196004 
52.5671363550652 
52.56642933406533 
52.569717221918374 
52.34334480618843 
52.566444449728586 
52.56978731762431 
52.55982380496223 
52.57101332175233 
52.34337887458146 
52.556445314930755 
52.56908764782139 
52.56978159168223 
52.571133396422745 
52.56976663852636 
52.33247663659733 
52.57110970137451 
52.57101286393144 
52.57101866547886 
52.57106136200161 
52.57101039586678 
52.34251253362028 
52.571087187380435 
52.56974780625709 
52.56972262093335 
52.57113380087604 
52.571100823060576 
52.56971054606132 
52.56976689030229 
52.569667672297825 
52.569766618567705 
52.571074197824785 
52.571098080362404 
52.568429030168375 
52.34344520571004 
52.34340486819759 
52.5676790021484 
51.761954944518415 
51.34182822868725 
52.56248503290105 
52.570975400990996 
52.56509635336778 
52.56772288844058 
52.56977188983785 
52.569679763853976 
52.56969132246265 
52.57108819142939 
52.56842351833409 
52.57107345998968 
52.57102680048485 
52.34645691399351 
52.34714011933605 
52.5684174616479 
52.56710621956682 
52.08121601151105 
52.34801488387311 
52.567003047223274 
52.56707152194151 
52.5697508455513 
52.34253987600078 
52.569742596486435 
52.33087680117632 
52.56969132246265 
52.57108819142939 
52.56842351833409 
52.57107345998968 
52.57102680048485 
52.34645691399351 
52.34714011933605 
52.5684174616479 
52.571113481350324 
52.56848893879323 
52.565758104440896 
52.083075940136816 
52.56974686667074 
52.56441158832871 
52.34567073944691 
52.571066412992465 
52.0793877186126 
52.570997058102186 
52.557694934043404 
52.56969132246265 
52.57108819142939 
52.56842351833409 
52.57107345998968 
52.57102680048485 
52.34645691399351 
52.34714011933605 
52.5684174616479 
52.57105680610906 
52.56770007567956 
52.3417708559888 
52.571066769057175 
52.569733978824516 
52.56775695918513 
52.56969132246265 
52.57108819142939 
52.56842351833409 
52.57107345998968 
52.57102680048485 
52.34645691399351 
52.34714011933605 
52.5684174616479 
52.34111174192415 
51.75842717671596 
52.57103518737406 
52.5684282762764 
52.56972945217815 
52.081227457262685 
52.571040016506274 
52.56837122239151 
52.57104767111513 
52.34256672115425 
52.341044152504715 
52.56970343960023 
52.57100627298245 
52.56969132246265 
52.57108819142939 
52.56842351833409 
52.57107345998968 
52.57102680048485 
52.34645691399351 
52.34714011933605 
52.5684174616479 
52.34724280240685 
51.75485703432195 
52.565746754654086 
52.56701124116058 
52.5657280162623 
52.57105444417232 
52.571055086451274 
52.57111454480314 
