50.93679746148288 
50.93679766040093 
50.935171937234124 
50.936797263329694 
50.93679718043462 
50.93679756722919 
50.936757801971694 
50.93679110965608 
50.93679695821165 
50.93677900380936 
50.93679738039057 
50.93679130997087 
50.93676672192763 
50.936784899834365 
50.936797473743134 
50.93679142572816 
50.936784805087186 
50.71266622427835 
50.93678489884343 
50.93677287489095 
50.936785051244314 
50.93677920308617 
50.93679756682422 
50.936788109843036 
50.93679729722572 
50.93679742677396 
50.93679747383277 
50.93519641256577 
50.93679099282058 
50.93520611386714 
50.93679714662904 
50.93679749695771 
50.93679750903681 
50.93678452381803 
50.936791087250974 
50.93679756682422 
50.93678499327413 
50.93679746233947 
50.93679775415862 
50.93679114562616 
50.93679746229369 
50.93678502663436 
50.93679713450351 
50.93679147256027 
50.93517505887569 
50.93679123929372 
50.93679127373469 
50.93677920308617 
50.93679732071058 
50.936797474148634 
50.93679761361308 
50.93679761388372 
50.93679738012155 
50.93679761397352 
50.93679748528185 
50.93679747383293 
50.93679127386677 
50.93678508550126 
50.93679107449552 
50.935199872253605 
50.93679748586887 
50.936791016122925 
50.93679745070886 
50.93520565756146 
50.93518118375416 
50.93679106318126 
50.93679110943054 
50.93679733369253 
50.93677283933281 
50.93519021675066 
50.93679756741035 
50.93679128617423 
50.936766792246885 
50.93358814506474 
50.93678493382088 
50.93675766205431 
50.93679129744231 
50.936772944716274 
50.93679121553855 
50.936791227395624 
50.93677903905766 
50.9367607676761 
50.93679121553855 
50.93679740365041 
50.93678809789807 
50.9367820753075 
50.936791087250974 
50.936791378983806 
50.936791238935115 
50.9367974385391 
50.93679735749239 
50.93678521541021 
50.936784863549384 
50.936797286813665 
50.936797356952354 
50.93679754388061 
50.93679091082991 
50.93678492142566 
50.93360652654227 
50.93679733315234 
