42.20784747462876 
41.976569993969356 
42.20786463271927 
42.21221425188646 
42.21306562283528 
42.167813754315766 
42.19096247011703 
41.925487601235325 
42.176369354317224 
41.94329753278628 
42.197144356164955 
41.98355636441736 
42.17786373155767 
41.968484543444475 
42.207823001770365 
41.960538604632816 
42.18798546382658 
42.21152958477087 
41.96616152668409 
42.18136747201041 
41.95980429671397 
42.19278766852757 
42.201375340644546 
41.969159289332204 
41.97169495875139 
42.20810694732004 
41.71798100603498 
41.98728174707043 
41.68010063163115 
42.1899283436849 
41.958883143723085 
42.1866500375439 
42.21238777162939 
41.97377375653599 
42.16766590996223 
41.97749050789073 
42.17747414249728 
42.19291960139968 
42.21330782909113 
42.19950598353774 
42.20781698064704 
41.95540414493389 
41.951207311998836 
41.955151230295634 
41.94453986765661 
42.207911655448115 
41.96946227856433 
42.19176670103319 
41.98155168901878 
42.19983235217348 
42.19278766852757 
41.97950745112076 
42.159814193294025 
42.18574427573769 
41.36206645673218 
41.960602230531755 
42.205100952704655 
42.199243606137124 
42.19582823635285 
42.207601271369775 
41.71263995860928 
42.2027781312526 
42.19268806332648 
42.18283689639134 
42.20838716972282 
41.38985118478608 
42.21093325724301 
42.196293484036524 
42.21180015604798 
41.97770827877018 
42.20190159463861 
42.18228718297149 
42.20699675411382 
42.21196425588498 
42.207182751914 
41.70794777521227 
41.97614971347282 
41.944006133616654 
42.2075762677773 
42.212546494682044 
42.19328122238432 
42.18719110133736 
41.971979564420494 
42.19363912163154 
42.21273184090107 
42.19791747358935 
42.16693931040256 
41.62138441260983 
42.20845976835212 
42.19822187641904 
42.19893270897782 
42.205879974933936 
41.68664542183584 
42.212470613943 
42.21314491073166 
42.206234234726004 
42.21254500879099 
42.21119525078402 
42.18964490528989 
41.97746454434787 
41.37427526471805 
