48.45050203078413 
46.60131139541489 
47.98836926877912 
48.73360827775232 
47.2276431819335 
48.431738313667026 
48.483996649590566 
48.62904055409209 
48.28101546282322 
48.2141631337313 
48.21203095846964 
47.27292796122852 
48.441345137930774 
48.45069716337761 
48.49752237871845 
48.17312746593633 
48.184787907179754 
48.20010428733597 
47.207039242324726 
47.703496447461696 
48.455590846287265 
48.29348213748571 
48.41320290185377 
48.0492683804217 
47.943527962453985 
48.270052934762724 
48.519592351851415 
48.47822594271058 48.648256688260304 
48.26265902798684 
47.662759166497835 
48.642510835506044 
48.4812440663587 
47.538813518208684 
47.96310630459618 
48.48218567817763 
45.674350201135354 
48.47402526596871 
47.237083681351486 
48.5209315733376 
47.94252143057165 
48.63416787405954 
48.51112186793264 
48.273787965445784 
48.25861376136431 
47.17365641874689 
48.48962184756712 
48.50167164053344 
47.718175055340836 
48.261756761247675 
47.71288018288139 
48.26248304789777 
48.16566590115939 
48.49119239424133 
48.4361688384582 
47.93778496996548 
48.441216491241526 
47.572859786105546 
46.62635560064534 
48.528569752184616 
48.18472415542586 
48.2795929787992 
47.8954194230229 
48.51877494090485 
48.00348308799695 
48.49678338084883 
47.21277431204253 
48.2672217212728 
47.99597779809968 
47.269159901936575 
47.53161803524027 
47.973776903337445 
47.59250765020722 
47.26601264278177 
47.29704446981815 
48.26183857669271 
47.22087398921487 
48.21042402055804 
48.644901158146006 
48.640828296392165 
47.70171148853005 
48.21377377448336 
48.51976061851612 
48.67697933869159 
48.1338044576239 
47.962555546288634 
48.725754560476894 
47.140901793670864 
47.717350693737984 
47.97643640228246 
48.27533442188716 
48.23944113846638 
48.2376985345731 
48.71419374982927 
48.48434192851341 
48.72923586303668 
47.994309068264506 
48.72618613370711 
48.64052422131632 
48.25334060258333 
48.500442089325425 
