59.68162476983668 
59.471378977085074 
59.87884048353014 
59.88075992546368 
59.6844118435494 
59.896501205470145 
59.69800039619098 
59.21447249051417 
59.70538861367121 
59.46304720859156 
59.702506629065475 
59.69444608454711 
59.87880989162728 
59.689819403522286 
59.46251328143465 
59.474200779178446 
59.896164649087765 
59.69173978315755 
59.68354905514395 
59.89275395170493 
59.465153071288015 
59.895018230007004 
59.69273303114758 
59.197790922292015 
59.67875425873528 
59.463985250070344 
59.4420146444732 
59.89106211320401 
59.6963557232083 
59.20995163705789 
59.690615014762 
59.46674990746484 
59.87988732416038 
59.87322708459625 
59.886539793049984 
59.201100963997554 
59.690147018939506 
59.885988298025566 
59.6856315235061 
59.70249811682935 
59.67773735419364 
59.467851197022384 
59.89567349433315 
59.88306417037053 
59.68107251748138 
59.89412576502017 
59.8786929548122 
59.89969842142887 
59.192657401028605 
59.886917120847905 
59.69934173928377 
59.47065915901381 
59.88052671423563 
59.89275187294884 
59.89837368488239 
59.19700800750688 
58.8625523909932 
59.89408665703562 
59.87860147185342 
59.68622552004046 
59.87744712089149 
59.691230975157175 
59.19145630001956 
59.46817294512768 
59.7057000257773 
59.68614027170734 
59.89225164486177 
59.68995343615916 
59.87719864424218 
59.687363878291244 
59.68535250462627 
59.46534375333299 
59.69938177697707 
59.48025052142026 
59.69085259271366 
59.88943432335342 
58.88684594230169 
59.6874635784036 
59.89446497722693 
59.8791208492036 
59.20944674913176 
59.68779879662635 
59.88576285225328 
59.88756837966817 
59.46462846057906 
59.480615178433915 
59.705666715444984 
59.688841973612085 
59.18619913085255 
59.88767060673339 
59.21189485711418 
59.89634394280483 
59.689683977347315 
58.88822108320002 
59.68057334781271 
59.681442417040635 
59.45847898659702 
59.20423729209453 
59.68892679816782 
59.68953958091484 
