59.23609478677229 
59.46835341644808 
59.660304667884866 
59.66744766833624 
58.22918315791477 
58.97679223713683 
58.21175682575074 
58.62731489528619 
58.968438421139666 
59.46519832627017 
58.97524288795956 
58.964123174373405 
58.98140979455749 
59.45704502820727 
58.64861054953029 
59.261739286890425 
59.46109952892098 
58.96649095820359 
58.19621478553583 
58.95647523155309 
58.9176929717486 
59.22589112519107 
58.979084650520974 
58.98236159439443 
59.46785951110942 
58.641996608399374 
58.972754276996994 
58.9706353711954 
58.98017854503052 
59.2418832950422 
57.64453957968427 
59.65526703946713 
58.973512790339 
58.64383183262567 
58.98739389368763 
58.967524603295416 
58.665064645439465 
59.257033954448964 
58.98040087670098 
59.47117087509646 
58.949363777670314 
59.24218724036405 
58.899971025330345 
58.96133075961994 
59.24252692149123 
58.96820006037902 
59.24122190741527 
59.2334364192851 
58.960358802801025 
58.59364863359651 
59.25440880393795 
58.200526042053475 
58.97708540680849 
58.21674865548089 
58.25704395933379 
59.44423750099209 
58.99035140110056 
59.21984817695719 
59.46585558090422 
58.24829337229672 
59.238554886930274 
58.63044417465001 
59.24439779295042 
59.2412742315843 
58.6607297695261 
59.64583895647385 
59.241674825506095 
59.65830390776477 
58.964134598140554 
58.98539091507754 
58.95429913742259 
59.6393758635048 
59.46305509337183 
59.233224671092586 
58.637068834688556 
59.217918682871044 
59.25397940662614 
59.47671934737619 
59.6680911558983 
59.450509138491505 
59.23612631623182 
58.646072918578575 
59.44280017217634 
59.6688811964331 
58.64537523420352 
58.971982020328994 
57.62860651694136 
59.473847611252765 
58.98239123073581 
59.45789233797337 
58.97845405012209 
58.22167486504072 
59.663920638571156 
59.479026661548325 
59.25363196480209 
59.669208109713644 
59.455802189614786 
58.64385730456136 
58.965547891668706 
58.236059096785446 
