47.31208224904501 
47.129169528954876 
47.51651287006919 
47.52800442889489 
47.32007266005675 
47.57840919897916 
47.36815822361645 
46.88938605108551 
47.39391528530237 
47.10330198277297 
47.38410122782078 
47.357162340236094 
47.52135604733158 
47.340327502298265 
47.09748570300628 
47.1407408403298 
47.57974151158557 
47.34456608680079 
47.31609708803212 
47.56664624690338 
47.10594805531698 
47.576919341473506 
47.349709606812155 
46.831391036903796 
47.302934216497015 
47.10655342920891 
47.02891561659926 
47.562816403745416 
47.36140639724949 
46.87169520644979 
47.34376941971811 
47.118073537613505 
47.52330110399123 
47.499229231872 
47.54746558196346 
46.843482630706944 
47.33776211432191 
47.54119269195809 
47.32230814461465 
47.38410998263481 
47.29745226420237 
47.11646205594952 
47.579098703541696 
47.533650721543054 
47.30587697534155 
47.571856323634904 
47.51504700294154 
47.59404675421302 
46.8135463709601 
47.546527790396695 
47.371766965532366 
47.128167147250565 
47.52564163549451 
47.56655885103829 
47.58927085626085 
46.83079357389238 
46.46550291726427 
47.57154022292111 
47.518973004733375 
47.32835141488268 
47.51092904445443 
47.34408965437441 
46.808418135707214 
47.12032099042878 
47.39681906863701 
47.327751720302224 
47.56601492810748 
47.342023768689465 
47.513335676628785 
47.329720944703816 
47.32452764243556 
47.10940005567757 
47.3723998030833 
47.16117372624587 
47.34637136044079 
47.55972226433811 
46.54445971367606 
47.33071283486772 
47.57580972204227 
47.51980327805679 
46.87249559237434 
47.3345699034359 
47.54374813654481 
47.54883342182865 
47.10758997982545 
47.158844356519545 
47.396932597111295 
47.33457488576175 
46.790720605072856 
47.55003233583544 
46.87735588369488 
47.58163949726022 
47.33872353961721 
46.551047894162494 
47.30587550286854 
47.30993968880616 
47.085822092880434 
46.85443087444844 
47.33586154180815 
47.337285284699405 
