59.88588128234442 
59.88136960277476 
59.70376797509409 
59.68625280857227 
59.47305448356903 
58.854309570556765 
59.89616780030459 
59.451350174415104 
59.88698199396537 
59.70102936924608 
59.88973686846104 
59.687660951351965 
59.467802491851934 
59.4533224080833 
59.47242242227414 
59.89573317336007 
57.859155119927244 
59.70195446050653 
59.47230290877382 
59.673602030509095 
59.70087097339176 
59.699462381469765 
59.88801929282371 
59.874780897590874 
59.470332581798594 
59.45937027939932 
59.20694434182754 
59.69444292253119 
59.46367108027334 
59.69952962887295 
59.88168873107791 
59.45804088270628 
59.87894111953861 
59.70553740719944 
59.890353495676855 
59.89573143234127 
59.21017492159447 
59.899701930091666 
59.4736282679057 
59.44830603618583 
59.89003005244255 
59.69321402295845 
59.20805396097803 
59.88286547695113 
59.67943205855093 
59.47834460206386 
59.685772284074076 
59.47630901038659 
59.898918170683174 
58.85021123135497 
59.87822266144018 
59.479045263207276 
59.70246031704285 
59.199812418463466 
59.7024341356982 
59.196716500104365 
59.46872491882832 
59.19199725022021 
59.87300102759234 
59.200177975196475 
59.89927673263952 
59.69059301851998 
59.454496267528526 
59.43792988044735 
59.890102480880074 
59.1987267227859 
59.69437788881716 
59.87807742023774 
59.46347859649682 
59.89248115805463 
59.8917054626494 
59.68518985764009 
59.898918170683174 
59.1877321751282 
59.87822266144018 
59.479045263207276 
59.70246031704285 
59.69575272173171 
59.88655394006157 
59.683806628846945 
59.69912615629687 
58.879066599914665 
59.882490838265085 
59.479388296551086 
59.68817370723455 
58.86937620988992 
59.448467886673576 
59.69380574453177 
59.687275421060555 
59.464361061624196 
58.88123560068904 
59.206487689746034 
59.21088192777088 
59.89785597813366 
59.88537845980955 
59.46016421139391 
59.464194835569835 
59.46456276153974 
59.20394621489215 
59.45468202236113 
