42.01402505145472 
41.51646466011889 
41.803566628127065 
42.028844453602275 
41.51849967893961 
42.0146014675472 
42.02322881721606 
42.02680053310645 
42.01444619449835 
42.006519881792066 
42.01569041401706 
41.205685835462134 
42.00957340424719 
42.0271127239415 
42.02843052742563 
41.99058465197841 
42.01759326589328 
42.027765883298336 
41.51069637788055 
41.75228468015997 
42.022905894304515 
42.02373398114278 
42.00169650775316 
41.787426414645694 
42.02294454566472 
42.02187670286624 
42.02379665286472 
42.017841204568434 42.02716540658544 
41.793139528995404 
41.99777036823208 
42.02772410207351 
42.01782362484998 
41.98777415674142 
42.002311927232626 
42.027565078110925 
41.48461744616474 
42.028868676659506 
41.77039565990195 
42.02832694746076 
41.775913823221295 
42.026733555026155 
42.02366119934755 
42.02292030341621 
41.80294029426217 
41.49406942842852 
42.000611740214005 
42.02881515291955 
41.21456240870395 
42.01245567835724 
41.784782944066244 
42.020957807879334 
42.012165835706206 
41.9983203335718 
42.02332023254022 
41.775489105666026 
42.0196301469917 
41.770748626402224 
41.757859497733754 
42.01896928862801 
42.010089044206396 
42.002281061735275 
42.02263692802842 
42.02312582992049 
41.79540776666651 
42.028260644157676 
41.52006572381957 
42.02863998377446 
41.79008566471859 
41.77109859135848 
42.01278100622445 
41.99488625554326 
41.508089634734986 
41.516353055162966 
41.52006572381957 
42.01923654634222 
41.532641896679685 
42.01760360216411 
42.026873465930684 
42.026447330715804 
42.01014768763576 
42.02709571712459 
42.028464484682175 
42.027036908405 
41.99867360573801 
41.797834151371994 
42.02850367600547 
41.99671898146325 
42.00013659550857 
41.79829778557112 
42.00715426855175 
42.028637702111574 
42.01672148885693 
42.02869365915298 
42.02281384215917 
42.02883363804746 
42.0023325805978 
42.028777525340956 
42.02695572779784 
42.02344277934844 
42.02801298391183 
