41.79976174404694 
42.02332536995363 
42.02774979153967 
42.02859799007774 
41.984843670753534 
41.77817309772522 
41.745114241353676 
42.00060505152855 
41.76323549830323 
42.01453330895421 
41.796818406303274 
41.992875817773374 
41.78617592214607 
42.02767886836325 
41.78125792291683 
42.00298690969459 
42.02727201466005 
41.99559872307334 
41.99408282342257 
41.78060744938954 
42.00365745514915 
42.0172388488601 
41.78693136911849 
41.78705123550516 
42.02362016392582 
41.52709206374834 
41.80276697681442 
41.76999877692198 
42.00966234875361 
41.77117818526406 
42.00176803809533 
42.02802135469494 
41.789124949866086 
41.98719172990872 
41.79281884169015 
42.00151008246989 
42.00394227590439 
42.02884817738151 
42.01257217253605 
42.02332408147772 
41.99942460458062 
42.005175883667796 
41.9898609168992 
41.775681589004634 
42.02326718011343 
41.79243386775753 
42.01586729382795 
41.79711262774746 
42.01543580844029 
42.00365745514915 
41.80016655814868 
41.98357518925695 
42.00973322826266 
41.5101016396962 
41.775726711799415 
42.02039321044153 
42.01451038816712 
42.01118948467193 
42.02306159003262 
41.52784346144664 
42.02235040391951 
42.00806259885688 
42.01359484459389 
42.023770218448455 
41.53255302470489 
42.02675353617824 
42.00692185351832 
42.02740306189708 
41.79327138975363 
42.019364054275265 
41.99494134311675 
42.02707449639846 
42.0276240563139 
42.02267514850869 
41.52329472016301 
41.79684628202514 
41.76346737873945 
42.023136241072734 
42.02804345726658 
42.01302060695485 
42.00460294847641 
41.78976246387193 
42.018047144682384 
42.02829112044547 
42.013498913804874 
41.778599885729314 
41.704735419200745 
42.02397996804355 
42.009090261013476 
42.023072691823856 
42.016999209358595 
41.510961534644856 
42.028036454016984 
42.02873313364388 
42.01707369933663 
42.028226406994264 
42.02241779856696 
42.00471627434787 
41.79014305199891 
41.19342169189597 
