51.57854460405216 
51.57854864472801 
51.572694964926704 
51.578540435531295 
51.577054489856984 
51.57407962962014 
51.578625813312904 
51.57337447134644 
51.578589360188296 
51.57268724588928 
51.57852731505812 
51.573340864464846 
51.352888265252254 
51.57548191391833 
51.572694964926704 
51.57860908901314 
50.35535227067413 
51.57489754102254 
51.57264321943563 
51.57700321325552 
51.577101443621814 
51.57267267147678 
51.57860669143269 
51.5785774635366 
51.575595209140076 
51.57401314116293 
51.56892500789034 
51.57860361465094 
51.5733936750525 
51.574887792504896 
51.57856273939413 
51.57108193366309 
51.578515225513556 
51.57344185985565 
51.57857635378708 
51.57861638128725 
51.56820905554646 
51.578626847892544 
51.57269998669116 
51.57405317801436 
51.57862335390599 
51.57628754028518 
51.57709933472583 
51.57855566018794 
51.57845153911428 
51.57267862658438 
51.577039868974985 
51.35454808897758 
51.57862335390599 
51.346628906458264 
51.57854864895987 
51.57414663248914 
51.57491703737435 
51.347688869660445 
51.577142993499606 
51.57180318564238 
51.57414445068464 
51.57330829110745 
51.57854108112823 
51.35185403361918 
51.578622637051645 
51.57557867717641 
51.35368430175328 
51.5784880040771 
51.578573645759924 
51.5739927821361 
51.577078004472014 
51.57849678112485 
51.352839562318565 
51.57861832890572 
51.578588429478415 
51.5770168452796 
51.57862335390599 
51.348438643466224 
51.57854864895987 
51.57414663248914 
51.57491703737435 
51.572703581460104 
51.578585946731536 
51.57561795538812 
51.57858913738216 
51.57557383306965 
51.57850421084978 
51.5726968077542 
51.57412400609618 
51.56958376894831 
51.574002636457166 
51.57486430103911 
51.574047462356056 
51.57706999321641 
51.09242780326942 
51.35275316621585 
51.35010307800663 
51.57861977636937 
51.57853211972047 
51.57488569975526 
51.57560404442183 
51.57184553906632 
51.34849286806263 
51.57851806284981 
