51.57857630471414 
51.57554825370776 
51.57845049663477 
51.57858084044544 
51.578522918085916 
51.57860814627957 
51.57637368900397 
51.35204279466094 
51.57862544388557 
51.57266721128754 
51.57637368900397 
51.574859362644396 
51.578573408662095 
51.57113894273071 
51.355404561190575 
51.351977605137975 
51.57860811816299 
51.57856472023377 
51.57851880626536 
51.57856918068965 
51.574105235416525 
51.578626132247706 
51.572623878649466 
51.35365356778359 
51.578484626218625 
51.3467921800705 
51.57708255650184 
51.57860775496075 
51.57561808107701 
51.3554563345501 
51.57854550090845 
51.57414348752556 
51.57857931962146 
51.57848165477367 
51.578566954021206 
51.35371764267987 
51.57563687560896 
51.57855273843171 
51.57852566875572 
51.57638773585494 
51.578465785467905 
51.57410323013127 
51.57862766292338 
51.57858350961887 
51.57853837795943 
51.578587718849036 
51.57850647048785 
51.57862639447622 
51.35179379614855 
51.5785496405617 
51.5748690406914 
51.57489020022833 
51.57851043069607 
51.57856942265273 
51.5786194365792 
51.346754934883684 
51.57398173552057 
51.57860359287158 
51.57851541109794 
51.577003212429176 
51.578553998226084 
51.5727049963534 
51.35191319160941 
51.57712854052481 
51.57270542435809 
51.571841398548344 
51.57856490181965 
51.578564740111126 
51.578499127236874 
51.57627086463842 
51.577080976446055 
51.57260500921913 
51.57708860732333 
51.57409231546253 
51.578540599443045 
51.57855015396663 
51.565822350543755 
51.57709213380756 
51.57857251203194 
51.57856606559003 
51.57253323773757 
51.57479766134652 
51.57853027584812 
51.57856370055639 
51.57705563041738 
51.352848854728265 
51.5786270638925 
51.57703238679645 
51.57476430136124 
51.57854145247232 
51.57713372589588 
51.57862715543831 
51.574858485291415 
51.350229207117444 
51.57624757757988 
51.57853527346593 
51.57704122954135 
51.09022628226472 
51.574103829493595 
51.57854651977283 
