42.02746406111729 
42.01107125113189 
42.026181799853774 
42.003550337722736 
42.02749775114345 
42.01902994022521 
42.00499842993588 
42.01983001576703 
42.01372063428875 
41.52955334478506 
42.02733107758255 
42.028113307761046 
41.519270788279655 
41.210476108699105 
42.01511435908895 
42.009828918792216 
42.026183453957884 
42.00072770510955 
41.50807832275134 
41.77790658943566 
42.0235095910834 
41.51324659439419 
41.767329045269236 
42.00126184935339 
42.0242218742387 
42.022812174637515 
42.01262456050922 
42.014029252112685 
42.0064705758106 
41.799644390888275 
42.0026930717853 
42.0278835919282 
42.0282994994175 
41.76516895615173 
42.01825101888569 
42.02850824601629 
42.008854701049785 
42.027587274660966 
42.02805208954524 
41.53698398784643 
42.02752607928677 
42.02863200183681 
41.53741380879765 
42.0280395254262 
41.77660828396897 
41.800673158640066 
42.01701620920387 
41.78342602270629 
42.01674416179086 
42.017006732039334 
42.00341481637813 
42.02836625210942 
42.027651281128875 
42.01935558644583 
42.02850415447268 
42.02795561040848 
42.02002922219385 
42.017564359612805 
41.99816826682783 
42.00745671197261 
42.02821833298159 
42.009600866694186 
42.028714294580325 
42.004387695353316 
42.00863833279223 
42.00747014155341 
41.7923781610256 
42.02248206946246 
41.78033128883858 
41.7851139352191 
42.02812615681503 
41.19472659327906 
41.51535845812617 
41.759912696185054 
42.017925198166566 
41.99814432142654 
42.01854117352116 
41.78177182305293 
41.514300839094275 
42.01264353538524 
41.79220317176937 
41.510082273024885 
41.514300839094275 
41.78237162245597 
42.02792238235549 
41.75670919707512 
42.01825101888569 
42.00878024383804 
41.78667243610624 
42.02770544901191 
42.02729150909163 
42.027647953083054 
42.02718304576412 
42.022302588580054 
41.524129056945156 
42.02352901014648 
42.02114220351022 
41.784259644272666 
41.795493811449205 
42.02273081714331 
