40.61428433648641 
40.614291392269585 
40.60861916477061 
40.61427736989417 
40.61427434856412 
40.61428812286159 
40.61385414672598 
40.61420926075273 
40.614266473805394 
40.614080400804056 
40.61428152622565 
40.61421647998607 
40.61394525386373 
40.61413935161156 
40.61428481695734 
40.61422048468249 
40.614135898263505 
40.385998523227435 
40.61413923572612 
40.614013279094245 
40.61414466529589 
40.6140874980974 
40.61428807562419 
40.614178017055195 
40.61427847345109 
40.614283137309414 
40.61428482732799 
40.60888645554383 
40.61420513081786 
40.60900520211636 
40.61427325565422 
40.61428562527391 
40.614286084303686 
40.61412588558928 
40.6142085467268 
40.614288075613906 
40.61414265168394 
40.614284436876645 
40.61429473030252 
40.614210607377856 
40.614284431315454 
40.61414369409545 
40.614272790845696 
40.61422214767021 
40.60865484161161 
40.61421393497625 
40.61421510336732 
40.6140874980974 
40.61427931338643 
40.61428486441942 
40.61428973413685 
40.61428976589669 
40.61428149512135 
40.61428977632131 
40.61428521282148 
40.61428482738456 
40.61421511796785 
40.614145811084704 
40.61420800854467 
40.608934035704394 
40.61428528187856 
40.6142059488774 
40.6142840297682 
40.6089890194171 
40.60872189986271 
40.614207638569795 
40.61420923429028 
40.614279878511404 
40.614011982675116 
40.60881682867701 
40.614288144318564 
40.61421560455045 
40.6139477577764 
40.603425677636444 
40.614140465735765 
40.613849223315 
40.61421596876298 
40.61401572575519 
40.614213063315866 
40.614213497248734 
40.614081662713154 
40.61388426010207 
40.614213063315866 
40.61428233990384 
40.61417757361031 
40.61411430681385 
40.6142085467268 
40.61421883121365 
40.61421389343417 
40.61428355999339 
40.61428075520832 
40.614150517138704 
40.6141379681779 
40.61427820948901 
40.614280692175946 
40.614287299189755 
40.61420221617004 
40.61413996969051 
40.603626976181765 
40.61427981544041 
