40.61415575000978 
40.61401935826035 
40.614211407747824 
40.61427236122417 
40.61429050381823 
40.61400660525711 
40.61421209621 
40.60885289875014 
40.608660182463424 
40.61394648593522 
40.60898471993023 
40.61407660624622 
40.614072527458994 
40.61414993000598 
40.61428795276752 
40.608984025269685 
40.608987638336366 
40.614284292631204 
40.608927393281 
40.6089897078002 
40.608724616854204 
40.6141396772523 
40.61427146890731 
40.61421672222368 
40.61414376188975 
40.608994638501585 
40.61422205635925 
40.61428716043635 
40.613873005549436 
40.61414452212944 
40.61421631516041 
40.60882333409341 
40.614281361549715 
40.61415326818879 
40.61404320460552 
40.60898779437027 
40.6087226428714 
40.61421087997995 
40.61429379426801 
40.61421962148395 
40.614214621094504 
40.61407578212785 
40.61427550413295 
40.61410915165083 
40.600895332639524 
40.61429128019266 
40.60879751674341 
40.60898964789828 
40.38608571480641 
40.61426843739729 
40.6141396772523 
40.61422129126416 
40.61414130893523 
40.61421750398667 
40.61416879319785 
40.61403656553819 
40.61428377542179 
40.61428796351701 
40.61415030578539 
40.61415614657025 
40.61414796497807 
40.61413857031456 
40.614215881593566 
40.603684035638665 
40.614279792421584 
40.61407319371972 
40.61406785080299 
40.61394342815971 
40.61428670655323 
40.61404935959195 
40.61429045628777 
40.614276866533885 
40.608920773114185 
40.61422080523979 
40.60886445500274 
40.61413169370071 
40.61414203340726 
40.61427303269498 
40.61421960544081 
40.6142137480759 
40.61412109961698 
40.6089318542706 
40.608930617922894 
40.61413378158631 
40.61427834576525 
40.6142080649164 
40.61401278783192 
40.385912721866 
40.61426602326384 
40.61428212715639 
40.614152846209 
40.61427564677553 
40.38616389579856 
40.614211407747824 
40.61428967451887 
40.61428212715639 
40.61428295111147 
40.61407738654377 
40.61428427699165 
40.60899999973549 
40.61400098148758 
