52.57113541452627 
52.57113541452627 
52.57110746525115 
52.56979703548735 
52.57113541452627 
52.571118976596054 
52.565830665127756 
52.57107855157799 
52.56976942827838 
52.57113541452627 
52.5711328025039 
52.57113541452627 
52.57113541452627 
52.57113280201093 
52.57113268054256 
52.5711328025039 
52.57113280201093 
52.57107026912493 
52.57113280201093 
52.57113541452627 
52.571132727407594 
52.571130068022285 
52.57113541452627 
52.57113541452627 
52.57113541452627 
52.5711328025039 
52.571130115380356 
52.5711328025039 
52.5711328025039 
52.5711328025039 
52.57113541452627 
52.57113541452627 
52.57113534807179 
52.57113541452627 
52.57113541452627 
52.57113541452627 
52.57113541452627 
52.57113541452627 
52.571026411810166 
52.57113541452627 
52.57113541452627 
52.57113280201093 
52.57113541452627 
52.57111809518656 
52.57113541452627 
52.57113493673605 
52.57113541452627 
52.57113541452627 
52.57113536163249 
52.57113268054256 
52.57113280201093 
52.57113280201093 
52.57113268054256 
52.5711328025039 
52.571130068022285 
52.571132727407594 
52.571132727407594 
52.57113268054256 
52.57105562079375 
52.57113541452627 
52.57113541452627 
52.57113541452627 
52.57113268054256 
52.5711328025039 
52.571132727407594 
52.57113268054256 
52.57113268054256 
52.57113280201093 
52.5711328025039 
52.57113541452627 
52.57113541452627 
52.57113541452627 
52.571132727407594 
52.57113541452627 
52.57113541452627 
52.57113268054256 
52.571132727407594 
52.57113541452627 
52.57113268054256 
52.57113541452627 
52.57113280201093 
52.57113268054256 
52.57113541452627 
52.571132727407594 
52.57113541452627 
52.57113280201093 
52.57113541452627 
52.57113120912796 
52.57113541452627 
52.57113541452627 
52.57113541452627 
52.57113541452627 
52.571132727407594 
52.57113541452627 
52.57113280201093 
52.57105562079375 
52.57113541452627 
52.57112863712989 
52.57113280201093 
52.571132727407594 
52.57113541452627 
52.57113541452627 
52.57113541452627 
52.57113541452627 
52.57113541452627 
52.5711328025039 
52.57113541452627 
52.57113541452627 
52.57105575310638 
52.57113541452627 
52.57113541452627 
52.57113280201093 
52.57113541452627 
52.57113280201093 
52.57113541452627 
52.57113541452627 
52.558446808628915 
52.57113541452627 
52.57113268054256 
52.57105575310638 
52.57113541452627 
52.57113541452627 
52.571130068022285 
52.571132727407594 
52.57113541452627 
52.57113541452627 
52.57113541452627 
52.57113541452627 
52.571132727407594 
52.571132727407594 
52.57113268054256 
52.57107231508803 
52.57113541452627 
52.57112405773542 
52.57105575310638 
52.57113268054256 
52.57113268054256 
52.57113541452627 
52.571132727407594 
52.57113541452627 
52.57113541452627 
52.340286839437304 
52.57113541452627 
52.57113541452627 
52.57113541452627 
52.57113280201093 
52.57113268054256 
52.571109867022074 
52.57104457066625 
52.56836710844965 
52.57113541452627 
52.57113541452627 
52.571132727407594 
52.57113541452627 
52.57113280201093 
52.571130115380356 
52.57113541452627 
52.57113541452627 
52.57113541452627 
52.57113541452627 
52.57113541452627 
52.57113541452627 
52.57113280201093 
52.57113541452627 
52.57113541452627 
52.57113541452627 
52.571130068022285 
52.57113541452627 
52.57113541452627 
52.5711328025039 
52.57113541452627 
52.57113280201093 
52.57113541452627 
52.57113541452627 
52.57113268054256 
52.571130068022285 
52.57113541452627 
52.57113541452627 
52.57113541452627 
52.57107231508803 
52.571132727407594 
52.57113280201093 
52.57113541452627 
52.571130115380356 
52.57113541452627 
52.57113280201093 
52.57113541452627 
52.57113280201093 
52.571026411810166 
52.57113541452627 
52.57113541452627 
52.57113280201093 
52.57113280201093 
52.57113541452627 
52.57113541452627 
52.57113541452627 
52.57113280201093 
52.57113268054256 
52.57107231508803 
52.571132727407594 
52.57113541452627 
52.57113541452627 
52.57113280201093 
52.571132727407594 
52.571026411810166 
52.57113541452627 
52.57113541452627 
52.57113541452627 
52.57113541452627 
52.57113541452627 
52.57113541452627 
52.57113541452627 
52.57113541452627 
52.571097673462624 
52.57113541452627 
52.57113541452627 
52.57113541452627 
52.57113541452627 
52.57113541452627 
52.57113541452627 
52.57105300863457 
52.57113268054256 
52.571026411810166 
52.571132727407594 
52.571132727407594 
52.57113541452627 
52.57113541452627 
52.57113541452627 
52.57107026912493 
52.57113541452627 
52.571132727407594 
52.57113541452627 
52.57107231508803 
52.57113541452627 
52.57113541452627 
52.57113541452627 
52.57113268054256 
52.57113280201093 
52.571132727407594 
52.57113541452627 
52.57113268054256 
52.56981585763633 
52.57113541452627 
52.57113541452627 
52.56981585104525 
52.57113541452627 
52.57112427667377 
52.57113541452627 
52.57113280201093 
52.571132727407594 
52.57107026912493 
52.57113541452627 
52.57113541452627 
52.57113541452627 
52.57113541452627 
52.571090969256254 
52.5711328025039 
52.57113268054256 
52.57113527507016 
52.57113268054256 
52.571132727407594 
52.57113280201093 
52.57113018999225 
52.57113541452627 
52.57113541452627 
52.57113541452627 
52.571132727407594 
52.57113541452627 
52.57113268054256 
52.571090969256254 
52.57113541452627 
52.57113541452627 
52.57113541452627 
52.57113541452627 
52.57113063806021 
52.57113268054256 
52.57113541452627 
52.57112862411756 
52.57113541452627 
52.571130068022285 
52.57113541452627 
52.57113541452627 
52.57113541452627 
52.57113541452627 
52.57113541452627 
52.57113541452627 
52.57113541452627 
52.57105562079375 
52.57113541452627 
52.57107231508803 
52.57107231508803 
52.57113541452627 
52.571026411810166 
52.57107231508803 
52.57107026912493 
52.57113541452627 
52.57113541452627 
52.571130068022285 
52.57105575310638 
52.57113541452627 
52.571103752274595 
52.571132727407594 
52.571132727407594 
52.57113541452627 
52.57113541452627 
52.57113268054256 
52.5711328025039 
52.57113541452627 
52.57113541452627 
52.57113541452627 
52.57113280201093 
52.57113541452627 
52.57113541452627 
52.571132727407594 
52.57113541452627 
52.57113541452627 
52.57105562079375 
52.5711328025039 
52.57113541452627 
52.57113268054256 
52.571132727407594 
52.57107026912493 
52.571132727407594 
52.571130068022285 
52.57105575310638 
52.57113268054256 
52.571132727407594 
52.57107026912493 
52.571130068022285 
52.57105575310638 
52.57113268054256 
52.57113268054256 
52.57113541452627 
52.57113541452627 
52.571130115380356 
52.57113541452627 
52.57113541452627 
52.57113268054256 
52.57113541452627 
52.5711328025039 
52.571130115380356 
52.57113541452627 
52.57113268054256 
52.571130068022285 
52.57105575310638 
52.57113541452627 
52.57113541452627 
52.57113541452627 
52.57113541452627 
52.571130115380356 
52.57113541452627 
52.5711328025039 
52.571130068022285 
52.57105575310638 
52.57113268054256 
52.57113280201093 
52.57113541452627 
52.57105562079375 
52.571132727407594 
52.57113280201093 
52.571026411810166 
52.57113280201093 
52.57113541452627 
52.57113541452627 
52.57113541452627 
52.57113541452627 
52.57113541452627 
52.57113280201093 
52.57113536146392 
52.56843043135456 
52.571036099240565 
52.57113541452627 
52.57113541452627 
52.57113268054256 
52.34653458306749 
52.57113280201093 
52.57113541452627 
52.571074915301274 
52.57113268054256 
52.57113541452627 
52.571130068022285 
52.57113268054256 
52.5711328025039 
52.57107026912493 
52.57113541452627 
52.57113541452627 
52.57113268054256 
52.57113541452627 
52.57113541452627 
52.571132727407594 
52.57113541452627 
52.57113541452627 
52.571026411810166 
52.57113541452627 
52.571130115380356 
52.57113541452627 
52.57113541452627 
52.571132727407594 
52.5711328025039 
52.5711328025039 
52.57113280201093 
52.571132727407594 
52.57113541452627 
52.57113268054256 
52.571109867022074 
52.57113268054256 
52.57113541452627 
52.571132727407594 
52.571132727407594 
52.57113541452627 
52.57113280201093 
52.571132727407594 
52.57113018999225 
52.571132727407594 
52.57113541452627 
52.57108485980982 
52.57113541452627 
52.57113541452627 
52.571132727407594 
52.57113541452627 
52.57113280201093 
52.57113280201093 
52.57113280201093 
52.57113280201093 
52.57113541452627 
52.57113541452627 
52.57113268054256 
52.57113541452627 
52.57113280201093 
52.571132727407594 
52.57113541452627 
52.57113541452627 
52.57113541452627 
52.57113541452627 
52.57113541452627 
52.57113541452627 
52.57113541452627 
52.5711328025039 
52.57113541452627 
52.57113280201093 
52.57113541452627 
52.57113541452627 
52.57113541452627 
52.57113541452627 
52.5710697031231 
52.57113280201093 
52.57113541452627 
52.57107231508803 
52.57113541452627 
52.5711328025039 
52.57113268054256 
52.57113541452627 
52.57113541452627 
52.571132727407594 
52.57113541452627 
52.57113541452627 
52.57113541452627 
52.57113541452627 
52.57113541452627 
52.57113280201093 
52.57113541452627 
52.57113541452627 
52.57113541452627 
52.571109867022074 
52.5711015353792 
52.34728463622153 
52.57103893420111 
52.57100591398653 
52.57113069815558 
52.568448921300714 
52.34496209123681 
52.56842411718829 
52.566477485643404 
52.57112437685063 
52.57113541452627 
52.57110099797013 
52.5710953800697 
52.56974285433728 
52.57113541452627 
52.57113280201093 
52.5711328025039 
52.571097673462624 
52.57113541452627 
52.57113541452627 
52.57105562079375 
52.57113268054256 
52.57113541452627 
52.57113541452627 
52.57113541452627 
52.57113541452627 
52.57113541452627 
52.57113541452627 
52.5711328025039 
52.57105575310638 
52.571130115380356 
52.5711328025039 
52.57105575310638 
52.57113280201093 
52.57113541452627 
52.57113280201093 
52.5711328025039 
52.57113541452627 
52.57113268054256 
52.57113541452627 
52.57113541452627 
52.57113541452627 
52.5711328025039 
52.57107231508803 
52.571130068022285 
52.57109310296823 
52.57113541452627 
52.57113541452627 
52.57113268054256 
52.57113272954289 
52.5711328025039 
52.57113268054256 
52.571132727407594 
52.57113541452627 
52.57113541452627 
52.57113541452627 
52.5711328025039 
52.57113280201093 
52.57113541452627 
52.57113541452627 
52.571130115380356 
52.57113541452627 
52.57113541452627 
52.57113268054256 
52.57107026912493 
52.57113541452627 
52.57113541452627 
52.57113541452627 
52.57113541452627 
52.5711328025039 
52.57113541452627 
52.57113280201093 
52.57113541452627 
52.57113541452627 
52.5711328025039 
52.57105575310638 
52.57113268054256 
52.57113541452627 
52.57113541452627 
52.57109310296823 
52.57113280201093 
52.57113541452627 
52.57113268054256 
52.57112427715588 
52.571125876043034 
52.5711328025039 
52.57113541452627 
52.57113541452627 
52.57113541452627 
52.57113280201093 
52.57113541452627 
52.57113541452627 
52.57113541452627 
52.57113268054256 
52.57107231508803 
52.57113280201093 
52.57113541452627 
52.5711328025039 
52.5711328025039 
52.5711328025039 
52.571132727407594 
52.57113280201093 
52.57113280201093 
52.57113280201093 
52.57113541452627 
52.57113280201093 
52.57113541452627 
52.57113541452627 
52.57113541452627 
52.571132727407594 
52.571132727407594 
52.5711328025039 
52.57113268054256 
52.57113541452627 
52.57113541452627 
52.57113280201093 
52.57113280201093 
52.57113541452627 
52.5711328025039 
52.57113541452627 
52.57112848845219 
52.57113277603611 
52.57113541452627 
52.57113541452627 
52.5711328025039 
52.571130068022285 
52.57113541452627 
52.57113541452627 
52.57113541452627 
52.57112848845219 
52.57113280201093 
52.571132727407594 
52.57113541452627 
52.5711328025039 
52.571132727407594 
52.57113541452627 
52.57113541452627 
52.57113541452627 
52.57113541452627 
52.57113541452627 
52.5711328025039 
52.57113541452627 
52.57113541452627 
52.5711328025039 
52.5711328025039 
52.57113541452627 
52.571132727407594 
52.57113541452627 
52.5711328025039 
52.5711328025039 
52.571132727407594 
52.57113541452627 
52.571132727407594 
52.571130115380356 
52.571132727407594 
52.5711328025039 
52.571132727407594 
52.571132727407594 
52.57113541452627 
52.5710555214745 
52.57113541452627 
52.57113541452627 
52.57113541452627 
52.57106216118543 
52.57113541452627 
52.571132727407594 
52.57105575310638 
52.5711328025039 
52.5711328025039 
52.57113541452627 
52.5711328025039 
52.57113541452627 
52.57113541452627 
52.57113541452627 
52.5711328025039 
52.571132727407594 
52.57113280201093 
52.57105288691728 
52.57113541452627 
52.571097673462624 
52.57113541452627 
52.5711328025039 
52.57113541452627 
52.57113541452627 
52.57113541452627 
52.57113268054256 
52.57113268054256 
52.57113541452627 
52.57113541452627 
52.57113541452627 
52.57113541452627 
52.57113541452627 
52.57113541452627 
52.571132727407594 
52.57113541452627 
52.57107026912493 
52.57113541452627 
52.57113541452627 
52.571132727407594 
52.57113541452627 
52.57113541452627 
52.571132727407594 
52.57113280201093 
52.57113541452627 
52.57108224770387 
52.57113541452627 
52.5711328025039 
52.57113268054256 
52.571079703314936 
52.571132727407594 
52.57113280201093 
52.57113541452627 
52.571132727407594 
52.57113280201093 
52.57109310296823 
52.571132727407594 
52.57113541452627 
52.57113541452627 
52.57113541452627 
52.5711328025039 
52.57113541452627 
52.57113541452627 
52.57113541452627 
52.57113541452627 
52.57113541452627 
52.57113541452627 
52.57113541452627 
52.57113541452627 
52.57113541452627 
52.57113541452627 
52.57113268054256 
52.5711328025039 
52.5711283824805 
52.5711053684219 
52.57113280201093 
52.56915520797817 
52.5711328025039 
52.571109867022074 
52.57113541452627 
52.57113280201093 
52.56979494662012 
52.571132727407594 
52.57113541452627 
52.57113541452627 
52.57113541452627 
52.57113541452627 
52.57113541452627 
52.57113280201093 
52.57113541452627 
52.57113541452627 
52.57113541452627 
52.57113268054256 
52.5711328025039 
52.57113268054256 
52.57113268054256 
52.57113541452627 
52.571097673462624 
52.571132727407594 
52.57113541452627 
52.57113541452627 
52.571132727407594 
52.5711328025039 
52.57113280201093 
52.571132727407594 
52.57113268054256 
52.571132727407594 
52.57113541452627 
52.57105575310638 
52.571132727407594 
52.57113541452627 
52.57113268054256 
52.57113541452627 
52.57113541452627 
52.57113541452627 
52.571097673462624 
52.57113268054256 
52.57113280201093 
52.57113268054256 
52.57113268054256 
52.57113268054256 
52.57113541452627 
52.57113541452627 
52.57113541452627 
52.57113541452627 
52.57113541452627 
52.57113541452627 
52.571132727407594 
52.57113541452627 
52.57113541452627 
52.57113541452627 
52.5711328025039 
52.57113541452627 
52.57105575310638 
52.571132727407594 
52.57109310296823 
52.57113541452627 
52.57113541452627 
52.571097673462624 
52.56978521304536 
52.57113268054256 
52.57113541452627 
52.57113541452627 
52.57113541452627 
52.57113541452627 
52.57113541452627 
52.57113541452627 
52.57113541452627 
52.57113541452627 
52.57113541452627 
52.57113541452627 
52.57113541452627 
52.571109867022074 
52.57113541452627 
52.57113541452627 
52.57113268054256 
52.571132727407594 
52.57113541452627 
52.57113541452627 
52.57107026912493 
52.57113268054256 
52.57108485980982 
52.57113280201093 
52.57113268054256 
52.57113018999225 
52.57113280201093 
52.571130115380356 
52.57113541452627 
52.57113541452627 
52.5711328025039 
52.571109867022074 
52.57113541452627 
52.571130068022285 
52.57105562079375 
52.57113541452627 
52.571130068022285 
52.57108485980982 
52.57113541452627 
52.57113541452627 
52.57113541452627 
52.57113280201093 
52.57113541452627 
52.57113541452627 
52.57113541452627 
52.57113541452627 
52.57113541452627 
52.571132727407594 
52.57113541452627 
52.57113541452627 
52.57113541452627 
52.57113541452627 
52.57113541452627 
52.57113541452627 
52.571132727407594 
52.5711328025039 
52.571132727407594 
52.5711328025039 
52.57113268054256 
52.571132727407594 
52.571132727407594 
52.57113541452627 
52.57113541452627 
52.57113541452627 
52.57113541452627 
52.57113541452627 
52.57113541452627 
52.57113541452627 
52.5711328025039 
52.571097673462624 
52.57113268054256 
52.57107026912493 
52.57113268054256 
52.57113541452627 
52.571132727407594 
52.571132727407594 
52.571109867022074 
52.57113268054256 
52.57107026912493 
52.571132727407594 
52.57113541452627 
52.571097673462624 
52.57113268054256 
52.57113541452627 
52.57113541452627 
52.571132727407594 
52.57113541452627 
52.57113541452627 
52.57113541452627 
52.57112863712989 
52.5711328025039 
52.57113280201093 
52.57113541452627 
52.57109310296823 
52.57113280201093 
52.57113541452627 
52.57113541452627 
52.57113541452627 
52.57113541452627 
52.5711328025039 
52.571109867022074 
52.5711328025039 
52.57113268054256 
52.57113541452627 
52.57113541452627 
52.571132727407594 
52.57113541452627 
52.571132727407594 
52.57113541452627 
52.571130115380356 
52.57113268054256 
52.57113541452627 
52.57113541452627 
52.57113541452627 
52.57113541452627 
52.57113541452627 
52.57113541452627 
52.571132727407594 
52.571132727407594 
52.57113280201093 
52.57113541452627 
52.57113280201093 
52.57113541452627 
52.571132727407594 
52.57113541452627 
52.571097673462624 
52.57113268054256 
52.571130115380356 
52.5711328025039 
52.571132727407594 
52.57113541452627 
52.571126898092146 
52.57113536142109 
52.57113541452627 
52.5711328025039 
52.57113541452627 
52.5711328025039 
52.57105575310638 
52.57113541452627 
52.57113541452627 
52.57113541452627 
52.57113541452627 
52.57105975224273 
52.57113541452627 
52.57113541452627 
52.571132727407594 
52.57109310296823 
52.57113541452627 
52.57113541452627 
52.5711328025039 
52.57113541452627 
52.5711328025039 
52.57113541452627 
52.5711328025039 
52.5711328025039 
52.57113280201093 
52.57113541452627 
52.57113541452627 
52.57113541452627 
52.57113280201093 
52.57113541452627 
52.57113541452627 
52.57113541452627 
52.57113541452627 
52.571132727407594 
52.57108485980982 
52.57113541452627 
52.57113541452627 
52.57113541452627 
52.57113541452627 
52.57113268054256 
52.571063904654025 
52.57105562079375 
52.57113280201093 
52.57113541452627 
52.57113541452627 
52.57113541452627 
52.57113541452627 
52.57113541452627 
52.57113541452627 
52.5711328025039 
52.57113541452627 
52.57113280201093 
52.57113280201093 
52.57113541452627 
52.57113018999225 
52.57113541452627 
52.57113541452627 
52.57113541452627 
52.571132727407594 
52.57113268054256 
52.571132727407594 
52.57113541452627 
52.57113541452627 
52.57113280201093 
52.57113541452627 
52.57113541452627 
52.57113541452627 
52.57113541452627 
52.57112427667377 
52.57106813612364 
52.57113268054256 
52.57113541452627 
52.57113541452627 
52.571109867022074 
52.57110360463641 
52.57113280201093 
52.57113541452627 
52.57113541452627 
52.57113541452627 
52.57113268054256 
52.57113541452627 
52.57113280201093 
52.57113541452627 
52.5711328025039 
52.571132727407594 
52.57105207187382 
52.57113541452627 
52.57113541452627 
52.57113541452627 
52.5631821303243 
52.57113268054256 
52.57113541452627 
52.571132727407594 
52.5711328025039 
52.571132727407594 
52.57113280201093 
52.571132727407594 
52.57113541452627 
52.57113541452627 
52.57113541452627 
52.57109049101459 
52.57113541452627 
52.571132727407594 
52.57113541452627 
52.57113541452627 
52.57113541452627 
52.57113541452627 
52.57113541452627 
52.571097673462624 
52.57113268054256 
52.57113018999225 
52.57113541452627 
52.57113541452627 
52.57113541452627 
52.57113541452627 
52.5711328025039 
52.57113541452627 
52.57113280201093 
52.57113541452627 
52.57113541452627 
52.57113541452627 
52.571109867022074 
52.571132727407594 
52.5711328025039 
52.57113268054256 
52.571128488570906 
52.571132727407594 
52.57113268054256 
52.57113280201093 
52.57113541452627 
52.57113541452627 
52.57113541452627 
52.57113541452627 
52.571055673912525 
52.57113541452627 
52.57113541452627 
52.5711328025039 
52.57113268054256 
52.57113541452627 
52.57113541452627 
52.57113541452627 
52.571130115380356 
52.57113541452627 
52.57113541452627 
52.57113541452627 
52.57113541452627 
52.57113268054256 
52.57113541452627 
52.57113268054256 
52.571132727407594 
52.571132727407594 
52.57113541452627 
52.57113541452627 
52.57105575310638 
52.57107026912493 
52.571130068022285 
52.57113541452627 
52.57113268054256 
52.571132727407594 
52.57113541452627 
52.5711328025039 
52.571132727407594 
52.344144054492176 
52.571132727407594 
52.57113541452627 
52.571109867022074 
52.57113541452627 
52.57113280201093 
52.57113280201093 
52.57113541452627 
52.57105575310638 
52.5711328025039 
52.57113541452627 
52.5711328025039 
52.571130115380356 
52.57113541452627 
52.57113541452627 
52.57105575310638 
52.57113541452627 
52.5711328025039 
52.57113280201093 
52.5711328025039 
52.57113541452627 
52.571132727407594 
52.571132727407594 
52.57113541452627 
52.57113541452627 
52.571132727407594 
52.571132727407594 
52.57108485980982 
52.57113541452627 
52.57113541452627 
52.57113541452627 
52.57113541452627 
52.5711328025039 
52.571026411810166 
52.57113268054256 
52.57113541452627 
52.57113268054256 
52.57105575310638 
52.57113541452627 
52.57113541452627 
52.57113541452627 
52.571132727407594 
52.57113280201093 
52.5711328025039 
52.57113541452627 
52.57113541452627 
52.571132727407594 
52.571132727407594 
52.57113268054256 
52.57113268054256 
52.5711328025039 
52.57113541452627 
52.5711328025039 
52.57107026912493 
52.57113541452627 
52.571097673462624 
52.57113280201093 
52.571132727407594 
52.57113541452627 
52.57107026912493 
52.5711328025039 
52.57113268054256 
52.57113541452627 
52.57113280201093 
52.57107026912493 
52.57113268054256 
52.571132727407594 
52.57113541452627 
52.57113541452627 
52.57113541452627 
52.57113541452627 
52.57113541452627 
52.57113541452627 
52.5711328025039 
52.57105575310638 
52.57105575310638 
52.5711328025039 
52.57113268054256 
52.571132727407594 
52.57113268054256 
52.57113541452627 
52.571132727407594 
52.57113541452627 
52.57113541452627 
52.57113541452627 
52.5711328025039 
52.57113541452627 
52.571130115380356 
52.5711328025039 
52.57105562079375 
52.571132727407594 
52.5711328025039 
52.571130115380356 
52.571130068022285 
52.57105575310638 
52.57107231508803 
52.57113268054256 
52.57113541452627 
52.57113541452627 
52.57113541452627 
52.57113541452627 
52.57113541452627 
52.571132727407594 
52.571132727407594 
52.57113268054256 
52.571130068022285 
52.57113268054256 
52.57113268054256 
52.57113541452627 
52.57113541452627 
52.57109310296823 
52.57113280201093 
52.57113280201093 
52.57113280201093 
52.56844770982694 
52.563119288506876 
52.57113541452627 
52.57113541452627 
52.57113541452627 
52.57113541452627 
52.57113541452627 
52.344876143732606 
52.57113541452627 
52.57113541452627 
52.57107026912493 
52.571132727407594 
52.571132727407594 
52.57107231508803 
52.57113268054256 
52.57113541452627 
52.57113541452627 
52.5711328025039 
52.57113541452627 
52.57113541452627 
52.57113280201093 
52.57113268054256 
52.57113541452627 
52.5711328025039 
52.571090969256254 
52.57113541452627 
52.57113268054256 
52.57113541452627 
52.5711328025039 
52.57113541452627 
52.571109867022074 
52.57113268054256 
52.57113541452627 
52.57113541452627 
52.57113541452627 
52.571026411810166 
52.57113541452627 
52.571090969256254 
52.57113541452627 
52.57113280201093 
52.57107026912493 
52.57113268054256 
52.57113268054256 
52.57113541452627 
52.571097673462624 
52.57113541452627 
52.57113541452627 
52.57113268054256 
52.571130115380356 
52.57113541452627 
52.571132727407594 
52.57113541452627 
52.56972591202289 
52.5657510863882 
52.57113280201093 
52.56711738850711 
52.571132727407594 
52.57113541452627 
52.5710697031231 
52.571132727407594 
52.57113280201093 
52.57113280201093 
52.571132727407594 
52.57113541452627 
52.57113541452627 
52.57113541452627 
52.57113268054256 
52.571132727407594 
52.57113541452627 
52.57113541452627 
52.57113280201093 
52.57107026912493 
52.57113018999225 
52.57107026912493 
52.5711328025039 
52.57113541452627 
52.57113541452627 
52.57113280201093 
52.57113541452627 
52.57113541452627 
52.57113280201093 
52.571132727407594 
52.57113541452627 
52.57113541452627 
52.57113018999225 
52.57113280201093 
52.57113541452627 
52.57107026912493 
52.57113268054256 
52.57113280201093 
52.57113280201093 
52.57113541452627 
52.571026411810166 
52.57113541452627 
52.571130115380356 
52.57113268054256 
52.57113541452627 
52.571117545296374 
52.571090969256254 
52.571132727407594 
52.57113541452627 
52.57107026912493 
52.571132727407594 
52.57112586273478 
52.57113541452627 
52.56981585104525 
52.57109310296823 
52.571132727407594 
52.57112850875 
52.571132727407594 
52.571026411810166 
52.57113541452627 
52.571132727407594 
52.57113541452627 
52.57113280201093 
52.57113541452627 
52.57113541452627 
52.571132727407594 
52.57113541452627 
52.571132727407594 
52.57113541452627 
52.571109867022074 
52.57113541452627 
52.57113541452627 
52.57113280201093 
52.57113541452627 
52.57113280201093 
52.5711328025039 
52.571135281511125 
52.57113541452627 
52.57113541452627 
52.57113541452627 
52.57113280201093 
52.571132727407594 
52.57113268054256 
52.57113541452627 
52.57113541452627 
52.57113541452627 
52.57113541452627 
52.57113280201093 
52.57113541452627 
52.57113541452627 
52.57113541452627 
52.57113541452627 
52.571132727407594 
52.571109867022074 
52.56382003841082 
52.5643230501861 
52.57113280201093 
52.57113280201093 
52.57113541452627 
52.57113280201093 
52.57113541452627 
52.57113541452627 
52.57113280201093 
52.57113541452627 
52.57113541452627 
52.5711328025039 
52.57113268054256 
52.57113541452627 
52.57113280201093 
52.57113280201093 
52.571132727407594 
52.5711328025039 
52.571026411810166 
52.57113541452627 
52.34807102982994 
52.34107483096978 
52.57113541452627 
52.57113541452627 
52.5711328025039 
52.571090969256254 
52.57113268054256 
52.5711328025039 
52.57113280201093 
52.57113541452627 
52.57113268054256 
52.571130068022285 
52.57113268054256 
52.34807102982994 
52.34107483096978 
52.57113541452627 
52.571132727407594 
52.57113280201093 
52.571132727407594 
52.57113541452627 
52.57113541452627 
52.57113541452627 
52.57113541452627 
52.57113280201093 
52.57113541452627 
52.571132727407594 
52.56981585763633 
52.57113541452627 
52.57113280201093 
52.57113541452627 
52.5711328025039 
52.57113268054256 
52.5711328025039 
52.57113268054256 
52.57113541452627 
52.57113268054256 
52.57107231508803 
52.57113541452627 
52.57105562079375 
52.57113541452627 
52.57113268054256 
52.57113541452627 
52.571132727407594 
52.571132727407594 
52.571026411810166 
52.571132727407594 
52.571132727407594 
52.57113541452627 
52.571130068022285 
52.5711328025039 
52.57113541452627 
52.571132727407594 
52.5711328025039 
52.57113280201093 
52.57113280201093 
52.57113268054256 
52.57113268054256 
52.57113541452627 
52.571132727407594 
52.57113280201093 
52.57113268054256 
52.571131046236786 
52.57113541452627 
52.57102106450365 
52.571133787203614 
52.57110670141753 
52.571133787203614 
52.571121549144294 
52.57105301437288 
52.57113268054256 
52.57107521355784 
52.571132727407594 
52.571077444641794 
52.570989337592195 
52.571133204401754 
52.57113352330079 
52.57109833501691 
52.57104113283195 
52.57107521355784 
52.571133720629845 
52.571133423016825 
52.57102860623822 
52.57107231508803 
52.571097673462624 
52.57113541452627 
52.57113541452627 
52.57113541452627 
52.57113541452627 
52.57113541452627 
52.571132727407594 
52.57113541452627 
52.57113541452627 
52.57113541452627 
52.57113268054256 
52.57113268054256 
52.57113268054256 
52.57113541452627 
52.57113541452627 
52.57113280201093 
52.571132727407594 
52.571130068022285 
52.571132727407594 
52.57113280201093 
52.571132727407594 
52.57113541452627 
52.57113541452627 
52.57113268054256 
52.57113268054256 
52.571130115380356 
52.571090969256254 
52.57113268054256 
52.57107231508803 
52.57113268054256 
52.571130115380356 
52.57113541452627 
52.57113541452627 
52.571109867022074 
52.571132727407594 
52.57113541452627 
52.57113541452627 
52.57113541452627 
52.57113541452627 
52.57113541452627 
52.57113541452627 
52.57113280201093 
52.571132727407594 
52.57113541452627 
52.57113541452627 
52.57113280201093 
52.57113541452627 
52.57113541452627 
52.57113541452627 
52.571026411810166 
52.571132727407594 
52.57113541452627 
52.571109867022074 
52.57113541452627 
52.57113280201093 
52.57113541452627 
52.57113541452627 
52.57113541452627 
52.57113541452627 
52.57113541452627 
52.57113268054256 
52.57105575310638 
52.5711328025039 
52.57113541452627 
52.57113268054256 
52.57113268054256 
52.57105575310638 
52.57113541452627 
52.57113541452627 
52.57113541452627 
52.57113268054256 
52.5711328025039 
52.57113541452627 
52.57113541452627 
52.57113280201093 
52.571132727407594 
52.57113541452627 
52.57113541452627 
52.57113541452627 
52.57113541452627 
52.57113541452627 
52.57113541452627 
52.57113541452627 
52.57105575310638 
52.57113268054256 
52.57113018999225 
52.5711328025039 
52.57113541452627 
52.5711328025039 
52.57113541452627 
52.57113541452627 
52.57113541452627 
52.57113280201093 
52.57113268054256 
52.57113268054256 
52.57113280201093 
52.57113268054256 
52.56981585104525 
52.57113541452627 
52.57113541452627 
52.5711328025039 
52.57113541452627 
52.57113541452627 
52.57113280201093 
52.57113541452627 
52.57113541452627 
52.57113541452627 
52.57113280201093 
52.57113268054256 
52.57113268054256 
52.57113280201093 
52.57113268054256 
52.57113541452627 
52.57113541452627 
52.57113541452627 
52.57113541452627 
52.57113280201093 
52.57113541452627 
52.57113541452627 
52.57113541452627 
52.57113280201093 
52.57113268054256 
52.57113541452627 
52.571132727407594 
52.5711328025039 
52.5711328025039 
52.57113018999225 
52.57113541452627 
52.57113268054256 
52.57113541452627 
52.571130068022285 
52.57113541452627 
52.5711328025039 
52.56980995246766 
52.57113541452627 
52.57113280201093 
52.57113541452627 
52.57113541452627 
52.57113541452627 
52.571120576778085 
52.56716338871235 
52.57113280201093 
52.57113541452627 
52.57105575310638 
52.57113541452627 
52.57113541452627 
52.571130115380356 
52.57113268054256 
52.57105575310638 
52.57113541452627 
52.57113541452627 
52.571130068022285 
52.57113541452627 
52.57113018999225 
52.57113541452627 
52.57113541452627 
52.5711328025039 
52.57113541452627 
52.57113541452627 
52.57113541452627 
52.57113541452627 
52.57113541452627 
52.57113541452627 
52.571132727407594 
52.57113280201093 
52.57113541452627 
52.57113280201093 
52.571132727407594 
52.57113268054256 
52.57113541452627 
52.57113541452627 
52.57113280201093 
52.57113541452627 
52.57113541452627 
52.57113541452627 
52.57113516262986 
52.56847842743251 
52.57113018999225 
52.57113268054256 
52.57113268054256 
52.57113541452627 
52.57113541452627 
52.57113268054256 
52.57113541452627 
52.57113541452627 
52.57113497640335 
52.57112843777707 
52.571132727407594 
52.5711328025039 
52.571132727407594 
52.57113268054256 
52.57113541452627 
52.57113541452627 
52.57113541452627 
52.571132727407594 
52.57113541452627 
52.571130068022285 
52.57113541452627 
52.57113541452627 
52.57113541452627 
52.571132727407594 
52.57113268054256 
52.57113541452627 
52.57113541452627 
52.57113268054256 
52.57113541452627 
52.57113541452627 
52.57113280201093 
52.57113541452627 
52.57113541452627 
52.57113541452627 
52.57113508926894 
52.568486780096585 
52.5711328025039 
52.57113541452627 
52.5711328025039 
52.57113541452627 
52.57113541452627 
52.57113541452627 
52.571132727407594 
52.5711328025039 
52.57113280201093 
52.57113268054256 
52.57113541452627 
52.57113541452627 
52.57113541452627 
52.57105300863457 
52.571132727407594 
52.57113541452627 
52.57113541452627 
52.57113541452627 
52.57113541452627 
52.57113541452627 
52.571132727407594 
52.57113541452627 
52.5711328025039 
52.571132727407594 
52.57113541452627 
52.57113541452627 
52.56977839013033 
52.57112059713456 
52.571095060878996 
52.57113541452627 
52.57113541452627 
52.57113280201093 
52.57113268054256 
52.571130068022285 
52.57113541452627 
52.57113541452627 
52.5711328025039 
52.57113268054256 
52.57113541452627 
52.57113541452627 
52.57113541452627 
52.57113541452627 
52.57113541452627 
52.57113541452627 
52.57113541452627 
52.57113541452627 
52.57113268054256 
52.57113541452627 
52.57109491494307 
52.57113541452627 
52.571132727407594 
52.57113541452627 
52.5711328025039 
52.57113541452627 
52.57113541452627 
52.57113541452627 
52.57113541452627 
52.57113541452627 
52.57113541452627 
52.57113541452627 
52.57113541452627 
52.5711328025039 
52.57113280201093 
52.57113541452627 
52.57113280201093 
52.57113541452627 
52.57113268054256 
52.57113509678844 
52.57113268054256 
52.5711328025039 
52.57113541452627 
52.5711328025039 
52.5711328025039 
52.57113268054256 
52.57109310296823 
52.57113018999225 
52.57113541452627 
52.57113541452627 
52.57113541452627 
52.571132727407594 
52.57113541452627 
52.57113541452627 
52.57101787764262 
52.5710697031231 
52.57113541452627 
52.571132727407594 
52.57112703070658 
52.57107026912493 
52.57113541452627 
52.57107231508803 
52.57113541452627 
52.57113541452627 
52.57113541452627 
52.57113541452627 
52.57110360463641 
52.57113541452627 
52.57113541452627 
52.57113541452627 
52.57113541452627 
52.57113541452627 
52.56915953151955 
52.57113541452627 
52.57113541452627 
52.57113541452627 
52.57113541452627 
52.57113541452627 
52.57113541452627 
52.57113280201093 
52.57113280201093 
52.348081540065074 
52.57113268054256 
52.57113541452627 
52.57113541452627 
52.57113541452627 
52.57113541452627 
52.57113541452627 
52.57113541452627 
52.57113541452627 
52.57113541452627 
52.5711328025039 
52.57113541452627 
52.57113541452627 
52.57113541452627 
52.57112219485418 
52.571132727407594 
52.57113268054256 
52.5711328025039 
52.57112863712989 
52.57113268054256 
52.57113280201093 
52.571132727407594 
52.57113268054256 
52.57113541452627 
52.57113541452627 
52.57113541452627 
52.56848953240253 
52.57113541452627 
52.57113268054256 
52.57113541452627 
52.57113541452627 
52.57111817641701 
52.57113541452627 
52.57112005845951 
52.569788496310565 
52.571132727407594 
52.57113541452627 
52.56848953240253 
52.57113541452627 
52.57113018999225 
52.57113541452627 
52.57113268054256 
52.57113541452627 
52.57113541452627 
52.571132727407594 
52.57111583288419 
52.57113541452627 
52.56848953240253 
52.57113541452627 
52.57113280201093 
52.57113541452627 
52.5711328025039 
52.57113541452627 
52.57113280201093 
52.5711328025039 
52.57113541452627 
52.57113541452627 
52.56848953240253 
52.57113541452627 
52.57113541452627 
52.57113541452627 
52.57113541452627 
52.57113280201093 
52.571132727407594 
52.57113541452627 
52.569811701809 
52.57113541452627 
52.57112418370853 
52.57113541452627 
52.57113541452627 
52.57113541452627 
52.57113541452627 
52.57113541452627 
52.57113541452627 
52.57113541452627 
52.571132727407594 
52.57113541452627 
52.57112418370853 
52.57113541452627 
52.57113541452627 
52.57113541452627 
52.57113541452627 
52.57113541452627 
52.57113541452627 
52.57113541452627 
52.571132727407594 
52.57112019161774 
52.57113541452627 
52.57113541452627 
52.57113541452627 
52.57113541452627 
52.571132727407594 
52.57113268054256 
52.57113541452627 
52.57113541452627 
52.57113541452627 
52.57113268054256 
52.571132727407594 
52.57113541452627 
52.57113541452627 
52.571130068022285 
52.57113541452627 
52.57113541452627 
52.57113541452627 
52.57113541452627 
52.57113541452627 
52.571132727407594 
52.57113541452627 
52.5711328025039 
52.571132727407594 
52.57113541452627 
52.57113541452627 
52.5711328025039 
52.56980980715484 
52.571130864460805 
52.57113541452627 
52.57113541452627 
52.571120204622034 
52.57113541452627 
52.57113280201093 
52.57113268054256 
52.57113541452627 
52.571132727407594 
52.57113280201093 
52.57113541452627 
52.57113541452627 
52.57113541452627 
52.57113541452627 
52.571132727407594 
52.57113541452627 
52.57113541452627 
52.57105562079375 
52.57113541452627 
52.57113541452627 
52.57112852217767 
52.57113541452627 
52.57113541452627 
52.57113541452627 
52.571132727407594 
52.57113541452627 
52.5711328025039 
52.571132727407594 
52.57113541452627 
52.57113541452627 
52.5711328025039 
52.57113541452627 
52.57113541452627 
52.57113541452627 
52.571132727407594 
52.57113541452627 
52.5711328025039 
52.571132727407594 
52.57113541452627 
52.57113541452627 
52.5711328025039 
52.57113541452627 
52.57113541452627 
52.57113541452627 
52.57113541452627 
52.571132727407594 
52.57113541452627 
52.5711328025039 
52.571132727407594 
52.57113541452627 
52.57113541452627 
52.56977839013033 
52.57113541452627 
52.57113541452627 
52.57113541452627 
52.57113541452627 
52.571132727407594 
52.571132727407594 
52.57113541452627 
52.57113541452627 
52.571130115380356 
52.57113541452627 
52.57113541452627 
52.57113541452627 
52.57113541452627 
52.57113541452627 
52.57113541452627 
52.57113541452627 
52.571132727407594 
52.57113541452627 
52.5711328025039 
52.571132727407594 
52.57113541452627 
52.57113541452627 
52.57112865043827 
52.57113541452627 
52.57113541452627 
52.57113541452627 
52.571132727407594 
52.57113541452627 
52.5711328025039 
52.571132727407594 
52.57113541452627 
52.57113541452627 
52.5711328025039 
52.5711242306757 
52.5711328025039 
52.5711328025039 
52.57113541452627 
52.57113018999225 
52.5711328025039 
52.57113268054256 
52.57113018999225 
52.57113541452627 
52.57113541452627 
52.57112430316678 
52.5711328025039 
52.5711328025039 
52.57113541452627 
52.57113018999225 
52.5711328025039 
52.57113268054256 
52.57113018999225 
52.57113541452627 
52.57113541452627 
52.57112012435264 
52.5711328025039 
52.5711328025039 
52.57113541452627 
52.57113018999225 
52.5711328025039 
52.57113268054256 
52.57113018999225 
52.57113541452627 
52.57113541452627 
52.569813793805885 
52.57113541452627 
52.571120204622034 
52.5711284621399 
52.571132727407594 
52.57113268054256 
52.5711328025039 
52.57112863712989 
52.57113268054256 
52.57113280201093 
52.571132727407594 
52.57113268054256 
52.57113541452627 
52.57113541452627 
52.57113541452627 
52.571120204622034 
52.57113270079122 
52.57113280201093 
52.57113268054256 
52.571132727407594 
52.57113541452627 
52.57113541452627 
52.5711328025039 
52.571132727407594 
52.57113541452627 
52.57113541452627 
52.57112862411756 
52.57113541452627 
52.57113541452627 
