44.59211443081765 
44.59211443081765 
44.591847524244166 
44.591821352135 
44.59211443081765 
44.592004101515194 
44.58513747772642 
44.59163845564043 
44.591733114513644 
44.59211443081765 
44.59207064451084 
44.59211443081765 
44.59211443081765 
44.59206980240496 
44.592072720082015 
44.59207064451084 
44.59206980240496 
44.591638654255085 
44.59206980240496 
44.59211443081765 
44.59207054920519 
44.592028090378996 
44.59211443081765 
44.59211443081765 
44.59211443081765 
44.59207064451084 
44.59202676156652 
44.59207064451084 
44.59204441143089 
44.59207064451084 
44.59211443081765 
44.59211443081765 
44.59211443081765 
44.59211443081765 
44.59211443081765 
44.59211443081765 
44.59211443081765 
44.59211443081765 
44.591640122466785 
44.59211443081765 
44.59211443081765 
44.59206980240496 
44.59211443081765 
44.59199420022272 
44.59211443081765 
44.592106681071876 
44.59211443081765 
44.59211443081765 
44.59211422170519 
44.592072720082015 
44.59206980240496 
44.59206980240496 
44.592072720082015 
44.59207064451084 
44.592028090378996 
44.59207054920519 
44.59207054920519 
44.592072720082015 
44.59163727069011 
44.59211443081765 
44.59211443081765 
44.59211443081765 
44.592072720082015 
44.59207064451084 
44.59207054920519 
44.592072720082015 
44.592072720082015 
44.59206980240496 
44.59207064451084 
44.59211443081765 
44.59211443081765 
44.59211443081765 
44.59207054920519 
44.59211443081765 
44.59211443081765 
44.592072720082015 
44.59207054920519 
44.59211443081765 
44.592072720082015 
44.5920878736871 
44.59206980240496 
44.592072720082015 
44.59211443081765 
44.59207054920519 
44.59211443081765 
44.59206980240496 
44.59211443081765 
44.59206091191253 
44.59211443081765 
44.59211443081765 
44.59211443081765 
44.59211443081765 
44.59207054920519 
44.59211443081765 
44.59206980240496 
44.59163727069011 
44.59211443081765 
44.59201880790317 
44.59206980240496 
44.59207054920519 
