44.59204795899716 
44.59210739945256 
44.59210739945256 
44.59210739945256 
44.59210739945256 
44.59210739945256 
44.59204843935323 
44.59210739945256 
44.59210739945256 
44.591429987041046 
44.59210739945256 
44.59210739945256 
44.59204723768498 
44.59210739945256 
44.588671997564504 
44.59210739945256 
44.59210739945256 
44.347166150325904 
44.59210739945256 
44.592046395812254 
44.591429987041046 
44.59210739945256 
44.59210739945256 
44.59198623150066 
44.59204795899716 
44.59210739945256 
44.59210739945256 
44.59210739945256 
44.59210739945256 
44.59204795899716 
44.59204795899716 
44.592046395812254 
44.59136819816993 
44.59210739945256 
44.59198742482506 
44.591429987041046 
44.592046395812254 
44.592046395812254 
44.59210739945256 
44.59204795899716 
44.59210739945256 
44.59210739945256 
44.08979580801494 
44.59210739945256 
44.59210739945256 
44.59210739945256 
44.59204723768498 
44.592046395812254 
44.591667743416835 
44.59123946814141 
44.32798266143934 
44.59210739945256 
44.59210739945256 
44.59204795899716 
44.59210739945256 
44.59204723768498 
44.59198899646852 
44.59210739945256 
44.59210739945256 
44.59210739945256 
44.59210739945256 
44.59210739945256 
44.59210739945256 
44.59204723768498 
44.59210739945256 
44.59210739945256 
44.59210739945256 
44.59198623150066 
44.59210739945256 
44.59210739945256 
44.59204843935323 
44.59210739945256 
44.59204723768498 
44.59210739945256 
44.59210739945256 
44.592046395812254 
44.59198623150066 
44.59210739945256 
44.59210739945256 
44.59210739945256 
44.59136819816993 
44.59204795899716 
44.59204723768498 
44.59210739945256 
44.59198899646852 
44.59210739945256 
44.59204723768498 
44.59210739945256 
44.59204723768498 
44.59122206532134 
44.59210739945256 
44.59210739945256 
44.59204723768498 
44.59204723768498 
44.59210739945256 
44.59210739945256 
44.59210739945256 
44.59204723768498 
44.592046395812254 
44.59136819816993 
44.59204795899716 
