50.936797356316575 
50.93679775320906 
50.93679775320906 
50.936797448542116 
50.936797356316575 
50.93679732142875 
50.93679775320906 
50.93679775320906 
50.93679775320906 
50.93679775320906 
50.93679775320906 
50.93679775320906 
50.93679775320906 
50.93679775320906 
50.936797706330196 
50.93679775320906 
50.93679775320906 
50.93679775320906 
50.93679775320906 
50.93679775320906 
50.93679775320906 
50.93678487328095 
50.93679732142875 
50.93679732142875 
50.936797356316575 
50.936797356316575 
50.93679775320906 
50.93679775320906 
50.93679775320906 
50.936766907230606 
50.93679775320906 
50.936797356316575 
50.936791635506495 
50.93519368874138 
50.93679775320906 
50.93679775320906 
50.93679775320906 
50.93679732142875 
50.936797448542116 
50.936797356316575 
50.93679775320906 
50.93679732142875 
50.936797356316575 
50.93679775320906 
50.93679775320906 
50.93679732142875 
50.93679775320906 
50.936797356316575 
50.93679775320906 
50.936797448542116 
50.936797356316575 
50.936766907230606 
50.93679775320906 
50.93679775320906 
50.93679775320906 
50.93679775320906 
50.93679122734354 
50.93679736645957 
50.93679732142875 
50.93679770633021 
50.93679732142875 
50.936797356316575 
50.936797448542116 
50.93679706179269 
50.93679775320906 
50.93679775320906 
50.93679775320906 
50.936797356316575 
50.93679775320906 
50.93679732142875 
50.93679122734354 
50.93679775320906 
50.93679775320906 
50.93679775320906 
50.93679775320906 
50.936797356316575 
50.93679732142875 
50.93679775320906 
50.93679736645957 
50.93679775320906 
50.936797016761716 
50.93679775320906 
50.93679775320906 
50.93679775320906 
50.93679775320906 
50.93679775320906 
50.93679775320906 
50.93679775320906 
50.936785260033666 
50.93679775320906 
50.93677907344467 
50.93677907344467 
50.93679775320906 
50.93679732142875 
50.93677907344467 
50.936766907230606 
50.93679775320906 
50.93679775320906 
50.936797016761716 
50.936779400022694 
50.93679775320906 
