59.88327080967477 
59.880193856940416 
59.68902072163031 
59.70511718286822 
59.44641448702372 
59.88084144648051 
59.467195067429245 
59.68307934137832 
59.88413203995966 
59.8738352506996 
59.669506131492305 
59.694738182185795 
59.47412747247687 
59.1900482944945 
59.87741301301233 
59.46304394843281 
58.46919500537258 
59.69744853813061 
59.45842097249194 
59.202921990087574 
59.683470257706674 
59.18111669866509 
58.875646458688855 
58.879941901366514 
59.68415152452216 
58.868673465521006 
59.19031543489294 
59.885848518008224 
0.0 
58.44735232396053 
57.86792875811247 
59.18427150365908 
59.683415205812146 
59.86386278009298 
59.88377711939614 
58.85812692720263 
59.89409584791048 
59.470636633528976 
59.66444913389807 
59.212262547120424 
59.45289010244719 
59.88618937759813 
59.87652699741202 
56.866847404878364 
59.46512330197317 
59.692445029284364 
59.457552342263085 
58.44854048571573 
59.44261121039835 
59.458171205867885 
59.70685896094782 
59.69487453747418 
59.46880709716634 
59.692013442545274 
59.69288764491666 
59.185990367359636 
56.82487586042059 
59.197770929305584 
58.44827705925001 
59.88426081060521 
59.681860393761966 
59.694610892211855 
59.672603866754656 
59.69487453747418 
58.885603234719234 
59.45763447831308 
59.1956905784235 
59.169096512858964 
59.44425035691027 
59.687149676853196 
59.69569588660047 
59.86676382380158 
59.68346486560731 
58.876456526139755 
59.16416606804274 
59.45745547394468 
59.682146144165046 
58.88029217656351 
59.46621991582062 
58.86950643249477 
59.87792072746499 
59.672523707937934 
59.87893992614879 
59.879888541300446 
59.457272834331555 
58.86048088407022 
59.20068013150313 
59.87963766005647 
59.869859135643274 
59.88020637575031 
59.45381287348581 
59.68203400726213 
59.472171506830946 
59.88536156964471 
59.88168845634085 
59.89053506512874 
58.87661667278216 
59.88390442239964 
59.68851608236528 
59.67300095365608 
