44.452330486577885 
44.452330486577885 
44.45197726720453 
44.45202259424705 
44.452330486577885 
44.45219830034714 
44.43844355522331 
44.45179299420149 
44.451931092682386 
44.452330486577885 
44.45228002579215 
44.452330486577885 
44.452330486577885 
44.4522789137204 
44.45228306673936 
44.45228002579215 
44.4522789137204 
44.451738862355135 
44.4522789137204 
44.452330486577885 
44.452279239923996 
44.45223149218667 
44.452330486577885 
44.452330486577885 
44.452330486577885 
44.45228002579215 
44.45222877734576 
44.45228002579215 
44.45225293526602 
44.45228002579215 
44.452330486577885 
44.452330486577885 
44.452330486577885 
44.452330486577885 
44.452330486577885 
44.452330486577885 
44.452330486577885 
44.452330486577885 
44.45171523819967 
44.452330486577885 
44.452330486577885 
44.4522789137204 
44.452330486577885 
44.45220198291189 
44.452330486577885 
44.45232191678884 
44.452330486577885 
44.452330486577885 
44.452330267130705 
44.45228306673936 
44.4522789137204 
44.4522789137204 
44.45228306673936 
44.45228002579215 
44.45223149218667 
44.452279239923996 
44.452279239923996 
44.45228306673936 
44.451751254345524 
44.452330486577885 
44.452330486577885 
44.452330486577885 
44.45228306673936 
44.45228002579215 
44.452279239923996 
44.45228306673936 
44.45228306673936 
44.4522789137204 
44.45228002579215 
44.452330486577885 
44.452330486577885 
44.452330486577885 
44.452279239923996 
44.452330486577885 
44.452330486577885 
44.45228306673936 
44.452279239923996 
44.452330486577885 
44.45228306673936 
44.45230305593852 
44.4522789137204 
44.45228306673936 
44.452330486577885 
44.452279239923996 
44.452330486577885 
44.4522789137204 
44.452330486577885 
44.452275201789234 
44.452330486577885 
44.452330486577885 
44.452330486577885 
44.452330486577885 
44.452279239923996 
44.452330486577885 
44.4522789137204 
44.451751254345524 
44.452330486577885 
44.45222650630909 
44.4522789137204 
44.452279239923996 
