41.59723275604346 
41.83895774414581 
41.83456261081295 
41.82862232345369 
41.82923185628947 
41.840193637697375 
41.83532038251788 
41.8400974587149 
41.61459898598621 
41.839429132907355 
41.595795582456034 
41.839983407224 
41.840009216607555 
41.835115061817156 
41.83890317438847 
41.83420652405135 
41.83527565151978 
41.84010813239865 
41.83957603147321 
41.82543161390223 
41.83991903903214 
41.611516222385475 
41.82895775894411 
41.61124190178308 
40.99209704209091 
41.823919711065585 
41.82755202464141 
41.83533583265419 
41.83363633625953 
41.830346177621514 
41.83360691107936 
41.332329430197305 
41.83838380863431 
41.83960818934176 
41.8347786924762 
41.82959299728833 
41.839750627669595 
41.83952499059396 
41.83859218265625 
41.83863129046574 
41.83558133987923 
41.83016702647335 
41.83220122670377 
41.83959868576165 
41.606893869515226 
41.84006922695938 
41.83260942613229 
41.83490441714995 
41.8302460242298 
41.8390400668499 
41.83926891209591 
41.8204761833509 
41.834907688077045 
41.83951316832446 
41.839653596280534 
41.83393381541977 
41.609775066630036 
41.833211776501315 
41.83898692512747 
41.83881780393636 
41.82974433641592 
41.815968367543405 
39.03062150871107 
41.611912740795425 
41.82735108806487 
41.83942606789605 
41.83865274181657 
41.61423594344123 
41.83878134793128 
41.60078304506377 
41.8324553592693 
41.840285331350046 
41.839456515545926 
41.830834287506214 
