44.452328922101735 
44.452328922101735 
44.452328922101735 
44.452328922101735 
44.452328922101735 
44.452275057984025 
44.452328922101735 
44.452328922101735 
44.45176658663663 
44.452328922101735 
44.452328922101735 
44.45227192292775 
44.452328922101735 
44.44884032438697 
44.452328922101735 
44.452328922101735 
44.21321185458811 
44.452328922101735 
44.45227258786313 
44.45176658663663 
44.452328922101735 
44.452328922101735 
44.45221558646335 
44.452276186955665 
44.452328922101735 
44.452328922101735 
44.452328922101735 
44.452328922101735 
44.452276186955665 
44.452276186955665 
44.45227258786313 
44.45176332808857 
44.452328922101735 
44.452212227510245 
44.45176658663663 
44.45227258786313 
44.45227258786313 
44.452328922101735 
44.452276186955665 
44.452328922101735 
44.452328922101735 
43.95461734164893 
44.452328922101735 
44.452328922101735 
44.452328922101735 
44.45227192292775 
44.45227258786313 
44.45194936075308 
44.45159123787384 
44.18972873798149 
44.452328922101735 
44.452328922101735 
44.452276186955665 
44.452328922101735 
44.45227192292775 
44.45222232086898 
44.452328922101735 
44.452328922101735 
44.452328922101735 
44.452328922101735 
44.452328922101735 
44.452328922101735 
44.45227192292775 
44.452328922101735 
44.452328922101735 
44.452328922101735 
44.45221558646335 
44.452328922101735 
44.452328922101735 
44.452275057984025 
44.452328922101735 
44.45227192292775 
44.452328922101735 
44.452328922101735 
44.45227258786313 
44.45221558646335 
44.452328922101735 
44.452328922101735 
44.452328922101735 
44.45176332808857 
44.452276186955665 
44.45227192292775 
44.452328922101735 
44.45222232086898 
44.452328922101735 
44.45227192292775 
44.452328922101735 
44.45227192292775 
44.451583008488356 
44.452328922101735 
44.452328922101735 
44.45227192292775 
44.45227192292775 
44.452328922101735 
44.452328922101735 
44.452328922101735 
44.45227192292775 
44.45227258786313 
44.45176332808857 
44.452276186955665 
