44.45232741939961 
44.45232741939961 
44.45226866242294 
44.452266647664864 
44.4516591434023 
44.45232741939961 
44.45232741939961 
44.45232741939961 
44.45232741939961 
44.45232741939961 
44.45232741939961 
44.45232741939961 
44.45232741939961 
44.451860902468745 
44.45232741939961 
44.45232741939961 
44.45232741939961 
44.45232741939961 
44.45232741939961 
44.45232741939961 
44.451590286117224 
44.45226785490755 
44.4516591434023 
44.452266647664864 
44.452266647664864 
44.45232741939961 
44.45232741939961 
44.45232741939961 
44.45148537134075 
44.45232741939961 
44.452266647664864 
44.45232741939961 
44.45155054828638 
44.45232741939961 
44.45232741939961 
44.45232741939961 
44.45226785490755 
44.45226866242294 
44.452266647664864 
44.45232741939961 
44.45226785490755 
44.452266426401884 
44.45232741939961 
44.45232741939961 
44.448888793216355 
44.45232741939961 
44.452238772310785 
44.45232741939961 
44.45226866242294 
44.452266647664864 
44.45148537134075 
44.45232741939961 
44.45232741939961 
44.45232741939961 
44.45232741939961 
44.451861099788296 
44.452269799307 
44.45226785490755 
44.452324552476625 
44.45226785490755 
44.452266647664864 
44.45226866242294 
44.45221104397483 
44.45232741939961 
44.45232741939961 
44.45232741939961 
44.452266647664864 
44.45232741939961 
44.45226785490755 
44.451861099788296 
44.45232741939961 
44.45232741939961 
44.45232741939961 
44.45232741939961 
44.452266647664864 
44.45226785490755 
44.45232741939961 
44.45222857613924 
44.45232741939961 
44.45220909550487 
44.45232741939961 
44.45232741939961 
44.45232741939961 
44.45232741939961 
44.45232741939961 
44.45232741939961 
44.45232741939961 
44.45164792971967 
44.45232741939961 
44.45155054828638 
44.45155054828638 
44.45232741939961 
44.4516591434023 
44.45155054828638 
44.45148537134075 
44.45232741939961 
44.45232741939961 
44.45220909550487 
44.45155883180112 
44.45232741939961 
