42.388666933343515 
41.89762407335483 
42.38834078756625 
42.39392237371853 
41.883624324361826 
42.393060323337124 
42.38800542530355 
42.39250936468188 
42.38627195391597 
42.369166105557134 
42.14510313285058 
42.39361149283249 
41.88849185180751 
42.37408089946675 
42.16922885891052 
42.149790305379035 
42.387060162354395 
42.35340069789193 
42.12496484726838 
42.364137460282706 
41.889009341423 
42.383766409353555 
41.87170630885129 
42.134489667968126 
42.39339686068821 
42.132037294534726 
42.13718906908751 
42.37101945379724 
42.384102471778476 
42.37342751597 
42.39343619966853 
42.37438325551207 
42.393925498557024 
42.38774093700404 
42.39107854910253 
42.16898780179695 
42.38426150989601 
41.88901980783777 
42.15057489722504 
41.88261177261841 
42.36636845673269 
41.889047759372204 
42.163435175572246 
42.37714416511786 
42.386707834646884 
42.393960259200526 
42.38313964219827 
42.36427218561411 
42.39366905463279 
42.383781044271906 
42.36272973311074 
41.55293709057277 
42.38847414951428 
42.39335663495449 
42.16223155062208 
42.16354203701905 
42.377901869517075 
42.38694605250413 
42.33755754191623 
42.37791862182658 
42.37231817009893 
42.3833875384909 
42.38873362046704 
42.38394334740955 
42.38313964219827 
42.374895156113254 
42.14217403770906 
42.38822019007145 
42.14155457558947 
42.38828225333425 
42.12752689053679 
42.14426863708835 
42.38334518291028 
42.38318433595444 
42.38892475637893 
41.87138281564518 
41.14811628521783 
42.372729765165815 
42.38393055070715 
42.14569281518799 
42.389002585645926 
42.384295224974814 
42.35780809140238 
42.38654409481755 
42.3813840774665 
42.37434151535144 
42.15714916854158 
42.36503026427437 
42.380183979942075 
42.134611258371784 
42.16355524452495 
42.15009786455988 
42.386616276526325 
41.892786617017094 
41.874444224153926 
42.373108808439305 
42.38386165167242 
42.3795669738503 
42.3919289703189 
42.350755787783875 
