51.5785652819275 
51.57849544761189 
51.57856636517336 
51.575661819143626 
51.35362953899204 
51.578536502617574 
51.57553247509549 
51.576272368764094 
51.57858610164986 
51.578470352942595 
51.57700762310358 
51.57479865890808 
51.57712367001535 
51.575481856808906 
51.57845238452195 
51.354455651729175 
50.76526939561944 
51.57858795759162 
51.57704026923199 
51.344170370605525 
51.57627771447836 
51.57481387800228 
51.575579053000915 
51.34928084466569 
51.578546919208776 
51.34579313294739 
51.56881868945873 
51.57855314706898 
50.75737454795897 
51.345027191433914 
49.75998313959777 
51.34844894116608 
51.57700892686794 
51.57852252251253 
51.57854760192722 
51.56662179076794 
51.57862748072627 
51.57481351161852 
51.57623434616965 
51.56674623769791 
51.57700562502 
51.578568634559375 
51.578552444608135 
50.76779648474299 
51.57557409619688 
51.57705201176666 
51.57185706551888 
51.35019656930636 
51.35532099077202 
51.577086242990205 
51.578628987293 
51.577074907467264 
51.57327849108438 
51.571155743370824 
51.575583750626905 
51.35192778089291 
51.34060547189152 
51.57479762947474 
51.08813964474069 
51.57855267974832 
51.57560904649391 
51.578584994624805 
51.575499899221846 
51.577074907467264 
51.571875056566896 
51.57553563975415 
51.574793495673866 
51.57397211338373 
51.572489956414785 
51.57861464748869 
51.57263757660615 
51.57853808936732 
51.578534880730054 
51.08715637941188 
51.3500955579303 
51.351876348099466 
51.57692858831978 
51.574098361392586 
51.57858355285849 
51.574024126436534 
51.57851889409348 
51.57700222496009 
51.57854248122394 
51.5784749466071 
51.35534535235712 
51.351043150888295 
51.57178428059685 
51.578538374191886 
51.5784472925285 
51.57858106675568 
51.57551418853217 
51.57852312065561 
51.57639369091449 
51.57858881741849 
51.57850488785113 
51.57857235186343 
51.34585424615009 
51.578560725218026 
51.57562495730847 
51.57699707232602 
