43.22707735264766 
43.22707682872897 
43.22707729092748 
43.22706202247683 
43.22446613512181 
43.22707715028446 
43.227064554544086 
43.22707689743208 
43.22707732530516 
43.22707682299826 
43.22707674203709 
43.227046186144136 
43.22707736965707 
43.22706460654833 
43.22707712678218 
43.22534654433658 
42.96111148086043 
43.2270773247424 
43.22707095087698 
43.22707717513856 
43.22707701966204 
43.22705884669585 
43.22707735983039 
43.22705867867188 
43.22707712500324 
43.223602921285504 
43.22705192843125 
43.22707733361326 
43.22359978355841 
43.221850982024925 
42.22104774510472 
43.22360003554829 
43.22707121822679 
43.22707690938157 
43.227077145564216 
43.227049286073694 
43.227077447281175 
43.22706498576082 
43.227064656703284 
43.22706486633034 
43.227077035267776 
43.22707728931123 
43.22707730870675 
42.64123926268173 
43.227077436619325 
43.22707097046974 
43.22706466938239 
43.2270710445527 
43.22707680161935 
43.22707102528238 
43.22707744689021 
43.227070882657735 
43.22705189156438 
43.227077155965006 
43.22706173167408 
43.225353543276086 
43.2270151381365 
43.2270679078372 
42.96317367435201 
43.227077197267015 
43.227077304637966 
43.22707720593735 
43.22707737688085 
43.227070882657735 
43.2270587890423 
43.22707073053524 
43.22707080625927 
43.22707049858486 
43.22704931731701 
43.22707740202235 
43.227037450098805 
43.22707737219886 
43.227077117090445 
43.22361485621787 
43.22706446286087 
43.22360257570832 
43.22707057736302 
43.227058763025084 
43.22707739252525 
43.22706163322701 
43.22707714485881 
43.22707121356272 
43.227077382853984 
43.22707672586593 
43.22707683279299 
43.22707110705451 
43.227039759158714 
43.22707721818741 
43.22707713186297 
43.227077362932704 
43.22707085313707 
43.22707714485881 
43.22707740459343 
43.227077343742195 
43.22707714485881 
43.22707727134979 
43.227046073541565 
43.227077278061685 
43.22707737688085 
43.227077184043615 
