37.90621467644624 
37.90640379013973 
37.906353624901 
37.90640673599196 
37.90622865372232 
37.906399369583205 
37.906243279806525 
37.90260904110391 
37.90088490318334 
37.902678810698 
37.90637891955038 
37.89715308070022 
37.90640766588874 
37.902652838099854 
37.90640728579851 
37.90632163695881 
37.902638642158635 
37.90632481595214 
37.90640335397282 
37.90640629913151 
37.906400895781786 
37.90631051792906 
37.90264902430058 
37.906406672804096 
37.906321639367064 
37.906318054148535 
37.90640540169305 
37.90632567010339 
37.906407453028145 
37.899066479963665 
37.90614285609279 
37.90640694168992 
37.9063997210748 
37.90621244022162 
37.906403383256716 
37.906401485134225 
37.906352926185235 
37.906160641419696 
37.90252700082754 
37.906408155184074 
37.899119258120734 
37.90640587301226 
37.90640334549399 
37.90627235933931 
37.906305672601285 
37.906353203470594 
37.906404898172084 
37.90637342967832 
37.906293115533465 
37.906381459577865 
37.90636603809359 
37.90631864777448 
37.90637446222385 
37.90634920305947 
37.90637904728383 
37.906406657364144 
37.90640589502694 
37.906408169873565 
37.90640301324587 
37.90635227618213 
37.90634686271158 
37.90640786305176 
37.90640816835029 
37.89887725811857 
37.905780489723725 
37.8917053650363 
37.90633219216172 
37.90637846889337 
37.89363678521589 
37.906403689637045 
37.90637313845745 
37.90640841989182 
37.90640633737018 
37.902716657061866 
37.906181813129045 
37.906406834108715 
37.90611968811214 
37.90263798158588 
37.90639942770872 
37.90635238610841 
37.90640666780865 
37.906377703416254 
37.90637284584762 
37.90640694168992 
37.89877384724836 
37.90611968811214 
37.90639359823838 
37.90640395720176 
37.90640429131456 
37.88636259494261 
37.90640478134467 
37.9062402395755 
37.90640164716746 
37.906307159811995 
37.90632083555166 
37.902655981728756 
37.900938379400834 
37.9063731057007 
37.90270851428204 
37.63280853720732 
