35.561623882068695 
35.57195911805344 
35.556857664839235 
35.57196779857534 
35.566654669397934 
35.57201261615061 
35.57207179746217 
35.5719632612533 
35.571909694777425 
35.572052266902155 
35.56652337215933 
34.9495469777703 
35.57194877694913 
35.57189359134453 
35.571803294810245 
35.57177824600704 
35.571860270825134 
35.571993246801235 
35.57207670897474 
35.571940333379594 
35.572010968853874 
35.57201391036309 
35.57188495107985 
35.57201778048134 
35.57196249148322 
35.57207082013411 
35.5719272642263 
35.57206807763008 
35.57206500611427 
35.572062106565944 
35.5717997917147 
35.571993246801235 
35.57202353546352 
35.57200852223782 
35.55411165990386 
35.571909673084214 
35.57205644785025 
35.297241600558316 
35.572024452720115 
35.56417013460022 
35.572067324833654 
35.57205747642173 
35.56683935775812 
35.57201449510542 
35.571855006471296 
35.571909513096735 
35.57202131115058 
35.571942369305376 
35.572065390675455 
35.57206670862145 
35.30627122610524 
35.56184348855243 
35.57201388844548 
35.5719077363137 
35.571592144083965 
35.57196944569541 
35.57147956254546 
35.57189653851643 
35.57194355076749 
35.56657523375309 
35.571727315191694 
35.56649692619222 
35.30335047016634 
35.5720045603283 
35.571914754005 
35.5720695957335 
35.572067532506544 
35.56639365859699 
35.571993901429394 
35.571907095402445 
35.566743436562795 
35.5719688459931 
35.57174521498084 
35.57186344051245 
35.306062773659 
35.571993901429394 
35.57198270269093 
35.57202316622776 
35.57205730532271 
35.57196161308109 
35.57182195251369 
35.556584274109554 
35.571942949952835 
35.55914719716813 
35.57145416377353 
35.57190041479659 
35.57179057345654 
35.57164673384106 
35.56194903310711 
35.57199957075619 
35.56692394416896 
35.57188377304411 
35.57172757494992 
35.57167310117101 
35.57201828322905 
35.571923343615396 
35.56687008064441 
35.57207190054986 
35.56685855274015 
35.55939655321269 
