43.227070532531236 
43.227076703260465 
43.22707719110835 
43.22706428034992 
43.22707058844531 
43.22707738810853 
43.227077447359505 
43.227077447359505 
43.22707711667006 
43.227077240940005 
43.225319202613036 
43.22707724271067 
43.227077410001286 
43.227070955590236 
43.227077032637425 
43.227070627592035 
43.22707740416141 
43.227077369255454 
43.22707721291857 
43.2270525109476 
43.22707729591971 
43.2270768311504 
43.22707094562674 
43.22362712524765 
42.959016152004146 
43.22705268726596 
43.227058545625496 
43.22707736072609 
43.227070529969396 
43.22706490400599 
43.22705810265841 
43.22361225738187 
43.227076824934414 
43.227077293322 
43.22707087928062 
43.22706498287176 
43.22707728865024 
43.22707711592163 
43.227076787562034 
43.227077442671494 
43.22707743477901 
43.2270773676968 
43.22706759215922 
43.22707738810755 
43.22362152489285 
43.227077337427424 
43.22706482796244 
43.22707720802919 
43.22707728500577 
43.22707706387411 
43.227076991724125 
43.227058331804805 
43.227070946043916 
43.22707702451008 
43.22707718573693 
43.227070303410045 
43.22534755127733 
43.22707059507329 
43.227076929935826 
43.227076836079156 
43.22706438900458 
43.22705828078643 
40.641234217171466 
43.22362787125485 
43.227077323087336 
43.22707718840288 
43.22707744118837 
43.22707705727937 
43.22707695719005 
43.22534741694997 
43.22706784865507 
43.227077447359505 
43.227077134523746 
43.227065045686466 
