43.40506456336246 
43.405069440756314 
43.405069440756314 
43.405069440756314 
43.405069440756314 
43.405069440756314 
43.40506435790333 
43.405069440756314 
43.405069440756314 
43.40499950876877 
43.405069440756314 
43.405069440756314 
43.405062924513516 
43.405069440756314 
43.405062924513516 
43.405069440756314 
43.405069440756314 
43.40113797381702 
43.405069440756314 
43.40506393490518 
43.40499950876877 
43.405069440756314 
43.405069440756314 
43.40505741863751 
43.40506456336246 
43.405069440756314 
43.405069440756314 
43.405069440756314 
43.405069440756314 
43.40506456336246 
43.40506456336246 
43.40506393490518 
43.40499526527954 
43.405069440756314 
43.40502928925556 
43.40499950876877 
43.40506393490518 
43.40506393490518 
43.405069440756314 
43.40506456336246 
43.405069440756314 
43.405069440756314 
43.405061559692655 
43.405069440756314 
43.405069440756314 
43.405069440756314 
43.405062924513516 
43.40506393490518 
43.40506435790333 
43.405066600366695 
43.40502926587834 
43.405069440756314 
43.405069440756314 
43.40506456336246 
43.405069440756314 
43.405062924513516 
43.405059480492284 
43.405069440756314 
43.405069440756314 
43.405069440756314 
43.405069440756314 
43.405069440756314 
43.405069440756314 
43.405062924513516 
43.405069440756314 
43.405069440756314 
43.405069440756314 
43.40505741863751 
43.405069440756314 
43.405069440756314 
43.40506435790333 
43.405069440756314 
43.405062924513516 
43.405069440756314 
43.405069440756314 
43.40506393490518 
43.40505741863751 
43.405069440756314 
43.405069440756314 
43.405069440756314 
43.40499526527954 
43.40506456336246 
43.405062924513516 
43.405069440756314 
43.405059480492284 
43.405069440756314 
43.405062924513516 
43.405069440756314 
43.405062924513516 
43.404873698086725 
43.405069440756314 
43.405069440756314 
43.405062924513516 
43.405062924513516 
43.405069440756314 
43.405069440756314 
43.405069440756314 
43.405062924513516 
43.40506393490518 
43.40499526527954 
43.40506456336246 
