43.40506406429979 
43.405069417100066 
43.405069417100066 
43.40506528625399 
43.40506406429979 
43.4050635963044 
43.405069417100066 
43.405069417100066 
43.405069417100066 
43.405069417100066 
43.405069417100066 
43.405069417100066 
43.405069417100066 
43.405069417100066 
43.405068781354366 
43.405069417100066 
43.405069417100066 
43.405069417100066 
43.405069417100066 
43.405069417100066 
43.405069417100066 
43.404990744724536 
43.4050635963044 
43.4050635963044 
43.40506406429979 
43.40506406429979 
43.405069417100066 
43.405069417100066 
43.405069417100066 
43.404891100296766 
43.405069417100066 
43.40506406429979 
43.40503445073991 
43.40117839468625 
43.405069417100066 
43.405069417100066 
43.405069417100066 
43.4050635963044 
43.40506528625399 
43.40506406429979 
43.405069417100066 
43.4050635963044 
43.40506406429979 
43.405069417100066 
43.405069417100066 
43.4050635963044 
43.405069417100066 
43.40506406429979 
43.405069417100066 
43.40506528625399 
43.40506406429979 
43.404891100296766 
43.405069417100066 
43.405069417100066 
43.405069417100066 
43.405069417100066 
43.40502895345461 
43.405064172281875 
43.4050635963044 
43.405068781355105 
43.4050635963044 
43.40506406429979 
43.40506528625399 
43.40506004144531 
43.405069417100066 
43.405069417100066 
43.405069417100066 
43.40506406429979 
43.405069417100066 
43.4050635963044 
43.40502895345461 
43.405069417100066 
43.405069417100066 
43.405069417100066 
43.405069417100066 
43.40506406429979 
43.4050635963044 
43.405069417100066 
43.405064172281875 
43.405069417100066 
43.40505946544165 
43.405069417100066 
43.405069417100066 
43.405069417100066 
43.405069417100066 
43.405069417100066 
43.405069417100066 
43.405069417100066 
43.404995989788866 
43.405069417100066 
43.40496011589793 
43.40496011589793 
43.405069417100066 
43.4050635963044 
43.40496011589793 
43.404891100296766 
43.405069417100066 
43.405069417100066 
43.40505946544165 
43.4049645154133 
43.405069417100066 
