0.0 
0.0 
39.69832231635452 
39.69845577797349 
0.0 
40.01945148767588 
37.71211706005373 
39.2848134375969 
39.272480843012964 
0.0 
37.71235117777114 
0.0 
0.0 
0.0 
0.0 
0.0 
0.0 
0.0 
0.0 
0.0 
0.0 
0.0 
0.0 
0.0 
0.0 
37.71235117777114 
0.0 
0.0 
37.712117062905115 
0.0 
0.0 
0.0 
39.284984643545585 
0.0 
0.0 
0.0 
0.0 
0.0 
0.0 
0.0 
0.0 
0.0 
0.0 
38.70310687191392 
0.0 
40.50375013665715 
0.0 
0.0 
0.0 
0.0 
0.0 
0.0 
0.0 
0.0 
0.0 
0.0 
0.0 
0.0 
0.0 
0.0 
0.0 
0.0 
0.0 
0.0 
0.0 
0.0 
0.0 
0.0 
0.0 
0.0 
0.0 
0.0 
0.0 
0.0 
0.0 
0.0 
0.0 
0.0 
0.0 
0.0 
0.0 
0.0 
0.0 
0.0 
0.0 
0.0 
0.0 
37.71240219479454 
0.0 
0.0 
0.0 
0.0 
0.0 
0.0 
0.0 
0.0 
0.0 
37.71235117777114 
0.0 
0.0 
