44.42037611604298 
44.63978663722024 
44.651717206215714 
44.41475725740745 
44.65361674780433 
44.63682712764666 
44.42256593557888 
44.42484717259361 
44.65124757240731 
44.637166301287664 
44.64316089927339 
43.43289238689013 
41.828589529305994 
44.41286416988892 
44.42711693694635 
43.82720329734093 
44.14763482643015 
44.639711729175374 
44.64333375023766 
44.656368285917814 
44.64908301368115 
44.660228840295886 
44.42892187183604 
44.656959163620655 
44.43617484441073 
44.648096607307224 
44.63560305782805 
44.643343816439256 
44.660040874324594 
44.657093724142214 
44.157509557612066 
44.65598440554201 
44.434340434007076 
44.65717749413827 
44.655344443758864 
44.432428344713244 
44.14267705396058 
44.65719777602751 
44.412604253155386 
44.4032832707729 
44.633116436841775 
44.65659946887692 
44.65397478670741 
44.40711503699955 
44.62908502094571 
44.64345083976327 
44.64169282561599 
44.434783622904064 
44.64432722366179 
44.660417334118755 
44.645440676291024 
44.13375504675637 
44.631827612188644 
44.65373598581446 
44.41184381775845 
44.149440345460235 
44.4206243970196 
44.41039001627754 
44.63963075194526 
44.4256043688036 
44.62490165474287 
44.64655368212423 
44.41453534263693 
44.16094490524631 
44.65690850099132 
44.657604247610536 
44.65623478515813 
44.656957912503245 
44.62300612087373 
44.6573879924745 
44.65368413324811 
43.827314000282456 
44.65729425964505 
44.643268909462066 
44.660691321055076 
44.16631744220226 
44.6573879924745 
44.65678304010332 
44.65680726396491 
44.42836349153283 
44.65019338012617 
44.42262456474815 
44.40289794446777 
44.65074918276863 
44.16338263126868 
44.404789266520716 
44.65326845106972 
44.634435459919274 
44.159002694757795 
44.43153746843162 
44.63947671316345 
44.64703627935472 
44.172705183914125 
44.64004727875095 
44.11678427849158 
44.65679834136134 
44.657196066375214 
44.426704454963016 
44.66086078026931 
44.42426741979183 
44.426264682030165 
