41.326136144374196 
41.32857492752304 
41.32770675943084 
41.32858266159329 
41.3393097056173 
40.83165320416078 
41.34256618508705 
40.420391018528115 
41.07148407020314 
41.09085536858442 
41.34783641796385 
41.32563951006636 
41.11097711991355 
40.05345403460337 
41.31990167828091 
41.325886971254505 
41.34288892149649 
41.338117399568844 
41.31044783198322 
41.33297758013053 
41.32486940215798 
41.33815092659048 
41.338178086841225 
41.33134664586404 
41.12287433308484 
41.32163746971841 
41.09342168834193 
41.3339378073287 
41.34297655614429 
41.32179213551021 
41.34908477300737 
41.34914930471541 
41.33504471738798 
41.08530483383153 
41.108707537592714 
41.341170293932635 
41.08952084358842 
41.326830640117734 
40.843673433280856 
41.31319237706875 
41.12087824310279 
40.82418063377725 
41.34171968652069 
41.08317853730122 
41.328205346292904 
41.330518613930074 
41.3063802064665 
41.32923243440657 
40.813087269227175 
41.12182171976837 
41.34713543368017 
41.323106177788645 
41.32934941766416 
41.30882277753373 
41.34954464878544 
41.33009876749765 
41.10248474999007 
40.83993587759036 
41.32083506819011 
41.32764300409761 
41.09347418174526 
41.329191023436636 
41.32023506143527 
41.34372064260541 
41.09827397445425 
41.29848045244574 
41.30821070621313 
41.33815092659048 
41.338178086841225 
41.33134664586404 
41.12287433308484 
41.32163746971841 
41.09342168834193 
41.3339378073287 
41.34297655614429 
41.32179213551021 
41.34908477300737 
41.34914930471541 
41.33504471738798 
41.08530483383153 
41.108707537592714 
41.341170293932635 
41.08952084358842 
41.326830640117734 
40.843673433280856 
41.31319237706875 
41.12087824310279 
40.82418063377725 
41.34171968652069 
41.08317853730122 
41.328205346292904 
41.10120247026785 
41.08428708000495 
40.79439819227142 
41.348039244048266 
41.3335846159335 
41.3368965480637 
41.1152956104152 
41.34152348821636 
41.0932988978585 
