50.93677274444273 
50.936784922152604 
50.93677577006674 
50.93675113380458 
50.936797322063825 
50.93518727328035 
50.936760417345724 
50.9367662054083 
50.93677259281176 
50.93679753153159 
50.93519313856864 
50.93679721667828 
50.935193841127294 
50.936763931174305 
50.93676940526659 
50.936782156447656 
50.93679721667828 
50.93677893376365 
50.93677881647244 
50.936763686144936 
50.936763686144936 
50.93676674531546 
50.93676955914517 
50.936791027529985 
50.936785285052984 
50.93676658048204 
50.93675749684571 
50.936772674851724 
50.93677839412179 
50.93678175707545 
50.936769699695844 
50.936769699695844 
50.93519327859007 
50.93679106331753 
50.93677873389623 
50.93674834585298 
50.93518727328035 
50.936778699638616 
50.93676058132558 
50.93676964118282 
50.936769699695844 
50.93519346728478 
50.936769827226996 
50.93678485192526 
50.936769686622995 
50.93679759021979 
50.93519648086982 
50.93679739170566 
50.93677249945263 
50.93678448843828 
50.936782015954634 
50.93677582893941 
50.93677839412179 
50.93677564124108 
50.93677279132167 
50.9352059615436 
50.93678448843828 
50.936769780481065 
50.936785331122344 
50.93677869981588 
50.936782015954634 
50.93679725179112 
50.93677569854681 
50.936769780481065 
50.93677858338111 
50.93676674531546 
50.93361261020871 
50.936782015954634 
50.93677582893941 
50.93677839412179 
50.93519956611225 
50.936797648502306 
50.9367971702947 
50.93679108765888 
50.936785331122344 
50.93679749664184 
50.936766767370386 
50.936763158394 
50.93121325412965 
50.713587962237604 
50.93518727292358 
50.93679695889151 
50.936775921529204 
50.93676674531546 
50.936790910693695 
50.93678224899085 
50.93677878149318 
50.9351997896632 
50.93678494550208 
50.93677866362498 
50.93679721667828 
50.935205879103876 
50.936776061941906 
50.93679727536544 
50.93676674531546 
50.936776002982384 
50.93678530773004 
50.93679761356887 
50.9336158859545 
50.93678203965841 
50.936778605291224 
