40.516132304308286 
41.33930168105959 
41.07085644324654 
41.33379798412618 
41.335949968325984 
41.32316206856 
41.12101576728521 
41.31407219258206 
41.07672756068505 
41.101141952735475 
41.307402392761496 
40.123865281019455 
41.33882085867079 
41.3227752384153 
41.09095354209093 
41.09163512496214 
41.32834403850157 
41.10869051725593 
41.32611986955135 
41.10838106046653 
40.83040152559969 
41.10120268883661 
41.097326861308154 
41.11179275921641 
41.32297829582708 
41.30886937680409 
41.348990499786716 
40.51140042903444 
41.329044283537534 
41.331268569879434 
41.33812122635686 
41.10260321589429 
40.84637632664411 
41.09168446917129 
41.3224561464031 
41.33212774374697 
40.80753140589153 
41.07363756402185 
41.10493638748651 
41.0936317176737 
41.10011900527733 
41.099718966172105 
41.348563037980924 
41.26207527903793 
41.34986020472933 
41.320748930812115 
41.33249844789249 
41.34228003657031 
41.101261130986984 
41.343007852498395 
41.088453317021795 
40.11284229205384 
40.83894042530041 
40.84149257734357 
40.819536321799376 
41.33643406282115 
40.82700740000133 
41.307527680667796 
41.289356325254765 
41.11083083038504 
41.08231559239008 
41.3467313466403 
41.328253055714846 
41.34696056577314 
41.328330556709645 
41.341438146399845 
41.309667930279815 
41.343571543937685 
41.09448715649691 
40.85798898165117 
41.327829388953845 
41.29896193291475 
41.11286176260937 
40.85430827131232 
41.33480195673576 
41.10761219168689 
41.1115950648327 
40.52978746272922 
41.09678773247606 
41.292293248719325 
41.08870287387867 
41.337241800039834 
41.345055298414195 
41.110692844582175 
41.33004757125503 
41.322807519549485 
41.09589575213374 
41.33173493066086 
40.83879039343037 
41.06732409747491 
40.0691622009865 
41.32765858016001 
41.34857710649964 
41.33839284437605 
41.335844232332086 
41.09633693116901 
41.31937896277896 
41.319635176708886 
41.29403045808802 
40.843695191239554 
41.068305655903 
