59.891948523598494 
59.202494338776624 
59.70494964806246 
59.67360459287024 
59.89311530016969 
59.877992422900604 
59.88032313598754 
59.883368209209 
59.672394325791664 
59.873015403490896 
59.87206862987026 
59.674198810647205 
59.674401415910786 
59.69829199765679 
59.461357533565725 
59.180430816470114 
59.87375002609846 
59.69447568534277 
59.20021172820214 
59.1943249827227 
59.46848235598228 
59.47153339236469 
59.440954750913185 
59.46441377270284 
59.86208625443506 
59.4561039968068 
59.4541637581454 
59.47004313320955 
59.877570130598365 
59.89673128095086 
59.68889659553105 
58.850043088768416 
59.45158387806623 
59.872377948723056 
59.86719696502774 
59.868714646815896 
59.43927604481107 
59.86948749024821 
59.44365417427081 
59.44960306534569 
59.69145257012091 
59.68940482183547 
59.1836808976805 
59.45036266623446 
59.181765930544266 
59.45511317079324 
58.87636634168658 
59.66702831367524 
59.46019632982713 
59.42833814512252 
59.888704684852016 
59.87326763557706 
59.43898682385016 
59.66579067582182 
59.683937064670914 
59.4604783358734 
59.87492426612363 
59.43688593656999 
59.44954410677896 
59.87116632094342 
59.45208982179569 
