46.95636498457783 
46.08797822826866 
47.16541107797153 
46.88773278966873 
46.65181721586206 
47.1641363720128 
46.06270281101178 
45.45383537392677 
46.9482064117892 
46.859558354497594 
46.20711228679366 
47.434755491216315 
47.06181864321318 
44.51585034662402 
46.850379150031394 
46.59981288404712 
46.90155319461726 
45.563924718620456 
46.879255847504815 
46.57175720681001 
46.915888336293435 
46.90415180176423 
47.080364271181615 
46.7264506652592 
47.218762690785105 
47.41773326268292 
46.196280649817886 
47.09001534472574 
47.153714052431766 
46.886804958642244 
46.892454178851935 
45.541150534752866 
46.81053558046843 
47.34439367780746 
46.55980223110039 
45.47197950079668 
46.67686557437225 
46.889655787809225 
46.8615783415304 
46.904402704774704 
46.902381350080255 
47.66041598108357 
46.17964304096577 
47.44581535641225 
46.82051075714268 
47.14092999249263 
47.19269502170687 
46.18696040414753 
47.37929206758908 
46.207770177390515 
45.44587266168505 
46.56446892322994 
46.62544439572513 
46.577335334368655 
46.83163579530356 
46.11946054471293 
46.06938028360193 
46.12159464512451 
47.18912464897846 
46.89690736555428 
47.13169429248868 
47.41205864185884 
47.2760283356122 
47.11325136586834 
47.36137829077878 
46.89126604219777 
47.36037465636008 
46.88904191403716 
46.47965766650252 
47.17358793757985 
46.155705106002515 
47.207157276078675 
46.24380406207397 
46.560948037338584 
46.622588426847166 
46.83907234108996 
45.45870919300574 
46.5548587449647 
46.22699171018037 
46.81998752713788 
47.15058582970634 
47.67096581724283 
46.751032082230715 
46.89594187219553 
47.134621403230796 
46.22538438131643 
46.62045354531288 
46.45046236598124 
46.967144634940304 
45.536702945960606 
46.882074065940415 
47.62510499608487 
47.34746133757423 
47.4535607280639 
46.45046236598124 
46.87688840131593 
47.37321836458687 
46.597812783834186 
46.940240656466294 
46.19974041828251 
