59.877023436596964 
59.68673608757166 
59.69724834146233 
59.67325640457854 
59.6897440392696 
59.68265828925275 
59.68732374502001 
58.45606412715863 
59.45621557788145 
59.1880671611832 
59.875099888841426 
59.87263491870417 
59.17752775300232 
58.44382458169223 
59.65074616714246 
59.67255325482754 
59.87822720415844 
59.458325146621355 
59.66991041270897 
59.458514755010306 
59.67567110101973 
59.88936008106262 
59.68335833835725 
58.438756674396664 
59.69445013245767 
59.45049532525161 
59.687979982019655 
59.68162391800667 
59.68082610220395 
59.86262626136637 
59.86799137696266 
59.881676133902516 
59.8770094793355 
58.867337959819956 
58.46618653237402 
59.871854274350696 
59.68139333385874 
59.67681837593696 
59.46809039965844 
59.68067402286068 
59.462531280428685 
59.872942282163 
59.679790500834216 
59.189380046801745 
59.87053803916393 
59.19852296760261 
59.4551102101765 
59.460551234645806 
59.17349435639224 
59.68529204937184 
59.877618980926066 
59.69628396104306 
59.202833769492436 
59.447028382668655 
59.88818083256809 
59.66785354612702 
59.44977448496408 
59.454885002400175 
59.873604524280495 
59.867370952792264 
59.1985075626617 
59.46443723876635 
59.442709779731096 
59.21345802418775 
59.68683605491364 
59.682728760708855 
59.44710946833242 
59.88936008106262 
59.68335833835725 
58.438756674396664 
59.69445013245767 
59.45049532525161 
59.687979982019655 
59.68162391800667 
59.68082610220395 
59.86262626136637 
59.86799137696266 
59.881676133902516 
59.8770094793355 
58.867337959819956 
58.46618653237402 
59.871854274350696 
59.68139333385874 
59.67681837593696 
59.46809039965844 
59.68067402286068 
59.462531280428685 
59.872942282163 
59.679790500834216 
59.189380046801745 
59.87053803916393 
59.86973051865947 
59.458694227672986 
56.851561349488115 
59.87052720875324 
59.477396215744136 
59.68288128195964 
59.68171986965999 
59.686572492998316 
58.86087804629797 
