51.57860543488148 
51.572564116408905 
51.57862247444763 
51.577077806455186 
51.57859936731871 
51.57852742224252 
51.57856995465984 
51.578509601816286 
51.57554030926946 
51.578481985535575 
51.578482789143806 
51.57695542193373 
51.57854394761669 
51.57704843422848 
51.577021368986294 
51.57330498754543 
51.57851464402417 
51.57707800262156 
51.56956904776411 
51.57188525305957 
51.577062739369026 
51.57712574514137 
51.57548664414737 
51.574042141267896 
51.57849122188768 
51.35538328422682 
51.57407977303417 
51.57709387337409 
51.57847836665143 
51.57862000180341 
51.57702967432311 
51.09027797770016 
51.574747307994585 
51.57855263965333 
51.57850114445157 
51.5784363269744 
51.57471288755464 
51.578463608590525 
51.57547337745373 
51.57404934509255 
51.57858719290545 
51.5770319594449 
51.57707902411939 
51.57399986219159 
51.57553212387102 
51.57559376533814 
51.56812005803744 
51.57323952720699 
51.575558172651625 
51.57694736547221 
51.57855586179822 
51.578534772525884 
51.577048740137606 
51.57699337789353 
51.57699931518963 
51.35364145819484 
51.57848301263306 
51.353556328273015 
51.57470806541129 
51.57853242274083 
51.57698910240889 
