51.57852984982555 
51.57705370049542 
51.57710623488576 
51.57698033569783 
51.57706668161039 
51.57852086153285 
51.57702427263892 
50.76518317997069 
51.57407090993634 
51.35022930032035 
51.57851665075169 
51.57846974976363 
51.57551846180718 
50.762564650675294 
51.57694835294679 
51.57696513312291 
51.57854971325731 
51.57256652163568 
51.57179185437658 
51.57557608783801 
51.576968537326174 
51.57856232940032 
51.5770752913305 
51.346715462053524 
51.578557386705576 
51.57185543243513 
51.57706007775091 
51.57847616954198 
51.57696715065897 
51.57847309771158 
51.57853764655405 
51.57858295803109 
51.57846670231984 
51.56964769610705 
51.350128583907676 
51.578474947580574 
51.57628290202386 
51.57409451152335 
51.353613657854936 
51.576974937328096 
51.57407850897583 
51.578422066060824 
51.57701903182834 
51.57259422935096 
51.57850183705609 
51.568823632462305 
51.570322036410694 
51.57481882538225 
51.351063551947014 
51.577048409402465 
51.578505114552925 
51.57634427289876 
51.57559462416468 
51.576927017861394 
51.57859012390949 
51.57700337932372 
51.57398460021655 
51.57703094106472 
51.57850481475406 
51.578469543514416 
51.57563219582968 
51.35449280198347 
51.572467324450976 
51.351055055889994 
51.573291073383395 
51.57555137421593 
51.576241707051 
51.57856232940032 
51.5770752913305 
51.346715462053524 
51.578557386705576 
51.57185543243513 
51.57706007775091 
51.57847616954198 
51.57696715065897 
51.57847309771158 
51.57853764655405 
51.57858295803109 
51.57846670231984 
51.56964769610705 
51.350128583907676 
51.578474947580574 
51.57628290202386 
51.57409451152335 
51.353613657854936 
51.576974937328096 
51.57407850897583 
51.578422066060824 
51.57701903182834 
51.57259422935096 
51.57850183705609 
51.57845092880274 
51.574042089693776 
51.07884436349393 
51.57854035409363 
51.57407492481208 
51.577023189932355 
51.576275832626465 
51.57851098678085 
51.35269078192922 
