41.13784590920935 
41.128123330008094 
41.11433324988451 
41.14570147359961 
40.88980239207142 
41.1058443739725 
40.8904131063324 
41.09948273009955 
41.12962397484794 
40.57022101061311 
41.098608054108276 
40.87487232440648 
40.63795391035012 
41.113540518362754 
41.13452224102026 
41.098608054108276 
41.13924204439642 
41.13411422632024 
41.14244072479951 
40.908522759319524 
40.64465549743157 
41.10039378624053 
41.11892466374223 
41.13199987241958 
41.11686567202006 
40.90220363398268 
41.1070219943771 
40.882434133943335 
41.14300794308124 
41.11839291438392 
40.89282675800445 
41.10621603938131 
41.13960388003614 
41.1323821386497 
41.11544370722133 
41.09868442147819 
41.13278269537564 
41.12653868938064 
41.12743939763179 
40.89283086636089 
41.111927198885624 
41.13095921979836 
40.30958917637265 
41.10313687645241 
40.90069427394445 
41.116790987424906 
41.12242106827495 
40.902675019619494 
41.138015253866094 
41.13852487899672 
41.13445084109777 
41.11954136188175 
41.117091991511835 
41.10809678417102 
40.89365997789244 
41.13311514039228 
40.909551114998685 
40.90192076240951 
40.91201418246182 
41.138615719340024 
41.14053405812804 
41.13851808996992 
41.12804579795581 
41.11262065020936 
40.90666104623516 
40.89590004614228 
41.1383541956842 
41.13445084109777 
41.11954136188175 
40.90819990831968 
41.14591017570149 
41.113020822302616 
40.91598909931579 
40.886527308427475 
40.92019660198279 
41.125203666020234 
40.62858728140496 
40.8897389736311 
41.121932324798266 
40.894146716760105 
41.14405079297834 
41.115357469679694 
41.13279195207518 
40.914611801080866 
40.909432634592335 
41.12074495033083 
40.90183410628047 
40.91223070876259 
40.64283473179887 
40.8609335717361 
40.6287122630839 
40.8887248167046 
41.13925043365871 
40.88960045379922 
41.11578122125123 
40.91354246453925 
40.91496116732425 
41.11682673870203 
41.11586318471481 
40.8573582986185 
