43.22707738305212 
43.22707077927747 
43.227077390146434 
43.22707693382832 
43.227071113040985 
43.22707734318798 
43.227070816862586 
42.641238902303726 
43.22705854657235 
43.22446621262739 
43.22707706059888 
43.22707684416417 
43.227070810278605 
42.63863740029854 
43.22707098601515 
43.22707046785487 
43.227077051415954 
43.22707716861682 
43.22707725172923 
43.22707092509511 
43.22707706858609 
43.22707705400456 
43.22707090404121 
43.225313188965714 
43.22707743228472 
43.22704624066469 
43.227077169756626 
43.22707712820435 
43.22707045140759 
43.227076943284644 
43.22707703187091 
43.227077272268616 
43.22707724806584 
43.22707101744703 
43.225334333730046 
43.227076991918345 
43.227067772216216 
43.22705850136773 
43.225337833471045 
43.22707716861682 
43.227077270938096 
43.22707682142307 
43.22707097022312 
43.227070970144645 
43.2270771004046 
43.22705868351479 
43.22703062895421 
43.227055514953015 
43.225347258832436 
43.227070827451755 
43.227076852395626 
43.227077169756626 
43.227077416956725 
43.227070796120614 
43.22707738305212 
43.22707717227782 
43.22707085021257 
43.22707721123352 
43.22707692566988 
43.227076887449016 
43.22707120490959 
43.22535019563901 
43.22707035854388 
43.22532530754591 
43.22705228763521 
43.22705867933582 
43.22706457307181 
43.22707705400456 
43.22707090404121 
43.225313188965714 
43.22707743228472 
43.22704624066469 
43.227077169756626 
43.22707712820435 
43.22707045140759 
43.227076943284644 
43.22707703187091 
43.227077272268616 
43.22707724806584 
43.22707101744703 
43.225334333730046 
43.227076991918345 
43.227067772216216 
43.22705850136773 
43.225337833471045 
43.22707716861682 
43.227077270938096 
43.22707682142307 
43.22707097022312 
43.227070970144645 
43.2270771004046 
43.22707700274092 
43.227052097392644 
43.22356593048586 
43.22707702948326 
43.22705831379044 
43.227071029737374 
43.227067673531906 
43.22707688866309 
43.22447837972175 
