34.532029239657945 
34.53190517643494 
34.53149782375888 
34.53215820572271 
34.52572351421147 
34.53179506499215 
34.52594951902511 
34.531740537854766 
34.5321597521519 
34.525003060266 
34.5314089350061 
34.53152258478489 
34.520385044105865 
34.53149782375888 
34.53197871837594 
34.5314089350061 
34.53214991165405 
34.532113406465264 
34.53214975085459 
34.53214975085459 
34.520324244136916 
34.53150916952882 
34.53165800058971 
34.53214314952486 
34.53204505336241 
34.53215449701524 
34.53194343468401 
34.52317776909685 
34.53213912463617 
34.5316618039259 
34.51987928901983 
34.53157182821851 
34.53208237372389 
34.53200680442885 
34.53163384825306 
34.53138057573503 
34.53195625349586 
34.53181236957369 
34.53189657093052 
34.51987928901983 
34.531822743092114 
34.531983043975586 
34.523164617858825 
34.53205403941893 
34.52619216501612 
34.531916424736814 
34.532016043183035 
34.523249667019016 
34.53204588244841 
34.532158965174695 
34.53214357292468 
34.53177460803097 
34.53179549093374 
34.53152583598112 
34.531871828055145 
34.53204588244841 
34.53214975085459 
34.531922171695065 
34.526319320015226 
34.53215935047535 
34.53208695778982 
34.532008090661094 
34.53215013615771 
34.53186702177822 
34.52596867369421 
34.52323819475475 
34.53215935047535 
34.53214357292468 
34.53177460803097 
34.532161042893456 
34.532158095329784 
34.531910862278785 
34.526254667881055 
34.53175215588827 
34.52635923899082 
34.531897467941015 
34.525981235732075 
34.52561659966804 
34.53190558294491 
34.52592875703267 
34.53212400761166 
34.53173089879321 
34.5319297151674 
34.52636418224341 
34.532162791986664 
34.53180704968449 
34.5263375184007 
34.53210774842356 
34.52022916325482 
34.52547952829287 
34.52608302143087 
34.532072268924196 
34.532056506449884 
34.525832908210866 
34.532052520694464 
34.52621935878913 
34.532160232165964 
34.5321495232731 
34.53146157774595 
34.531102150911885 
