34.53215408889133 
34.531799097288314 
34.532161962561354 
34.53196505483431 
34.53194414621724 
34.53193808966488 
34.53206213490016 
34.25500257670093 
34.52530682825762 
34.5027352602541 
34.532124915224124 
34.53166555944333 
34.53195275358681 
33.93102508288902 
34.53207076224034 
34.53186036031664 
34.53203715251366 
34.53200907948003 
34.531866710629195 
34.5319722334659 
34.53215062279511 
34.53194195737007 
34.532068210502935 
34.526030731652334 
34.5263601319295 
34.531581947038994 
34.53170915541202 
34.53190212624157 
34.53204969202159 
34.53172462072571 
34.53214174262403 
34.53214131370686 
34.531887226283025 
34.52317658254411 
34.5261231168151 
34.53203803782158 
34.53162696914643 
34.53164998591117 
34.265911882659324 
34.53184260343235 
34.52634749471141 
34.51984326468384 
34.5319782920819 
34.523108088410105 
34.53194510075499 
34.53200587879625 
34.53128293148681 
34.531771111631116 
34.266009643451746 
34.52624072634408 
34.53209254546977 
34.531828823710924 
34.53215807064962 
34.53152275239347 
34.53215408889133 
34.532009701251994 
34.52610347883913 
34.52629091363741 
34.53192415996259 
34.531831930110435 
34.52612238502744 
34.53179743209426 
34.53194670589866 
34.53206670056265 
34.53189823391923 
34.531168398254124 
34.531210120411984 
34.53194195737007 
34.532068210502935 
34.526030731652334 
34.5263601319295 
34.531581947038994 
34.53170915541202 
34.53190212624157 
34.53204969202159 
34.53172462072571 
34.53214174262403 
34.53214131370686 
34.531887226283025 
34.52317658254411 
34.5261231168151 
34.53203803782158 
34.53162696914643 
34.53164998591117 
34.265911882659324 
34.53184260343235 
34.52634749471141 
34.51984326468384 
34.5319782920819 
34.523108088410105 
34.53194510075499 
34.52590043068204 
34.52545226742175 
34.5197077679121 
34.53211153019071 
34.53196458247977 
34.53200784429837 
34.52624547828127 
34.531931420051734 
34.5256914958623 
