39.31342906088276 
39.31360651681171 
39.313472640502994 
39.31310213037344 
39.31379629398564 
39.30736245060812 
39.31324373909117 
39.313315375932476 
39.31342071491225 
39.31380775045004 
39.307438469982316 
39.313790427939765 
39.30747758185036 
39.313313937493426 
39.31336843606355 
39.313577766608745 
39.313790427939765 
39.31352353045827 
39.31351696723257 
39.31330043469148 
39.31330043469148 
39.31334562663098 
39.313377256869146 
39.313695998476454 
39.313626702524964 
39.31333631416941 
39.31320596738378 
39.31342529521844 
39.313493332475176 
39.31355533605779 
39.313385090125195 
39.313385090125195 
39.307446185779945 
39.313698092713935 
39.31351227571016 
39.313072326035865 
39.30736245060812 
39.31351050529768 
39.313252871429825 
39.31338183514019 
39.313385090125195 
39.30745686387112 
39.31339199710428 
39.31360261225051 
39.31338414691054 
39.31381103964543 
39.30749921514295 
39.31380007400735 
39.31341556356986 
39.31358230115469 
39.31356995396483 
39.31347597202352 
39.313493332475176 
39.313465465745395 
39.313431677212776 
39.30765177681725 
39.31358230115469 
39.313389407736224 
39.31362914782966 
39.31351054152359 
39.31356995396483 
39.31379237952313 
39.31346846927165 
39.313389407736224 
39.31350416063832 
39.31334562663098 
39.301468042024354 
39.31356995396483 
39.31347597202352 
39.313493332475176 
39.30754577958791 
39.31381424228102 
39.3137879168888 
39.31369959349989 
39.31362914782966 
39.313805845005625 
39.31334664761491 
39.31327092176088 
39.29205729310571 
39.088016320602854 
39.30736237734639 
39.31377604928881 
39.31348095797736 
39.31334562663098 
39.313689534566876 
39.31358274236241 
39.31351504282132 
39.307558394027254 
39.31360780591602 
39.31350836222121 
39.313790427939765 
39.307647114983304 
39.313488760348264 
39.31379371627737 
39.31334562663098 
39.31348541233941 
39.31362785096139 
39.31381232837277 
39.301525180056 
39.313571314182276 
39.31350514485111 
