43.77543912825968 
44.30291786732664 
44.06265591332368 
44.30092024582816 
44.30591431824451 
44.072790444274425 
44.29931420874363 
44.05189177273718 
44.271032451362935 
44.29202596293179 
44.28974258772459 
44.079303037528035 
44.07945717028488 
44.289166529327424 
43.48785404794468 
44.063356737486245 
44.305750138589474 
44.29168030933496 
44.30579466434428 
44.29511394316428 
44.06907772101605 
44.081443129209156 
44.271198677150494 
44.285722119651616 
44.28916081265649 
43.79850036294091 
44.30439181583689 
43.06827531768405 
44.298481585941296 
43.8186940923754 
44.3057188685939 
44.0710708536194 
43.80530490602202 
44.051883712045985 
44.292969525622446 
44.30250991022509 
44.041746484560996 
43.78799382845951 
43.81266932392575 
43.80190543677146 
44.07901701479117 
44.28786367354679 
44.309660495820324 
43.81275139503494 
44.310091622235475 
43.80271033578759 
44.30293503926128 
44.30892650545944 
44.28308258551438 
44.30250320082943 
44.3052839573823 
43.789508904989574 
43.809656357012614 
44.284880403150964 
44.06246823206927 
44.30020295349404 
44.06850774550013 
44.30498184324235 
44.04783587391185 
44.310225357289916 
44.29675387904845 
44.30029821079838 
44.29525321084792 
44.305605642036696 
44.06551009185274 
44.30849559556334 
44.30160904296639 
44.30103426137464 
44.28468080857766 
44.29457545101888 
44.07722646717944 
44.26902176217382 
44.083489249114216 
43.820003663275074 
44.31005909237932 
43.49693016543014 
44.30232881104719 
44.06898794803385 
44.04609980398274 
44.28255277520787 
44.05994155659298 
44.302061644615 
44.30663152990784 
44.29882353161407 
44.301880109823095 
44.2897731196059 
43.78346638022318 
44.3063170323491 
43.78465101823993 
44.27244798278927 
43.82179748140596 
44.29874651971831 
44.30947245024585 
44.302627436810596 
44.297467763561286 
44.05578988675785 
44.29611823176342 
44.28964211373625 
44.056818361625616 
44.04664706103315 
44.06066493375033 
