39.31370270308429 
39.31357337741257 
39.31371701363526 
39.30756369194298 
39.307561782790586 
39.31361761719003 
39.31370507702794 
39.31333897708371 
39.307649199499224 
39.313711772371036 
39.31370346773017 
39.313520321556005 
39.31365179202717 
39.30728215182063 
39.313702702495206 
39.313613101465386 
39.31357599412491 
39.31343237860196 
39.3136137394331 
39.31351564206627 
39.307337860907246 
39.31369107909976 
39.31348297619458 
39.31370594265012 
39.31356394477359 
39.31371117367839 
39.3136058220952 
39.31360778356537 
39.31379691838348 
39.31361769155164 
39.313715829184176 
39.313708075598235 
39.30763474890084 
39.313412807521814 
39.31343454656265 
39.313620952073066 
39.313710483923366 
39.31371117367839 
39.31342793631195 
39.31329897527179 
39.313622857641334 
39.3133619114685 
39.31350178383845 
39.30137692262004 
39.31348216875598 
39.31360903237405 
39.31351247247227 
39.31370780708175 
39.31370797986343 
39.313698766117824 
39.31360459937398 
39.31350384122588 
39.313808413607525 
39.30741256408936 
39.313658240071376 
39.313377581109904 
39.31351366689484 
39.313610977821746 
39.31343786373283 
39.3073270316184 
39.31369609292198 
39.31370528973014 
39.31339905113403 
39.31378774273381 
39.31357633350965 
39.31342875507271 
39.31369097513563 
39.31369107909976 
39.31348297619458 
39.31370594265012 
39.31356394477359 
39.31371117367839 
39.3136058220952 
39.31360778356537 
39.31379691838348 
39.31361769155164 
39.313715829184176 
39.313708075598235 
39.30763474890084 
39.313412807521814 
39.31343454656265 
39.313620952073066 
39.313710483923366 
39.31371117367839 
39.31342793631195 
39.31329897527179 
39.313622857641334 
39.3133619114685 
39.31350178383845 
39.30137692262004 
39.31348216875598 
39.31359556908543 
39.31360325158059 
39.31371297458432 
39.31357599412491 
39.307469254509634 
39.31361759696162 
39.31379676478484 
39.307629642143745 
39.30749749426521 
