0.0 
0.0 
0.0 
0.0 
0.0 
0.0 
0.0 
0.0 
0.0 
0.0 
0.0 
0.0 
0.0 
0.0 
51.3496196559259 
0.0 
0.0 
0.0 
0.0 
0.0 
0.0 
0.0 
49.76772382569862 
0.0 
0.0 
0.0 
0.0 
0.0 
0.0 
0.0 
0.0 
0.0 
0.0 
0.0 
0.0 
0.0 
0.0 
0.0 
49.76770905356471 
0.0 
0.0 
0.0 
0.0 
0.0 
0.0 
0.0 
0.0 
0.0 
0.0 
0.0 
0.0 
0.0 
0.0 
0.0 
0.0 
0.0 
0.0 
0.0 
0.0 
0.0 
0.0 
0.0 
0.0 
0.0 
0.0 
0.0 
0.0 
0.0 
0.0 
0.0 
0.0 
0.0 
0.0 
0.0 
0.0 
0.0 
0.0 
0.0 
0.0 
0.0 
0.0 
0.0 
0.0 
0.0 
0.0 
0.0 
0.0 
0.0 
0.0 
0.0 
49.7677239183026 
0.0 
0.0 
0.0 
0.0 
0.0 
0.0 
0.0 
0.0 
0.0 
0.0 
0.0 
0.0 
0.0 
49.76772368257442 
0.0 
0.0 
0.0 
0.0 
0.0 
0.0 
0.0 
0.0 
0.0 
0.0 
0.0 
0.0 
0.0 
0.0 
0.0 
0.0 
0.0 
0.0 
0.0 
0.0 
0.0 
0.0 
0.0 
0.0 
0.0 
0.0 
0.0 
0.0 
0.0 
0.0 
0.0 
0.0 
0.0 
0.0 
0.0 
0.0 
0.0 
0.0 
0.0 
0.0 
0.0 
0.0 
0.0 
0.0 
0.0 
0.0 
0.0 
0.0 
0.0 
0.0 
0.0 
0.0 
0.0 
49.76772359041619 
0.0 
0.0 
0.0 
0.0 
0.0 
0.0 
0.0 
0.0 
0.0 
0.0 
0.0 
0.0 
0.0 
0.0 
0.0 
0.0 
0.0 
0.0 
0.0 
0.0 
50.76542473091387 
0.0 
0.0 
0.0 
0.0 
0.0 
0.0 
0.0 
0.0 
0.0 
0.0 
0.0 
0.0 
0.0 
0.0 
0.0 
0.0 
0.0 
0.0 
0.0 
0.0 
0.0 
0.0 
0.0 
0.0 
0.0 
50.76539911902186 
0.0 
0.0 
0.0 
0.0 
0.0 
0.0 
0.0 
0.0 
0.0 
0.0 
0.0 
0.0 
0.0 
0.0 
0.0 
0.0 
49.76771459927357 
0.0 
0.0 
50.765420151116345 
0.0 
0.0 
0.0 
0.0 
0.0 
0.0 
49.76771459927357 
50.765420151116345 
0.0 
49.76771459927357 
0.0 
49.76771459927357 
0.0 
49.76771459927357 
0.0 
0.0 
0.0 
49.767673301064875 
0.0 
0.0 
0.0 
0.0 
49.767645807577786 
0.0 
0.0 
0.0 
0.0 
0.0 
0.0 
0.0 
0.0 
0.0 
0.0 
0.0 
0.0 
0.0 
0.0 
0.0 
0.0 
50.751453735231934 
0.0 
0.0 
0.0 
0.0 
0.0 
0.0 
0.0 
0.0 
0.0 
0.0 
0.0 
0.0 
0.0 
0.0 
0.0 
0.0 
0.0 
0.0 
0.0 
0.0 
0.0 
0.0 
0.0 
0.0 
0.0 
0.0 
0.0 
0.0 
0.0 
0.0 
0.0 
0.0 
0.0 
0.0 
0.0 
0.0 
0.0 
0.0 
0.0 
0.0 
0.0 
0.0 
0.0 
0.0 
0.0 
0.0 
0.0 
0.0 
0.0 
0.0 
0.0 
50.76542477728942 
0.0 
0.0 
51.34959302920796 
0.0 
0.0 
0.0 
0.0 
0.0 
0.0 
0.0 
0.0 
0.0 
0.0 
0.0 
50.7654055193031 
50.76533418563131 
52.571131036668504 
49.76305526049532 
0.0 
0.0 
0.0 
0.0 
0.0 
0.0 
0.0 
0.0 
0.0 
0.0 
0.0 
0.0 
0.0 
0.0 
0.0 
0.0 
0.0 
0.0 
51.7642275081049 
51.761864221754315 
0.0 
0.0 
0.0 
0.0 
49.76771503352811 
0.0 
0.0 
0.0 
0.0 
0.0 
0.0 
0.0 
0.0 
0.0 
0.0 
0.0 
0.0 
0.0 
0.0 
0.0 
0.0 
0.0 
0.0 
0.0 
0.0 
0.0 
0.0 
0.0 
0.0 
0.0 
0.0 
0.0 
0.0 
0.0 
0.0 
0.0 
0.0 
0.0 
0.0 
0.0 
50.76533185050402 
0.0 
0.0 
49.767587794190085 
0.0 
0.0 
0.0 
0.0 
0.0 
51.76422760202612 
0.0 
0.0 
0.0 
0.0 
0.0 
0.0 
0.0 
0.0 
0.0 
0.0 
0.0 
0.0 
0.0 
0.0 
0.0 
0.0 
0.0 
0.0 
0.0 
51.34959302920796 
0.0 
0.0 
49.76772359041619 
0.0 
0.0 
0.0 
0.0 
0.0 
0.0 
0.0 
0.0 
0.0 
0.0 
0.0 
0.0 
0.0 
0.0 
0.0 
0.0 
49.7676622396971 
0.0 
0.0 
0.0 
0.0 
0.0 
0.0 
0.0 
0.0 
0.0 
0.0 
49.767702705519916 
50.765413403661874 
0.0 
0.0 
0.0 
0.0 
0.0 
0.0 
51.34959796314826 
51.3495224345847 
0.0 
0.0 
0.0 
0.0 
0.0 
0.0 
0.0 
0.0 
0.0 
0.0 
0.0 
0.0 
0.0 
0.0 
0.0 
0.0 
0.0 
50.76542472874709 
52.0859716629031 
0.0 
0.0 
0.0 
0.0 
0.0 
0.0 
0.0 
0.0 
0.0 
0.0 
0.0 
0.0 
51.349563316677354 
50.75613823231612 
0.0 
0.0 
0.0 
0.0 
0.0 
49.767685246443754 
0.0 
0.0 
0.0 
0.0 
0.0 
0.0 
0.0 
0.0 
0.0 
0.0 
0.0 
0.0 
0.0 
0.0 
0.0 
0.0 
0.0 
0.0 
0.0 
0.0 
0.0 
0.0 
0.0 
0.0 
0.0 
50.76541719412177 
0.0 
0.0 
0.0 
0.0 
49.76757667611376 
0.0 
0.0 
0.0 
0.0 
0.0 
0.0 
0.0 
0.0 
0.0 
49.767598660160196 
0.0 
0.0 
49.75376490315677 
0.0 
0.0 
0.0 
0.0 
0.0 
0.0 
0.0 
51.3480171179359 
0.0 
0.0 
0.0 
0.0 
0.0 
0.0 
0.0 
0.0 
0.0 
0.0 
49.76771482481039 
0.0 
0.0 
0.0 
0.0 
0.0 
0.0 
0.0 
0.0 
0.0 
0.0 
49.7676622396971 
0.0 
0.0 
0.0 
0.0 
0.0 
0.0 
0.0 
0.0 
49.76772359041619 
49.76772359041619 
0.0 
0.0 
0.0 
0.0 
0.0 
0.0 
0.0 
0.0 
0.0 
51.34959302920796 
51.34804171332415 
0.0 
0.0 
0.0 
0.0 
0.0 
0.0 
0.0 
0.0 
0.0 
0.0 
0.0 
0.0 
50.765413403661874 
50.765413403661874 
0.0 
0.0 
0.0 
0.0 
0.0 
0.0 
0.0 
52.08595933149705 
49.76305526049532 
0.0 
0.0 
0.0 
0.0 
0.0 
0.0 
0.0 
0.0 
0.0 
0.0 
0.0 
0.0 
0.0 
0.0 
0.0 
0.0 
0.0 
0.0 
0.0 
50.76542472874709 
51.76427034742451 
0.0 
0.0 
0.0 
0.0 
0.0 
0.0 
0.0 
0.0 
0.0 
0.0 
0.0 
0.0 
0.0 
51.34959950821396 
52.3449149634072 
0.0 
0.0 
0.0 
0.0 
0.0 
0.0 
49.76771503352811 
0.0 
0.0 
0.0 
0.0 
0.0 
0.0 
0.0 
0.0 
0.0 
0.0 
0.0 
0.0 
0.0 
0.0 
0.0 
0.0 
0.0 
0.0 
0.0 
0.0 
0.0 
0.0 
0.0 
0.0 
0.0 
0.0 
0.0 
0.0 
0.0 
0.0 
0.0 
0.0 
0.0 
0.0 
0.0 
0.0 
0.0 
0.0 
50.765378287382354 
0.0 
0.0 
0.0 
0.0 
0.0 
0.0 
0.0 
0.0 
0.0 
0.0 
0.0 
0.0 
0.0 
0.0 
49.767587794190085 
0.0 
0.0 
0.0 
0.0 
0.0 
0.0 
0.0 
0.0 
49.76766275596234 
0.0 
0.0 
0.0 
0.0 
0.0 
0.0 
0.0 
0.0 
0.0 
0.0 
0.0 
0.0 
0.0 
49.76771464574468 
0.0 
0.0 
0.0 
0.0 
0.0 
0.0 
0.0 
0.0 
0.0 
0.0 
0.0 
51.349563316677354 
0.0 
0.0 
0.0 
0.0 
50.765424615349474 
0.0 
0.0 
0.0 
0.0 
0.0 
0.0 
0.0 
49.76772359041619 
0.0 
0.0 
0.0 
0.0 
0.0 
0.0 
0.0 
0.0 
0.0 
0.0 
51.34804171332415 
49.76766275596234 
0.0 
0.0 
0.0 
0.0 
0.0 
0.0 
0.0 
0.0 
0.0 
0.0 
0.0 
0.0 
0.0 
0.0 
0.0 
0.0 
0.0 
0.0 
0.0 
0.0 
0.0 
0.0 
0.0 
0.0 
0.0 
0.0 
51.34959796314826 
51.3495224345847 
0.0 
0.0 
0.0 
0.0 
0.0 
0.0 
0.0 
0.0 
0.0 
0.0 
0.0 
0.0 
0.0 
0.0 
0.0 
0.0 
0.0 
0.0 
0.0 
51.34962017770447 
49.76772372902552 
0.0 
0.0 
0.0 
0.0 
0.0 
0.0 
0.0 
0.0 
0.0 
0.0 
0.0 
0.0 
0.0 
0.0 
0.0 
0.0 
0.0 
49.758497788749594 
51.761864221754315 
0.0 
0.0 
0.0 
0.0 
0.0 
0.0 
0.0 
0.0 
50.7654173111756 
0.0 
0.0 
0.0 
0.0 
0.0 
0.0 
0.0 
0.0 
0.0 
0.0 
0.0 
0.0 
0.0 
0.0 
0.0 
0.0 
0.0 
0.0 
0.0 
0.0 
0.0 
0.0 
0.0 
0.0 
0.0 
0.0 
0.0 
0.0 
0.0 
0.0 
0.0 
0.0 
0.0 
0.0 
0.0 
0.0 
0.0 
0.0 
0.0 
0.0 
0.0 
0.0 
0.0 
0.0 
0.0 
0.0 
0.0 
0.0 
0.0 
0.0 
51.349544386783464 
0.0 
0.0 
0.0 
0.0 
0.0 
0.0 
0.0 
0.0 
0.0 
0.0 
0.0 
0.0 
0.0 
0.0 
0.0 
0.0 
0.0 
0.0 
50.75616577602282 
0.0 
0.0 
0.0 
0.0 
0.0 
0.0 
0.0 
0.0 
0.0 
0.0 
0.0 
0.0 
51.76422760202612 
0.0 
0.0 
0.0 
0.0 
0.0 
0.0 
0.0 
0.0 
0.0 
0.0 
0.0 
0.0 
0.0 
0.0 
0.0 
0.0 
0.0 
0.0 
51.349592336583086 
0.0 
0.0 
0.0 
0.0 
0.0 
0.0 
0.0 
0.0 
0.0 
0.0 
0.0 
0.0 
0.0 
0.0 
0.0 
0.0 
49.7676622396971 
0.0 
0.0 
0.0 
0.0 
0.0 
0.0 
0.0 
0.0 
0.0 
0.0 
0.0 
0.0 
0.0 
0.0 
0.0 
49.76772359041619 
0.0 
0.0 
0.0 
0.0 
0.0 
0.0 
0.0 
0.0 
0.0 
0.0 
0.0 
0.0 
0.0 
0.0 
50.765357033205476 
0.0 
51.34804171332415 
0.0 
0.0 
0.0 
0.0 
0.0 
0.0 
0.0 
0.0 
0.0 
0.0 
0.0 
0.0 
0.0 
0.0 
0.0 
0.0 
0.0 
0.0 
0.0 
0.0 
0.0 
50.765413403661874 
0.0 
0.0 
0.0 
0.0 
0.0 
0.0 
0.0 
0.0 
0.0 
0.0 
0.0 
52.08595933149705 
49.76305526049532 
0.0 
0.0 
0.0 
0.0 
0.0 
0.0 
0.0 
0.0 
0.0 
0.0 
0.0 
0.0 
0.0 
0.0 
0.0 
0.0 
0.0 
0.0 
0.0 
0.0 
0.0 
0.0 
0.0 
0.0 
0.0 
0.0 
0.0 
0.0 
51.34961521614793 
0.0 
51.76427034742451 
0.0 
0.0 
0.0 
0.0 
0.0 
0.0 
0.0 
0.0 
0.0 
0.0 
0.0 
0.0 
51.34959950821396 
52.3449149634072 
0.0 
0.0 
0.0 
0.0 
0.0 
0.0 
49.76771503352811 
0.0 
0.0 
0.0 
0.0 
0.0 
0.0 
0.0 
0.0 
0.0 
0.0 
0.0 
0.0 
0.0 
0.0 
0.0 
0.0 
0.0 
0.0 
0.0 
0.0 
0.0 
0.0 
0.0 
0.0 
0.0 
0.0 
0.0 
0.0 
0.0 
0.0 
0.0 
0.0 
0.0 
0.0 
0.0 
0.0 
0.0 
0.0 
50.765378287382354 
0.0 
0.0 
0.0 
0.0 
0.0 
0.0 
0.0 
0.0 
0.0 
0.0 
0.0 
0.0 
0.0 
0.0 
49.767587794190085 
0.0 
0.0 
0.0 
0.0 
0.0 
0.0 
0.0 
0.0 
49.76766275596234 
0.0 
0.0 
0.0 
0.0 
0.0 
0.0 
0.0 
0.0 
0.0 
0.0 
0.0 
0.0 
0.0 
0.0 
0.0 
0.0 
0.0 
0.0 
0.0 
0.0 
0.0 
0.0 
0.0 
0.0 
0.0 
0.0 
51.349563316677354 
0.0 
0.0 
0.0 
0.0 
50.765424615349474 
0.0 
0.0 
0.0 
0.0 
0.0 
0.0 
0.0 
49.76772359041619 
0.0 
0.0 
0.0 
0.0 
0.0 
0.0 
0.0 
0.0 
0.0 
0.0 
0.0 
51.34804171332415 
49.76766275596234 
0.0 
0.0 
0.0 
0.0 
0.0 
0.0 
0.0 
0.0 
0.0 
0.0 
0.0 
0.0 
0.0 
0.0 
0.0 
0.0 
0.0 
0.0 
0.0 
0.0 
0.0 
0.0 
0.0 
0.0 
0.0 
0.0 
51.34959796314826 
51.3495224345847 
0.0 
0.0 
0.0 
0.0 
0.0 
0.0 
0.0 
0.0 
0.0 
0.0 
0.0 
0.0 
0.0 
0.0 
0.0 
0.0 
0.0 
0.0 
0.0 
0.0 
0.0 
0.0 
0.0 
50.765424615648506 
0.0 
51.34962004612817 
0.0 
0.0 
0.0 
0.0 
0.0 
0.0 
0.0 
0.0 
0.0 
0.0 
0.0 
0.0 
0.0 
0.0 
0.0 
51.349563316677354 
49.76766275596234 
49.76768574700166 
0.0 
0.0 
0.0 
0.0 
0.0 
0.0 
0.0 
0.0 
0.0 
0.0 
0.0 
0.0 
0.0 
0.0 
0.0 
0.0 
0.0 
0.0 
51.349568669439414 
0.0 
0.0 
0.0 
0.0 
NaN
0.0 
0.0 
NaN
NaN
0.0 
NaN
NaN
0.0 
0.0 
NaN
0.0 
0.0 
NaN
0.0 
0.0 
0.0 
0.0 
NaN
NaN
0.0 
NaN
0.0 
0.0 
NaN
NaN
0.0 
0.0 
0.0 
0.0 
0.0 
0.0 
0.0 
0.0 
NaN
0.0 
0.0 
0.0 
NaN
NaN
NaN
NaN
NaN
0.0 
0.0 
0.0 
0.0 
0.0 
0.0 
NaN
NaN
NaN
52.345632672020876 
NaN
NaN
0.0 
0.0 
NaN
0.0 
0.0 
0.0 
0.0 
49.7677237754771 
0.0 
NaN
NaN
NaN
NaN
NaN
0.0 
0.0 
0.0 
0.0 
NaN
0.0 
NaN
NaN
0.0 
NaN
0.0 
NaN
NaN
NaN
0.0 
0.0 
0.0 
NaN
0.0 
0.0 
0.0 
NaN
NaN
NaN
NaN
0.0 
NaN
NaN
0.0 
0.0 
0.0 
0.0 
NaN
NaN
NaN
NaN
0.0 
0.0 
NaN
NaN
0.0 
0.0 
NaN
0.0 
NaN
NaN
0.0 
NaN
NaN
0.0 
NaN
0.0 
NaN
NaN
0.0 
0.0 
NaN
0.0 
0.0 
0.0 
0.0 
NaN
0.0 
0.0 
0.0 
0.0 
0.0 
0.0 
NaN
NaN
0.0 
NaN
0.0 
0.0 
0.0 
52.34881401010442 
0.0 
0.0 
0.0 
NaN
0.0 
NaN
NaN
0.0 
0.0 
0.0 
NaN
NaN
NaN
0.0 
0.0 
NaN
NaN
0.0 
0.0 
0.0 
NaN
NaN
NaN
0.0 
0.0 
0.0 
0.0 
0.0 
0.0 
0.0 
NaN
NaN
NaN
0.0 
0.0 
0.0 
NaN
NaN
0.0 
0.0 
0.0 
0.0 
0.0 
NaN
0.0 
0.0 
NaN
0.0 
0.0 
NaN
NaN
NaN
0.0 
NaN
0.0 
NaN
NaN
0.0 
0.0 
0.0 
0.0 
49.7677237754771 
0.0 
0.0 
0.0 
NaN
0.0 
NaN
NaN
NaN
NaN
NaN
NaN
NaN
NaN
NaN
0.0 
NaN
NaN
NaN
NaN
NaN
NaN
0.0 
NaN
NaN
NaN
0.0 
0.0 
NaN
0.0 
0.0 
NaN
NaN
0.0 
0.0 
NaN
NaN
NaN
NaN
NaN
0.0 
0.0 
NaN
NaN
0.0 
0.0 
0.0 
NaN
NaN
NaN
0.0 
0.0 
0.0 
0.0 
0.0 
0.0 
0.0 
0.0 
51.34960264961369 
0.0 
0.0 
0.0 
0.0 
0.0 
NaN
0.0 
0.0 
NaN
NaN
NaN
0.0 
0.0 
NaN
0.0 
0.0 
NaN
NaN
0.0 
0.0 
0.0 
0.0 
0.0 
0.0 
0.0 
NaN
0.0 
NaN
0.0 
0.0 
0.0 
NaN
NaN
NaN
0.0 
0.0 
NaN
0.0 
0.0 
0.0 
0.0 
0.0 
0.0 
0.0 
NaN
NaN
NaN
NaN
0.0 
0.0 
0.0 
0.0 
0.0 
0.0 
0.0 
0.0 
0.0 
52.571045293605664 
NaN
0.0 
NaN
0.0 
0.0 
0.0 
0.0 
NaN
0.0 
0.0 
NaN
NaN
52.56111460966515 
0.0 
0.0 
0.0 
51.34339129860272 
51.76425685574125 
0.0 
50.765410052443485 
0.0 
0.0 
NaN
NaN
0.0 
0.0 
0.0 
NaN
NaN
0.0 
0.0 
NaN
0.0 
0.0 
0.0 
0.0 
0.0 
NaN
NaN
NaN
NaN
0.0 
0.0 
NaN
0.0 
NaN
NaN
NaN
NaN
0.0 
NaN
0.0 
NaN
NaN
0.0 
0.0 
0.0 
0.0 
0.0 
0.0 
0.0 
52.342602746520484 
NaN
NaN
0.0 
0.0 
NaN
NaN
0.0 
0.0 
NaN
NaN
0.0 
0.0 
0.0 
0.0 
0.0 
NaN
NaN
49.75847408458859 
0.0 
NaN
0.0 
NaN
0.0 
NaN
0.0 
NaN
NaN
0.0 
0.0 
0.0 
0.0 
0.0 
0.0 
0.0 
NaN
0.0 
0.0 
0.0 
NaN
NaN
NaN
NaN
0.0 
0.0 
0.0 
0.0 
0.0 
0.0 
0.0 
0.0 
NaN
NaN
NaN
NaN
0.0 
NaN
NaN
0.0 
NaN
NaN
NaN
NaN
NaN
NaN
NaN
NaN
NaN
0.0 
0.0 
NaN
0.0 
0.0 
NaN
NaN
0.0 
NaN
NaN
NaN
NaN
NaN
52.5690849275783 
0.0 
0.0 
0.0 
0.0 
0.0 
0.0 
0.0 
0.0 
0.0 
NaN
0.0 
0.0 
0.0 
0.0 
NaN
NaN
NaN
0.0 
0.0 
0.0 
0.0 
0.0 
0.0 
NaN
0.0 
NaN
NaN
NaN
NaN
NaN
0.0 
NaN
0.0 
0.0 
NaN
0.0 
0.0 
0.0 
NaN
NaN
NaN
0.0 
NaN
0.0 
0.0 
NaN
0.0 
0.0 
NaN
NaN
0.0 
0.0 
49.76769178209604 
0.0 
50.76541297994197 
0.0 
49.76769178209604 
0.0 
0.0 
0.0 
0.0 
0.0 
0.0 
NaN
0.0 
0.0 
49.76772359041619 
0.0 
0.0 
0.0 
0.0 
NaN
0.0 
0.0 
0.0 
0.0 
0.0 
0.0 
0.0 
0.0 
0.0 
0.0 
NaN
0.0 
NaN
NaN
NaN
0.0 
0.0 
NaN
NaN
0.0 
NaN
NaN
NaN
0.0 
NaN
NaN
NaN
NaN
0.0 
0.0 
NaN
0.0 
NaN
NaN
NaN
NaN
0.0 
NaN
NaN
0.0 
0.0 
0.0 
0.0 
NaN
NaN
NaN
NaN
0.0 
NaN
NaN
NaN
0.0 
0.0 
NaN
NaN
0.0 
0.0 
0.0 
0.0 
49.7677237754771 
NaN
0.0 
0.0 
0.0 
NaN
NaN
NaN
0.0 
0.0 
0.0 
0.0 
0.0 
0.0 
50.76542477728942 
0.0 
0.0 
0.0 
NaN
NaN
NaN
0.0 
0.0 
0.0 
0.0 
NaN
NaN
0.0 
NaN
NaN
NaN
0.0 
NaN
NaN
0.0 
0.0 
0.0 
0.0 
0.0 
0.0 
NaN
0.0 
NaN
0.0 
NaN
NaN
0.0 
NaN
NaN
NaN
NaN
NaN
NaN
NaN
NaN
0.0 
NaN
0.0 
NaN
NaN
NaN
NaN
0.0 
NaN
49.7677237754771 
NaN
0.0 
NaN
NaN
NaN
NaN
0.0 
NaN
0.0 
NaN
NaN
NaN
NaN
0.0 
0.0 
0.0 
0.0 
0.0 
0.0 
0.0 
0.0 
0.0 
NaN
0.0 
NaN
NaN
NaN
0.0 
NaN
NaN
NaN
0.0 
NaN
NaN
NaN
NaN
NaN
NaN
0.0 
0.0 
NaN
NaN
NaN
NaN
NaN
NaN
0.0 
0.0 
0.0 
0.0 
0.0 
0.0 
0.0 
NaN
NaN
0.0 
0.0 
0.0 
0.0 
0.0 
0.0 
0.0 
0.0 
0.0 
0.0 
NaN
0.0 
NaN
NaN
0.0 
0.0 
0.0 
0.0 
49.767441310139375 
0.0 
0.0 
NaN
49.767723682873694 
52.569148758313226 
0.0 
0.0 
0.0 
0.0 
0.0 
0.0 
0.0 
0.0 
0.0 
0.0 
0.0 
0.0 
0.0 
0.0 
0.0 
0.0 
0.0 
50.76539830794179 
0.0 
0.0 
0.0 
51.76306812889111 
0.0 
0.0 
0.0 
0.0 
0.0 
0.0 
0.0 
0.0 
0.0 
0.0 
0.0 
0.0 
0.0 
0.0 
0.0 
0.0 
0.0 
0.0 
50.76539864572943 
0.0 
52.5683755338681 
0.0 
0.0 
0.0 
52.56847563410807 
49.763058754097656 
0.0 
0.0 
0.0 
51.76419894801761 
0.0 
52.57107990248936 
49.763058754097656 
51.34486345424636 
52.34802001534465 
52.34879610352985 
50.76533185050402 
49.763058754097656 
52.34879610352985 
52.56847563410807 
49.763058754097656 
0.0 
51.343376716830065 
49.76297273995447 
52.344959432255806 
49.75847191357053 
52.08127841006471 
50.751453735231934 
0.0 
52.08127841006471 
49.75834106245032 
51.76193389899487 
0.0 
0.0 
0.0 
0.0 
0.0 
0.0 
0.0 
0.0 
0.0 
0.0 
0.0 
0.0 
0.0 
0.0 
0.0 
50.76542477728942 
0.0 
0.0 
0.0 
0.0 
50.76528215220138 
49.7676648849437 
0.0 
0.0 
0.0 
52.57112694442459 
0.0 
0.0 
52.57113530842195 
50.76542477728942 
51.764262826048416 
51.76427376916807 
52.347288698296026 
0.0 
49.76772368257394 
0.0 
0.0 
0.0 
0.0 
0.0 
0.0 
0.0 
0.0 
49.7677237754771 
0.0 
0.0 
0.0 
0.0 
0.0 
0.0 
0.0 
0.0 
0.0 
0.0 
0.0 
0.0 
0.0 
0.0 
0.0 
0.0 
0.0 
0.0 
0.0 
0.0 
0.0 
0.0 
0.0 
0.0 
0.0 
0.0 
0.0 
0.0 
0.0 
0.0 
0.0 
0.0 
0.0 
0.0 
0.0 
0.0 
0.0 
0.0 
0.0 
0.0 
0.0 
0.0 
0.0 
0.0 
0.0 
0.0 
0.0 
0.0 
0.0 
0.0 
0.0 
0.0 
0.0 
0.0 
0.0 
0.0 
0.0 
0.0 
0.0 
0.0 
0.0 
0.0 
0.0 
0.0 
0.0 
0.0 
0.0 
0.0 
0.0 
0.0 
0.0 
0.0 
0.0 
0.0 
0.0 
0.0 
0.0 
0.0 
0.0 
49.76770948808334 
0.0 
49.76770934828343 
0.0 
0.0 
0.0 
0.0 
0.0 
0.0 
0.0 
49.7677235898253 
0.0 
0.0 
0.0 
49.76770905356471 
0.0 
0.0 
49.76772359041619 
0.0 
0.0 
0.0 
0.0 
0.0 
0.0 
0.0 
0.0 
0.0 
0.0 
0.0 
0.0 
0.0 
0.0 
0.0 
0.0 
0.0 
0.0 
0.0 
0.0 
0.0 
0.0 
0.0 
0.0 
0.0 
0.0 
0.0 
0.0 
0.0 
0.0 
0.0 
0.0 
0.0 
0.0 
0.0 
0.0 
0.0 
0.0 
0.0 
0.0 
0.0 
0.0 
0.0 
0.0 
49.76762182449143 
0.0 
49.76772377219593 
0.0 
0.0 
0.0 
0.0 
0.0 
0.0 
52.08596229731511 
0.0 
0.0 
0.0 
0.0 
49.767680359692484 
0.0 
0.0 
50.763114457670554 
0.0 
0.0 
0.0 
0.0 
0.0 
0.0 
0.0 
51.76426661089845 
0.0 
0.0 
0.0 
0.0 
0.0 
52.341090843859554 
0.0 
0.0 
0.0 
0.0 
52.569807601268046 
0.0 
0.0 
0.0 
0.0 
0.0 
0.0 
49.7677237754771 
0.0 
0.0 
0.0 
0.0 
0.0 
0.0 
0.0 
0.0 
0.0 
51.34652765195046 
0.0 
49.76770914631234 
0.0 
0.0 
0.0 
0.0 
0.0 
0.0 
0.0 
0.0 
49.76772358997821 
0.0 
0.0 
0.0 
0.0 
0.0 
0.0 
0.0 
0.0 
51.349620025767834 
0.0 
0.0 
0.0 
0.0 
0.0 
0.0 
0.0 
0.0 
0.0 
0.0 
0.0 
49.76771459927357 
0.0 
0.0 
49.76764955959473 
0.0 
0.0 
0.0 
50.765420100165805 
0.0 
0.0 
0.0 
0.0 
0.0 
0.0 
0.0 
0.0 
0.0 
0.0 
0.0 
0.0 
0.0 
0.0 
0.0 
0.0 
0.0 
0.0 
49.76772252505 
0.0 
49.767694985776714 
49.76771482481039 
0.0 
0.0 
0.0 
0.0 
0.0 
0.0 
0.0 
0.0 
0.0 
0.0 
0.0 
0.0 
50.765420151116345 
52.34807751327837 
0.0 
0.0 
0.0 
0.0 
50.76539911902186 
50.763114457670554 
0.0 
0.0 
0.0 
0.0 
49.76754058372307 
0.0 
0.0 
0.0 
0.0 
0.0 
0.0 
0.0 
51.764274071820374 
0.0 
0.0 
0.0 
0.0 
0.0 
0.0 
0.0 
0.0 
0.0 
0.0 
0.0 
49.76771459927357 
0.0 
0.0 
0.0 
52.34730589414486 
0.0 
0.0 
0.0 
0.0 
51.34960093184432 
51.34960093184432 
0.0 
50.765424337237356 
0.0 
0.0 
0.0 
0.0 
0.0 
0.0 
0.0 
0.0 
0.0 
0.0 
0.0 
0.0 
0.0 
0.0 
50.76539911902186 
50.763114457670554 
0.0 
0.0 
0.0 
0.0 
0.0 
51.349483323841106 
0.0 
0.0 
0.0 
0.0 
0.0 
0.0 
0.0 
0.0 
0.0 
49.76772128044024 
0.0 
0.0 
0.0 
0.0 
0.0 
0.0 
0.0 
0.0 
50.76541724776066 
0.0 
0.0 
0.0 
0.0 
0.0 
0.0 
52.07762365510363 
0.0 
0.0 
0.0 
0.0 
0.0 
0.0 
0.0 
49.76754386058773 
0.0 
0.0 
0.0 
0.0 
0.0 
0.0 
0.0 
0.0 
0.0 
0.0 
0.0 
0.0 
0.0 
0.0 
0.0 
49.76312066538639 
0.0 
0.0 
0.0 
0.0 
0.0 
0.0 
0.0 
0.0 
0.0 
0.0 
0.0 
0.0 
0.0 
0.0 
0.0 
0.0 
0.0 
0.0 
0.0 
0.0 
0.0 
0.0 
0.0 
51.349620025767834 
0.0 
0.0 
0.0 
0.0 
0.0 
0.0 
0.0 
0.0 
0.0 
0.0 
0.0 
0.0 
0.0 
0.0 
0.0 
0.0 
0.0 
0.0 
0.0 
0.0 
0.0 
0.0 
0.0 
0.0 
0.0 
0.0 
0.0 
0.0 
49.76771464574468 
0.0 
0.0 
0.0 
0.0 
50.76542429071909 
0.0 
0.0 
0.0 
0.0 
0.0 
0.0 
0.0 
0.0 
0.0 
0.0 
0.0 
0.0 
0.0 
0.0 
0.0 
0.0 
0.0 
0.0 
49.76771437132686 
49.76772359041619 
0.0 
0.0 
0.0 
50.7561006356085 
0.0 
0.0 
0.0 
0.0 
50.763117855210815 
0.0 
51.34961507762837 
50.76310743692736 
0.0 
0.0 
0.0 
49.767673301064875 
0.0 
0.0 
0.0 
0.0 
0.0 
0.0 
0.0 
50.76542010459795 
0.0 
0.0 
0.0 
50.76542010459795 
0.0 
0.0 
50.76539911902186 
50.763114457670554 
0.0 
0.0 
0.0 
50.76540986693076 
0.0 
49.76771459927357 
0.0 
0.0 
0.0 
0.0 
0.0 
51.76427268927558 
49.76772368258875 
0.0 
0.0 
0.0 
0.0 
0.0 
49.76772363314402 
0.0 
49.76770892517661 
0.0 
0.0 
0.0 
50.76539911902186 
0.0 
0.0 
0.0 
0.0 
0.0 
0.0 
51.349618392514536 
0.0 
0.0 
49.767673301064875 
49.76770905356471 
0.0 
0.0 
0.0 
50.76540570960136 
0.0 
0.0 
0.0 
0.0 
0.0 
0.0 
0.0 
0.0 
0.0 
0.0 
0.0 
0.0 
0.0 
0.0 
49.767673301064875 
49.76770905356471 
0.0 
50.765283347006026 
0.0 
0.0 
0.0 
0.0 
0.0 
0.0 
0.0 
0.0 
0.0 
0.0 
49.76312066538639 
0.0 
0.0 
0.0 
0.0 
0.0 
0.0 
0.0 
0.0 
0.0 
50.765424429770206 
0.0 
49.767722986846536 
0.0 
0.0 
0.0 
0.0 
0.0 
0.0 
0.0 
0.0 
0.0 
0.0 
0.0 
50.76541738142472 
0.0 
49.767717014492014 
0.0 
0.0 
0.0 
0.0 
0.0 
0.0 
49.767724250851835 
51.764239174391186 
0.0 
0.0 
0.0 
0.0 
0.0 
0.0 
49.76771459927357 
52.569150391208616 
0.0 
0.0 
0.0 
0.0 
0.0 
0.0 
0.0 
0.0 
0.0 
0.0 
0.0 
0.0 
0.0 
0.0 
52.08412350617716 
0.0 
0.0 
0.0 
0.0 
0.0 
0.0 
0.0 
0.0 
0.0 
0.0 
0.0 
51.34960242925878 
0.0 
0.0 
50.765412800219615 
0.0 
0.0 
0.0 
0.0 
51.346541901955455 
0.0 
49.767722245919664 
0.0 
0.0 
50.763117855210815 
0.0 
0.0 
0.0 
0.0 
0.0 
0.0 
0.0 
0.0 
50.765420100165805 
0.0 
0.0 
0.0 
0.0 
0.0 
0.0 
0.0 
50.76539911902186 
49.7677237754771 
0.0 
0.0 
0.0 
0.0 
0.0 
49.76772128044024 
0.0 
0.0 
0.0 
0.0 
0.0 
0.0 
0.0 
0.0 
0.0 
0.0 
0.0 
49.76772128044024 
0.0 
0.0 
0.0 
49.767673301064875 
0.0 
0.0 
51.34652765195046 
0.0 
0.0 
0.0 
0.0 
49.76772358997821 
0.0 
0.0 
0.0 
0.0 
0.0 
0.0 
49.767673301064875 
0.0 
0.0 
49.767673301064875 
0.0 
0.0 
0.0 
0.0 
0.0 
0.0 
0.0 
0.0 
0.0 
0.0 
0.0 
0.0 
0.0 
0.0 
49.7677237754771 
0.0 
0.0 
51.34957825885179 
0.0 
0.0 
0.0 
0.0 
0.0 
0.0 
0.0 
0.0 
0.0 
0.0 
0.0 
0.0 
0.0 
0.0 
0.0 
0.0 
0.0 
0.0 
0.0 
0.0 
0.0 
50.76542429071909 
0.0 
0.0 
50.76540271679238 
49.767709383386396 
0.0 
0.0 
0.0 
0.0 
0.0 
0.0 
0.0 
0.0 
49.767724250851835 
0.0 
0.0 
0.0 
49.76771459927357 
50.76080848907901 
0.0 
49.767709383386396 
0.0 
0.0 
0.0 
0.0 
0.0 
0.0 
0.0 
49.76772367929341 
0.0 
0.0 
0.0 
0.0 
0.0 
0.0 
52.08412511884115 
50.76539830794179 
0.0 
50.76539864572943 
49.767694985776714 
0.0 
0.0 
0.0 
0.0 
0.0 
0.0 
0.0 
0.0 
0.0 
0.0 
50.76541726407762 
0.0 
0.0 
0.0 
0.0 
0.0 
0.0 
0.0 
0.0 
0.0 
0.0 
0.0 
49.767722986846536 
0.0 
0.0 
0.0 
0.0 
0.0 
0.0 
50.763117855210815 
0.0 
0.0 
0.0 
50.76772370438586 
49.76764983415423 
0.0 
0.0 
0.0 
0.0 
0.0 
0.0 
0.0 
0.0 
49.76772368258875 
0.0 
0.0 
0.0 
0.0 
0.0 
0.0 
0.0 
0.0 
0.0 
0.0 
0.0 
0.0 
0.0 
0.0 
0.0 
0.0 
0.0 
0.0 
0.0 
0.0 
0.0 
0.0 
0.0 
0.0 
0.0 
0.0 
0.0 
0.0 
0.0 
0.0 
50.7561006356085 
0.0 
0.0 
0.0 
0.0 
0.0 
0.0 
0.0 
0.0 
49.76770905356471 
0.0 
50.76539864572943 
49.76312066538639 
0.0 
0.0 
50.76540986693076 
0.0 
49.76771459927357 
0.0 
0.0 
0.0 
0.0 
50.76541716900426 
0.0 
0.0 
0.0 
50.765423345392534 
0.0 
0.0 
0.0 
0.0 
0.0 
0.0 
0.0 
0.0 
0.0 
0.0 
0.0 
0.0 
0.0 
0.0 
0.0 
0.0 
0.0 
0.0 
0.0 
0.0 
0.0 
0.0 
0.0 
0.0 
0.0 
0.0 
0.0 
0.0 
0.0 
0.0 
49.7677237754771 
0.0 
50.76542468237281 
50.76542468237281 
0.0 
0.0 
0.0 
0.0 
50.765424684394624 
0.0 
0.0 
0.0 
0.0 
49.76771459927357 
0.0 
0.0 
0.0 
49.76312066538639 
0.0 
0.0 
0.0 
0.0 
0.0 
0.0 
0.0 
0.0 
0.0 
0.0 
0.0 
50.76080848907901 
0.0 
49.76771459927357 
0.0 
0.0 
49.76754842101884 
0.0 
0.0 
0.0 
0.0 
0.0 
50.76541738142472 
0.0 
0.0 
0.0 
0.0 
0.0 
0.0 
0.0 
0.0 
0.0 
0.0 
0.0 
0.0 
0.0 
49.767723683171056 
0.0 
0.0 
51.34789419403518 
0.0 
0.0 
0.0 
0.0 
0.0 
0.0 
0.0 
49.7677237754771 
0.0 
0.0 
0.0 
0.0 
0.0 
0.0 
52.0859574560335 
52.0859574560335 
0.0 
0.0 
0.0 
50.765423345392534 
0.0 
0.0 
0.0 
49.767673301064875 
0.0 
51.34798408286635 
0.0 
51.76426661089845 
0.0 
0.0 
0.0 
50.765423345392534 
0.0 
0.0 
0.0 
49.76755829316253 
0.0 
0.0 
0.0 
0.0 
0.0 
0.0 
0.0 
0.0 
0.0 
0.0 
0.0 
0.0 
0.0 
0.0 
0.0 
0.0 
0.0 
0.0 
0.0 
0.0 
0.0 
0.0 
0.0 
0.0 
0.0 
0.0 
0.0 
49.767723683171056 
0.0 
52.348847450102866 
0.0 
0.0 
0.0 
0.0 
0.0 
0.0 
0.0 
0.0 
0.0 
0.0 
0.0 
0.0 
0.0 
0.0 
50.76080848907901 
0.0 
49.767709383386396 
0.0 
0.0 
0.0 
0.0 
0.0 
0.0 
0.0 
0.0 
0.0 
0.0 
49.76772128044024 
0.0 
0.0 
0.0 
0.0 
0.0 
0.0 
0.0 
0.0 
0.0 
0.0 
0.0 
0.0 
0.0 
0.0 
0.0 
0.0 
0.0 
0.0 
0.0 
50.76541734313776 
0.0 
0.0 
0.0 
0.0 
0.0 
0.0 
0.0 
0.0 
0.0 
0.0 
0.0 
51.34961711390439 
0.0 
0.0 
0.0 
49.76772368258875 
0.0 
0.0 
NaN
50.76541726407762 
50.765376846605214 
0.0 
50.765420100165805 
49.76770914631234 
0.0 
0.0 
0.0 
0.0 
50.763114457670554 
0.0 
0.0 
0.0 
0.0 
0.0 
0.0 
0.0 
0.0 
49.76772363314402 
49.76756000150266 
0.0 
0.0 
0.0 
49.76765692182399 
0.0 
0.0 
0.0 
49.767673301064875 
0.0 
0.0 
0.0 
49.76771459927357 
0.0 
0.0 
0.0 
0.0 
0.0 
0.0 
0.0 
0.0 
0.0 
0.0 
0.0 
0.0 
0.0 
0.0 
0.0 
0.0 
0.0 
0.0 
0.0 
0.0 
0.0 
0.0 
0.0 
0.0 
0.0 
0.0 
0.0 
0.0 
0.0 
0.0 
0.0 
0.0 
0.0 
0.0 
0.0 
0.0 
0.0 
51.349483323841106 
0.0 
49.76771459927357 
0.0 
0.0 
0.0 
0.0 
0.0 
0.0 
0.0 
0.0 
0.0 
0.0 
0.0 
0.0 
0.0 
0.0 
0.0 
0.0 
0.0 
0.0 
49.7677237754771 
0.0 
0.0 
0.0 
0.0 
0.0 
0.0 
0.0 
0.0 
0.0 
0.0 
0.0 
0.0 
0.0 
0.0 
0.0 
0.0 
0.0 
0.0 
0.0 
0.0 
0.0 
0.0 
0.0 
0.0 
0.0 
0.0 
0.0 
0.0 
0.0 
0.0 
0.0 
0.0 
0.0 
0.0 
0.0 
0.0 
0.0 
0.0 
0.0 
0.0 
0.0 
0.0 
0.0 
0.0 
0.0 
49.76772368258875 
0.0 
0.0 
0.0 
0.0 
0.0 
0.0 
0.0 
0.0 
0.0 
0.0 
0.0 
0.0 
49.76772388755012 
49.767673301064875 
0.0 
50.765410041407556 
0.0 
49.76772367929341 
0.0 
0.0 
0.0 
0.0 
0.0 
0.0 
0.0 
0.0 
0.0 
0.0 
50.76532975188097 
0.0 
0.0 
0.0 
0.0 
0.0 
0.0 
50.76542473091387 
50.765348398807795 
0.0 
0.0 
0.0 
49.76770905356471 
51.764266564261526 
0.0 
0.0 
0.0 
0.0 
0.0 
0.0 
49.767673301064875 
0.0 
0.0 
0.0 
0.0 
49.76754386058773 
0.0 
0.0 
0.0 
0.0 
0.0 
0.0 
0.0 
0.0 
0.0 
0.0 
0.0 
0.0 
0.0 
0.0 
49.767673301064875 
0.0 
0.0 
50.76541726407762 
50.765376846605214 
0.0 
50.765420100165805 
49.76770914631234 
0.0 
0.0 
0.0 
0.0 
0.0 
0.0 
0.0 
0.0 
0.0 
0.0 
50.765420151116345 
0.0 
0.0 
0.0 
52.571109115892035 
0.0 
0.0 
0.0 
0.0 
0.0 
0.0 
0.0 
51.3495956167664 
0.0 
0.0 
0.0 
0.0 
0.0 
0.0 
0.0 
0.0 
0.0 
0.0 
0.0 
0.0 
0.0 
0.0 
0.0 
0.0 
0.0 
0.0 
0.0 
0.0 
0.0 
0.0 
0.0 
0.0 
0.0 
50.765420151116345 
0.0 
0.0 
0.0 
0.0 
0.0 
0.0 
0.0 
0.0 
0.0 
0.0 
0.0 
0.0 
51.76426946926958 
51.34957825885179 
0.0 
49.767722986846536 
0.0 
0.0 
0.0 
0.0 
0.0 
0.0 
0.0 
50.76541714834781 
0.0 
0.0 
0.0 
0.0 
0.0 
0.0 
0.0 
0.0 
50.76541716900426 
0.0 
0.0 
0.0 
0.0 
0.0 
49.76772229369648 
0.0 
0.0 
0.0 
0.0 
0.0 
0.0 
0.0 
0.0 
0.0 
0.0 
0.0 
0.0 
0.0 
0.0 
0.0 
0.0 
0.0 
0.0 
0.0 
0.0 
0.0 
0.0 
49.76770914631234 
50.76080848907901 
0.0 
49.767709383386396 
0.0 
0.0 
0.0 
0.0 
0.0 
0.0 
0.0 
0.0 
0.0 
49.76767891149327 
49.76767891149327 
0.0 
0.0 
50.76540271679238 
49.767709383386396 
0.0 
0.0 
0.0 
0.0 
0.0 
0.0 
0.0 
0.0 
0.0 
0.0 
0.0 
0.0 
0.0 
50.765424337237356 
0.0 
0.0 
49.7677237754771 
0.0 
0.0 
52.34729813339321 
49.763112743785676 
0.0 
0.0 
0.0 
0.0 
0.0 
0.0 
0.0 
0.0 
0.0 
0.0 
0.0 
0.0 
0.0 
49.76772368258875 
0.0 
0.0 
50.763114457670554 
0.0 
0.0 
0.0 
50.76542090505824 
50.76542090505824 
0.0 
50.76539911902186 
50.763114457670554 
0.0 
0.0 
49.76772372574488 
0.0 
0.0 
0.0 
0.0 
0.0 
0.0 
0.0 
0.0 
0.0 
49.76770892517661 
0.0 
0.0 
0.0 
0.0 
0.0 
0.0 
0.0 
0.0 
0.0 
0.0 
0.0 
0.0 
0.0 
0.0 
0.0 
0.0 
0.0 
51.76426996473048 
49.76772252505 
0.0 
0.0 
0.0 
0.0 
0.0 
0.0 
0.0 
0.0 
0.0 
0.0 
0.0 
0.0 
0.0 
0.0 
0.0 
49.76771459927357 
0.0 
0.0 
0.0 
0.0 
0.0 
51.34962014676922 
0.0 
0.0 
0.0 
0.0 
0.0 
0.0 
0.0 
0.0 
0.0 
0.0 
0.0 
0.0 
0.0 
0.0 
0.0 
0.0 
50.763117759347 
0.0 
0.0 
0.0 
0.0 
0.0 
0.0 
0.0 
0.0 
0.0 
0.0 
0.0 
0.0 
0.0 
0.0 
51.76426661089845 
50.765420100165805 
0.0 
0.0 
49.76771459927357 
0.0 
0.0 
0.0 
0.0 
0.0 
0.0 
0.0 
0.0 
0.0 
0.0 
0.0 
0.0 
0.0 
0.0 
0.0 
0.0 
0.0 
0.0 
0.0 
0.0 
0.0 
0.0 
50.76539911902186 
0.0 
49.767651749299674 
0.0 
49.767722986846536 
0.0 
0.0 
49.76770914631234 
0.0 
0.0 
0.0 
49.7677237754771 
0.0 
0.0 
0.0 
0.0 
49.763121824802624 
49.76312210880057 
0.0 
0.0 
0.0 
0.0 
0.0 
0.0 
50.76531140705322 
0.0 
0.0 
51.34961507762837 
0.0 
0.0 
0.0 
0.0 
0.0 
0.0 
0.0 
0.0 
0.0 
51.34960004574871 
0.0 
49.76770909710274 
0.0 
0.0 
0.0 
0.0 
0.0 
0.0 
0.0 
0.0 
0.0 
0.0 
49.7677237754771 
0.0 
0.0 
0.0 
0.0 
0.0 
0.0 
0.0 
0.0 
0.0 
0.0 
0.0 
0.0 
0.0 
0.0 
0.0 
49.76772128044024 
0.0 
0.0 
0.0 
49.758324405635584 
0.0 
0.0 
0.0 
0.0 
0.0 
0.0 
0.0 
0.0 
0.0 
0.0 
0.0 
0.0 
50.76080848907901 
0.0 
0.0 
0.0 
0.0 
0.0 
0.0 
0.0 
0.0 
0.0 
0.0 
0.0 
0.0 
0.0 
0.0 
0.0 
0.0 
0.0 
0.0 
0.0 
0.0 
51.349597276962115 
0.0 
0.0 
0.0 
0.0 
0.0 
0.0 
0.0 
0.0 
0.0 
0.0 
50.76539911902186 
0.0 
0.0 
0.0 
0.0 
0.0 
0.0 
0.0 
0.0 
0.0 
0.0 
0.0 
0.0 
0.0 
49.76770905356471 
0.0 
0.0 
0.0 
49.76771459927357 
0.0 
0.0 
0.0 
49.76771459927357 
0.0 
0.0 
0.0 
0.0 
49.767709093445816 
0.0 
0.0 
0.0 
0.0 
0.0 
49.76772363314402 
0.0 
0.0 
0.0 
0.0 
50.76539911902186 
50.763114457670554 
0.0 
0.0 
0.0 
0.0 
0.0 
0.0 
0.0 
0.0 
0.0 
0.0 
0.0 
0.0 
0.0 
0.0 
0.0 
0.0 
0.0 
0.0 
0.0 
0.0 
0.0 
0.0 
0.0 
0.0 
0.0 
0.0 
0.0 
0.0 
0.0 
0.0 
0.0 
49.76771459927357 
0.0 
49.76770909710274 
0.0 
0.0 
0.0 
49.76743889620462 
0.0 
0.0 
0.0 
0.0 
0.0 
0.0 
0.0 
0.0 
0.0 
0.0 
0.0 
0.0 
0.0 
0.0 
0.0 
0.0 
0.0 
0.0 
0.0 
0.0 
0.0 
0.0 
0.0 
0.0 
0.0 
0.0 
0.0 
0.0 
0.0 
0.0 
0.0 
0.0 
50.763114703537916 
0.0 
0.0 
0.0 
0.0 
50.76541738142472 
0.0 
0.0 
0.0 
0.0 
0.0 
0.0 
0.0 
0.0 
0.0 
0.0 
51.76426661089845 
50.765420100165805 
0.0 
0.0 
49.767673301064875 
0.0 
49.76770803016498 
0.0 
0.0 
49.767722986846536 
0.0 
0.0 
0.0 
0.0 
0.0 
0.0 
0.0 
0.0 
0.0 
0.0 
51.34961507762837 
51.76426661089845 
0.0 
0.0 
49.76772363314402 
0.0 
0.0 
0.0 
0.0 
0.0 
0.0 
0.0 
0.0 
0.0 
0.0 
0.0 
49.767677054046544 
0.0 
0.0 
0.0 
0.0 
0.0 
0.0 
0.0 
0.0 
0.0 
0.0 
0.0 
0.0 
0.0 
0.0 
0.0 
0.0 
0.0 
51.764266564261526 
0.0 
0.0 
0.0 
0.0 
0.0 
49.767724250851835 
0.0 
0.0 
0.0 
0.0 
0.0 
0.0 
49.76772377219593 
0.0 
0.0 
0.0 
0.0 
0.0 
0.0 
0.0 
0.0 
0.0 
0.0 
0.0 
50.763122112940856 
0.0 
0.0 
0.0 
0.0 
50.76539911902186 
0.0 
0.0 
0.0 
0.0 
49.76312066538639 
0.0 
0.0 
0.0 
0.0 
0.0 
0.0 
0.0 
0.0 
0.0 
0.0 
0.0 
52.3473099557206 
0.0 
49.767694985776714 
49.76772377219593 
0.0 
0.0 
0.0 
0.0 
51.34959036745424 
50.765424730912876 
NaN
0.0 
0.0 
51.34807189779988 
0.0 
0.0 
0.0 
0.0 
0.0 
0.0 
0.0 
51.34961507762837 
0.0 
0.0 
49.758324405635584 
0.0 
0.0 
0.0 
49.76769489302198 
50.76532553929916 
0.0 
0.0 
49.76756000150266 
0.0 
0.0 
0.0 
0.0 
49.767673301064875 
0.0 
0.0 
0.0 
0.0 
0.0 
0.0 
0.0 
0.0 
0.0 
0.0 
0.0 
0.0 
49.767673301064875 
0.0 
0.0 
49.7677237754771 
50.76539911902186 
0.0 
0.0 
0.0 
0.0 
0.0 
49.76770905356471 
0.0 
50.76539864572943 
0.0 
0.0 
0.0 
0.0 
49.767673301064875 
0.0 
0.0 
0.0 
0.0 
0.0 
49.76770905356471 
51.764266564261526 
0.0 
0.0 
51.76426661089845 
52.57113270083407 
50.765348398807795 
0.0 
49.76309183041976 
0.0 
0.0 
0.0 
0.0 
0.0 
0.0 
0.0 
49.76772368258875 
0.0 
0.0 
0.0 
0.0 
0.0 
0.0 
0.0 
51.34961398217789 
0.0 
0.0 
0.0 
51.76426661089845 
0.0 
0.0 
0.0 
0.0 
0.0 
0.0 
0.0 
0.0 
0.0 
0.0 
50.765403087072045 
49.767694985776714 
0.0 
0.0 
0.0 
51.34648068187374 
0.0 
0.0 
0.0 
0.0 
0.0 
0.0 
0.0 
0.0 
0.0 
0.0 
0.0 
0.0 
0.0 
0.0 
51.349617031953336 
50.765348398807795 
0.0 
49.76309183041976 
49.76771459927357 
0.0 
0.0 
0.0 
0.0 
0.0 
0.0 
0.0 
51.76179747085069 
0.0 
0.0 
0.0 
0.0 
0.0 
0.0 
0.0 
0.0 
0.0 
50.763117759347 
0.0 
0.0 
0.0 
0.0 
0.0 
0.0 
0.0 
0.0 
0.0 
0.0 
0.0 
0.0 
52.08037950683336 
0.0 
0.0 
0.0 
0.0 
0.0 
0.0 
0.0 
0.0 
0.0 
0.0 
0.0 
0.0 
0.0 
49.767673301064875 
0.0 
0.0 
49.767700286685994 
0.0 
0.0 
0.0 
0.0 
0.0 
0.0 
0.0 
52.5711247822565 
0.0 
49.76772248099613 
0.0 
0.0 
0.0 
0.0 
0.0 
0.0 
0.0 
0.0 
0.0 
0.0 
0.0 
0.0 
0.0 
0.0 
51.349618392514536 
0.0 
0.0 
49.76772367929341 
0.0 
0.0 
0.0 
0.0 
0.0 
49.76771459927357 
0.0 
0.0 
49.76754842101884 
0.0 
50.76542477728942 
0.0 
0.0 
0.0 
0.0 
0.0 
0.0 
0.0 
0.0 
0.0 
0.0 
49.76772368258875 
0.0 
0.0 
0.0 
0.0 
50.76541048741814 
0.0 
0.0 
0.0 
0.0 
0.0 
49.76772368258875 
0.0 
0.0 
0.0 
0.0 
0.0 
0.0 
0.0 
0.0 
0.0 
NaN
0.0 
0.0 
50.76540570960136 
0.0 
0.0 
50.763114457670554 
0.0 
0.0 
0.0 
0.0 
50.76541048741814 
0.0 
0.0 
0.0 
49.767717014492014 
0.0 
0.0 
0.0 
0.0 
51.764259277770456 
50.763117855210815 
0.0 
0.0 
0.0 
0.0 
0.0 
0.0 
0.0 
51.34652765195046 
0.0 
0.0 
0.0 
0.0 
0.0 
0.0 
0.0 
0.0 
0.0 
0.0 
0.0 
0.0 
0.0 
0.0 
0.0 
0.0 
0.0 
0.0 
0.0 
0.0 
51.34961507762837 
0.0 
0.0 
0.0 
0.0 
0.0 
0.0 
0.0 
0.0 
49.767694985776714 
0.0 
0.0 
0.0 
0.0 
0.0 
0.0 
0.0 
0.0 
0.0 
0.0 
0.0 
0.0 
0.0 
0.0 
0.0 
0.0 
0.0 
0.0 
0.0 
0.0 
0.0 
0.0 
49.76771459927357 
52.569150391208616 
0.0 
0.0 
0.0 
0.0 
0.0 
0.0 
0.0 
0.0 
0.0 
0.0 
0.0 
0.0 
0.0 
0.0 
0.0 
0.0 
50.763114457670554 
0.0 
0.0 
51.34960093184432 
51.34960093184432 
0.0 
49.76772372902717 
0.0 
0.0 
0.0 
0.0 
49.76772363314402 
0.0 
0.0 
52.08596229731511 
0.0 
0.0 
0.0 
0.0 
0.0 
0.0 
0.0 
0.0 
0.0 
0.0 
0.0 
50.76542473077117 
49.7677237754771 
49.76772372574488 
50.76772375053679 
0.0 
0.0 
0.0 
0.0 
0.0 
0.0 
0.0 
0.0 
0.0 
0.0 
0.0 
0.0 
0.0 
0.0 
0.0 
0.0 
0.0 
0.0 
0.0 
51.349620210676235 
0.0 
0.0 
0.0 
0.0 
50.763114457670554 
0.0 
0.0 
49.76772372574488 
0.0 
0.0 
0.0 
0.0 
0.0 
0.0 
0.0 
0.0 
0.0 
51.34789419403518 
0.0 
50.763117855210815 
0.0 
0.0 
0.0 
0.0 
0.0 
0.0 
0.0 
0.0 
0.0 
51.349620025767834 
0.0 
0.0 
0.0 
0.0 
0.0 
0.0 
0.0 
49.76772128044024 
0.0 
0.0 
0.0 
0.0 
0.0 
0.0 
0.0 
52.08596587928264 
50.76312150445775 
0.0 
0.0 
0.0 
0.0 
0.0 
0.0 
0.0 
0.0 
0.0 
0.0 
0.0 
0.0 
0.0 
51.349617037169466 
0.0 
0.0 
0.0 
0.0 
0.0 
51.76311648959577 
0.0 
0.0 
0.0 
0.0 
0.0 
0.0 
0.0 
0.0 
0.0 
0.0 
0.0 
0.0 
0.0 
0.0 
0.0 
0.0 
0.0 
0.0 
0.0 
0.0 
50.765424730912876 
0.0 
0.0 
0.0 
0.0 
0.0 
0.0 
0.0 
50.765423345392534 
0.0 
0.0 
51.34961398217789 
0.0 
0.0 
0.0 
50.765424730912876 
0.0 
0.0 
0.0 
0.0 
0.0 
0.0 
0.0 
0.0 
0.0 
0.0 
0.0 
0.0 
0.0 
0.0 
51.75965367916361 
0.0 
49.767709383386396 
0.0 
49.767723964308956 
0.0 
0.0 
0.0 
0.0 
0.0 
0.0 
0.0 
0.0 
0.0 
0.0 
0.0 
0.0 
0.0 
0.0 
0.0 
0.0 
51.3496031110205 
0.0 
0.0 
50.76541726407762 
0.0 
0.0 
0.0 
49.76752957882113 
0.0 
0.0 
0.0 
0.0 
50.763117855210815 
0.0 
0.0 
49.76772377219593 
0.0 
0.0 
0.0 
0.0 
0.0 
0.0 
0.0 
0.0 
49.76762182449143 
0.0 
0.0 
49.76772252505 
0.0 
49.767694565349636 
49.76770905356471 
0.0 
51.76311648959577 
0.0 
0.0 
0.0 
0.0 
0.0 
0.0 
0.0 
0.0 
0.0 
0.0 
0.0 
0.0 
0.0 
0.0 
0.0 
0.0 
0.0 
0.0 
0.0 
0.0 
0.0 
0.0 
0.0 
0.0 
0.0 
50.76772370438586 
49.76764983415423 
0.0 
0.0 
0.0 
0.0 
50.765424852058366 
0.0 
0.0 
0.0 
0.0 
0.0 
0.0 
0.0 
0.0 
0.0 
0.0 
0.0 
0.0 
0.0 
50.76080848907901 
0.0 
0.0 
0.0 
0.0 
0.0 
0.0 
0.0 
50.76541696455832 
0.0 
50.765422692554495 
0.0 
0.0 
0.0 
49.767673301064875 
0.0 
0.0 
0.0 
0.0 
0.0 
0.0 
0.0 
0.0 
0.0 
0.0 
50.765424684394624 
0.0 
0.0 
0.0 
0.0 
0.0 
0.0 
51.349618392514536 
0.0 
0.0 
0.0 
0.0 
51.76426661089845 
50.765420100165805 
0.0 
0.0 
0.0 
0.0 
0.0 
0.0 
0.0 
51.34789419403518 
0.0 
0.0 
0.0 
0.0 
0.0 
0.0 
51.75730638985445 
0.0 
0.0 
0.0 
0.0 
0.0 
0.0 
0.0 
49.76770905356471 
0.0 
0.0 
50.765412800219615 
0.0 
0.0 
49.76770909710274 
0.0 
0.0 
0.0 
0.0 
0.0 
0.0 
0.0 
0.0 
49.76772128044024 
0.0 
0.0 
0.0 
0.0 
0.0 
0.0 
0.0 
0.0 
0.0 
0.0 
0.0 
49.76772368258875 
0.0 
0.0 
0.0 
0.0 
0.0 
0.0 
0.0 
0.0 
0.0 
0.0 
0.0 
0.0 
51.34652765195046 
0.0 
0.0 
0.0 
0.0 
0.0 
0.0 
0.0 
0.0 
0.0 
0.0 
0.0 
0.0 
0.0 
50.763117855210815 
0.0 
0.0 
0.0 
0.0 
0.0 
0.0 
0.0 
0.0 
0.0 
49.7677237754771 
0.0 
50.76539911902186 
0.0 
0.0 
0.0 
0.0 
0.0 
0.0 
49.76772377219593 
0.0 
0.0 
0.0 
0.0 
0.0 
49.76311370911735 
0.0 
0.0 
0.0 
0.0 
0.0 
0.0 
0.0 
50.763114457670554 
0.0 
0.0 
51.34961507762837 
51.34961507762837 
0.0 
0.0 
0.0 
0.0 
0.0 
0.0 
0.0 
0.0 
0.0 
0.0 
0.0 
0.0 
0.0 
0.0 
0.0 
0.0 
0.0 
0.0 
0.0 
0.0 
0.0 
0.0 
0.0 
0.0 
50.76540986693076 
0.0 
0.0 
0.0 
0.0 
0.0 
0.0 
0.0 
0.0 
0.0 
0.0 
0.0 
0.0 
0.0 
0.0 
0.0 
0.0 
0.0 
0.0 
0.0 
0.0 
0.0 
0.0 
0.0 
0.0 
0.0 
0.0 
0.0 
0.0 
0.0 
0.0 
0.0 
50.76539911902186 
0.0 
0.0 
0.0 
0.0 
50.763104019922 
0.0 
0.0 
0.0 
0.0 
0.0 
0.0 
0.0 
0.0 
49.76772396430801 
0.0 
49.76770803016498 
0.0 
0.0 
0.0 
50.765424730912876 
0.0 
0.0 
0.0 
0.0 
0.0 
0.0 
0.0 
50.765424684394624 
0.0 
0.0 
0.0 
0.0 
0.0 
0.0 
0.0 
0.0 
0.0 
0.0 
0.0 
0.0 
0.0 
0.0 
50.765424337237356 
0.0 
0.0 
0.0 
0.0 
0.0 
0.0 
49.76770803016498 
0.0 
0.0 
0.0 
0.0 
0.0 
0.0 
0.0 
0.0 
0.0 
50.76541021915639 
51.3496049302514 
0.0 
0.0 
0.0 
0.0 
49.76770892517661 
0.0 
0.0 
49.76772372902717 
0.0 
0.0 
0.0 
50.76542473091387 
50.765348398807795 
0.0 
0.0 
0.0 
49.767715080126635 
51.34957825885179 
0.0 
49.767722986846536 
0.0 
0.0 
0.0 
51.761946953507696 
0.0 
0.0 
0.0 
0.0 
0.0 
51.76420931863573 
0.0 
0.0 
0.0 
0.0 
0.0 
0.0 
0.0 
49.767709093445816 
0.0 
0.0 
0.0 
50.76541726407762 
51.76425897550458 
0.0 
0.0 
0.0 
0.0 
0.0 
0.0 
0.0 
0.0 
0.0 
0.0 
0.0 
51.34648068187374 
0.0 
0.0 
0.0 
0.0 
0.0 
0.0 
0.0 
0.0 
0.0 
0.0 
0.0 
0.0 
0.0 
0.0 
0.0 
0.0 
0.0 
0.0 
0.0 
0.0 
51.34961507762837 
0.0 
50.765420100165805 
0.0 
0.0 
0.0 
0.0 
49.76772368258875 
0.0 
0.0 
0.0 
0.0 
0.0 
0.0 
0.0 
0.0 
0.0 
0.0 
0.0 
0.0 
0.0 
0.0 
0.0 
0.0 
0.0 
0.0 
0.0 
0.0 
0.0 
0.0 
0.0 
0.0 
0.0 
0.0 
49.76772363314402 
0.0 
0.0 
49.76772368258875 
0.0 
49.767680359692484 
0.0 
0.0 
50.763114457670554 
0.0 
0.0 
0.0 
0.0 
49.7677237754771 
0.0 
0.0 
0.0 
0.0 
0.0 
50.765424337237356 
0.0 
0.0 
0.0 
49.767717057087324 
0.0 
0.0 
51.3495956167664 
0.0 
51.34648068187374 
0.0 
0.0 
0.0 
0.0 
0.0 
0.0 
0.0 
0.0 
0.0 
0.0 
0.0 
50.76539911902186 
0.0 
51.34955398605963 
49.76772372902717 
0.0 
50.763117855210815 
0.0 
0.0 
50.763114457670554 
50.763114457670554 
0.0 
0.0 
0.0 
0.0 
0.0 
0.0 
49.76765598067374 
49.7677237754771 
0.0 
0.0 
49.76311370911735 
49.767634549464745 
0.0 
0.0 
0.0 
0.0 
0.0 
0.0 
0.0 
0.0 
0.0 
0.0 
0.0 
0.0 
0.0 
0.0 
0.0 
0.0 
0.0 
0.0 
0.0 
49.76312066538639 
0.0 
0.0 
0.0 
0.0 
0.0 
51.34962017974209 
0.0 
0.0 
0.0 
0.0 
0.0 
0.0 
0.0 
0.0 
49.767709093445816 
0.0 
0.0 
0.0 
0.0 
0.0 
0.0 
0.0 
0.0 
0.0 
0.0 
50.76080848907901 
0.0 
0.0 
0.0 
0.0 
0.0 
0.0 
0.0 
51.34648068187374 
0.0 
0.0 
0.0 
0.0 
0.0 
0.0 
0.0 
0.0 
0.0 
0.0 
0.0 
0.0 
0.0 
0.0 
0.0 
0.0 
0.0 
0.0 
0.0 
49.7677237754771 
49.7677237754771 
0.0 
50.763114457670554 
0.0 
0.0 
0.0 
0.0 
0.0 
0.0 
0.0 
0.0 
0.0 
0.0 
0.0 
0.0 
0.0 
0.0 
0.0 
0.0 
0.0 
49.76757736553391 
0.0 
0.0 
0.0 
0.0 
0.0 
0.0 
50.76533089348195 
0.0 
0.0 
0.0 
0.0 
0.0 
0.0 
0.0 
0.0 
0.0 
0.0 
0.0 
0.0 
51.34648068187374 
0.0 
0.0 
0.0 
49.76772372574488 
49.7677237754771 
0.0 
0.0 
0.0 
0.0 
52.34730589414486 
0.0 
0.0 
0.0 
0.0 
0.0 
0.0 
0.0 
0.0 
0.0 
0.0 
0.0 
0.0 
0.0 
0.0 
0.0 
0.0 
49.76772377219593 
0.0 
0.0 
0.0 
0.0 
50.765409994956684 
0.0 
0.0 
0.0 
0.0 
0.0 
0.0 
0.0 
0.0 
50.765424730912876 
0.0 
0.0 
0.0 
0.0 
0.0 
0.0 
0.0 
0.0 
50.76310743692736 
0.0 
0.0 
0.0 
0.0 
0.0 
0.0 
0.0 
0.0 
0.0 
0.0 
0.0 
50.765424730912876 
0.0 
52.08411285385941 
0.0 
0.0 
0.0 
0.0 
0.0 
0.0 
0.0 
0.0 
0.0 
49.76772368258875 
0.0 
0.0 
0.0 
0.0 
0.0 
0.0 
0.0 
0.0 
0.0 
0.0 
0.0 
0.0 
51.34961507762837 
0.0 
0.0 
0.0 
0.0 
0.0 
0.0 
49.76772252505 
0.0 
0.0 
0.0 
0.0 
0.0 
0.0 
0.0 
0.0 
0.0 
50.765424615349474 
52.3448660815622 
0.0 
0.0 
50.763117855210815 
0.0 
0.0 
0.0 
0.0 
0.0 
0.0 
0.0 
0.0 
0.0 
0.0 
0.0 
0.0 
0.0 
0.0 
0.0 
0.0 
51.3495956167664 
0.0 
0.0 
0.0 
0.0 
49.76772252505 
0.0 
0.0 
0.0 
0.0 
0.0 
0.0 
0.0 
52.341090843859554 
0.0 
0.0 
0.0 
0.0 
50.76541724776066 
0.0 
0.0 
0.0 
51.76426661089845 
0.0 
49.76771482481039 
0.0 
0.0 
50.76539911902186 
0.0 
50.76541728656391 
0.0 
51.34959456677968 
0.0 
0.0 
49.76771459927357 
0.0 
0.0 
0.0 
49.76771459927357 
0.0 
0.0 
0.0 
0.0 
0.0 
0.0 
0.0 
0.0 
0.0 
0.0 
0.0 
0.0 
0.0 
0.0 
0.0 
49.7676949471879 
0.0 
0.0 
0.0 
0.0 
0.0 
0.0 
0.0 
0.0 
0.0 
0.0 
49.7677237754771 
0.0 
0.0 
0.0 
0.0 
0.0 
51.76311648959577 
0.0 
0.0 
0.0 
0.0 
0.0 
0.0 
50.76541734313776 
0.0 
0.0 
0.0 
49.76772368258875 
0.0 
0.0 
0.0 
0.0 
0.0 
0.0 
0.0 
0.0 
0.0 
0.0 
49.767673301064875 
0.0 
0.0 
0.0 
0.0 
0.0 
0.0 
0.0 
0.0 
0.0 
0.0 
0.0 
0.0 
0.0 
0.0 
0.0 
0.0 
0.0 
0.0 
0.0 
0.0 
0.0 
0.0 
0.0 
0.0 
0.0 
0.0 
0.0 
0.0 
0.0 
0.0 
0.0 
0.0 
0.0 
0.0 
0.0 
0.0 
0.0 
0.0 
0.0 
0.0 
0.0 
0.0 
0.0 
49.76770905356471 
0.0 
0.0 
0.0 
0.0 
50.76542463614472 
51.75612601232288 
0.0 
0.0 
0.0 
0.0 
0.0 
0.0 
0.0 
0.0 
0.0 
0.0 
0.0 
0.0 
0.0 
0.0 
0.0 
0.0 
0.0 
49.76772368258875 
0.0 
0.0 
0.0 
0.0 
0.0 
0.0 
0.0 
0.0 
0.0 
49.767680359692484 
0.0 
49.76772377219593 
0.0 
0.0 
0.0 
0.0 
0.0 
0.0 
0.0 
0.0 
0.0 
0.0 
0.0 
0.0 
0.0 
0.0 
0.0 
0.0 
0.0 
0.0 
0.0 
0.0 
0.0 
0.0 
0.0 
0.0 
0.0 
0.0 
0.0 
0.0 
0.0 
0.0 
0.0 
0.0 
0.0 
0.0 
0.0 
0.0 
0.0 
0.0 
0.0 
0.0 
0.0 
0.0 
0.0 
0.0 
0.0 
0.0 
49.767723682873694 
0.0 
0.0 
0.0 
0.0 
0.0 
0.0 
0.0 
0.0 
0.0 
0.0 
0.0 
0.0 
0.0 
50.76540986693076 
0.0 
0.0 
0.0 
0.0 
0.0 
49.76771459927357 
0.0 
0.0 
49.76764955959473 
0.0 
0.0 
0.0 
0.0 
50.76533304536143 
0.0 
0.0 
0.0 
0.0 
0.0 
0.0 
0.0 
0.0 
0.0 
0.0 
0.0 
0.0 
0.0 
0.0 
0.0 
0.0 
0.0 
0.0 
49.767724250851835 
0.0 
0.0 
0.0 
0.0 
0.0 
0.0 
0.0 
0.0 
0.0 
49.76752957882113 
0.0 
51.34635437601272 
0.0 
0.0 
0.0 
0.0 
0.0 
0.0 
0.0 
0.0 
50.765423345392534 
0.0 
0.0 
0.0 
49.76772377219593 
0.0 
50.763117855210815 
0.0 
0.0 
0.0 
49.767722986846536 
0.0 
0.0 
0.0 
50.76308899376095 
0.0 
0.0 
0.0 
0.0 
49.76771459927357 
0.0 
50.763114457670554 
0.0 
0.0 
0.0 
0.0 
0.0 
0.0 
0.0 
0.0 
0.0 
0.0 
0.0 
0.0 
0.0 
0.0 
50.765423345392534 
0.0 
49.76769272255967 
0.0 
0.0 
0.0 
0.0 
0.0 
51.34652765195046 
0.0 
49.76770914631234 
0.0 
0.0 
0.0 
0.0 
0.0 
0.0 
0.0 
0.0 
0.0 
0.0 
0.0 
0.0 
0.0 
0.0 
0.0 
0.0 
0.0 
0.0 
0.0 
0.0 
0.0 
0.0 
0.0 
0.0 
0.0 
0.0 
0.0 
0.0 
0.0 
49.76772128044024 
0.0 
0.0 
0.0 
0.0 
50.76541734313776 
0.0 
0.0 
0.0 
0.0 
0.0 
0.0 
0.0 
0.0 
0.0 
0.0 
0.0 
0.0 
0.0 
0.0 
0.0 
0.0 
0.0 
0.0 
0.0 
0.0 
0.0 
49.76772128044024 
0.0 
0.0 
0.0 
0.0 
0.0 
0.0 
0.0 
0.0 
0.0 
0.0 
49.76772368258875 
0.0 
0.0 
0.0 
0.0 
0.0 
0.0 
0.0 
0.0 
0.0 
0.0 
0.0 
0.0 
0.0 
0.0 
49.76772359041619 
0.0 
0.0 
0.0 
0.0 
0.0 
0.0 
0.0 
0.0 
0.0 
0.0 
0.0 
0.0 
0.0 
0.0 
0.0 
0.0 
0.0 
0.0 
0.0 
0.0 
0.0 
0.0 
0.0 
0.0 
0.0 
0.0 
0.0 
0.0 
0.0 
0.0 
0.0 
0.0 
0.0 
49.76765598067374 
49.7677237754771 
0.0 
50.76542465903482 
0.0 
0.0 
0.0 
0.0 
52.08596229731511 
0.0 
0.0 
0.0 
0.0 
0.0 
0.0 
0.0 
0.0 
0.0 
0.0 
0.0 
0.0 
0.0 
0.0 
0.0 
0.0 
49.76770905356471 
0.0 
0.0 
0.0 
0.0 
0.0 
49.767441445023 
49.767441445023 
0.0 
0.0 
49.767722986846536 
0.0 
0.0 
0.0 
0.0 
0.0 
0.0 
0.0 
50.76541287041956 
49.76764983415423 
0.0 
49.76766502689606 
0.0 
0.0 
0.0 
0.0 
0.0 
0.0 
0.0 
0.0 
0.0 
0.0 
0.0 
0.0 
0.0 
0.0 
0.0 
0.0 
0.0 
0.0 
0.0 
0.0 
0.0 
0.0 
0.0 
0.0 
0.0 
0.0 
0.0 
0.0 
0.0 
0.0 
0.0 
0.0 
0.0 
0.0 
0.0 
0.0 
0.0 
0.0 
0.0 
0.0 
0.0 
0.0 
0.0 
0.0 
0.0 
0.0 
0.0 
0.0 
0.0 
0.0 
0.0 
0.0 
0.0 
0.0 
0.0 
0.0 
0.0 
0.0 
0.0 
0.0 
0.0 
0.0 
49.76772396430801 
0.0 
0.0 
0.0 
0.0 
0.0 
0.0 
0.0 
0.0 
49.7677237754771 
0.0 
0.0 
0.0 
0.0 
0.0 
0.0 
0.0 
0.0 
0.0 
0.0 
0.0 
0.0 
0.0 
0.0 
0.0 
0.0 
0.0 
0.0 
0.0 
0.0 
0.0 
0.0 
0.0 
0.0 
0.0 
0.0 
0.0 
0.0 
0.0 
0.0 
0.0 
0.0 
0.0 
0.0 
0.0 
49.767679935525926 
0.0 
0.0 
0.0 
0.0 
50.765279952452254 
0.0 
0.0 
0.0 
0.0 
0.0 
0.0 
0.0 
0.0 
0.0 
0.0 
0.0 
0.0 
0.0 
0.0 
0.0 
0.0 
0.0 
49.76772372902717 
0.0 
50.76541726442178 
49.76765090434828 
0.0 
0.0 
0.0 
0.0 
0.0 
0.0 
0.0 
0.0 
0.0 
0.0 
0.0 
0.0 
0.0 
0.0 
0.0 
0.0 
0.0 
0.0 
0.0 
0.0 
0.0 
0.0 
50.76542436028747 
0.0 
0.0 
0.0 
0.0 
0.0 
0.0 
0.0 
0.0 
0.0 
0.0 
0.0 
0.0 
0.0 
0.0 
0.0 
0.0 
0.0 
0.0 
0.0 
0.0 
0.0 
0.0 
0.0 
0.0 
0.0 
0.0 
0.0 
0.0 
0.0 
0.0 
0.0 
49.7677237754771 
0.0 
0.0 
0.0 
0.0 
0.0 
0.0 
0.0 
0.0 
0.0 
0.0 
0.0 
0.0 
0.0 
0.0 
0.0 
0.0 
0.0 
0.0 
0.0 
0.0 
0.0 
0.0 
49.76771482481039 
0.0 
0.0 
50.76542018187777 
52.57110153416493 
49.7677237754771 
0.0 
0.0 
0.0 
0.0 
0.0 
0.0 
0.0 
0.0 
0.0 
0.0 
0.0 
0.0 
49.76771459927357 
49.76772358654329 
0.0 
0.0 
51.7642694020013 
0.0 
0.0 
0.0 
0.0 
0.0 
0.0 
51.76311648959577 
50.765424805900054 
0.0 
0.0 
0.0 
0.0 
0.0 
0.0 
49.767702705519916 
0.0 
0.0 
50.76540563583644 
0.0 
51.764271720471875 
52.56710591962909 
0.0 
0.0 
0.0 
0.0 
0.0 
0.0 
0.0 
0.0 
NaN
0.0 
0.0 
NaN
NaN
NaN
0.0 
NaN
0.0 
0.0 
0.0 
0.0 
0.0 
0.0 
0.0 
0.0 
0.0 
NaN
NaN
0.0 
0.0 
NaN
NaN
NaN
NaN
0.0 
NaN
0.0 
0.0 
NaN
NaN
NaN
50.76772365808333 
0.0 
NaN
NaN
NaN
0.0 
NaN
0.0 
NaN
0.0 
0.0 
0.0 
NaN
NaN
NaN
NaN
NaN
NaN
0.0 
0.0 
0.0 
50.76542436028747 
NaN
NaN
NaN
0.0 
NaN
NaN
0.0 
NaN
NaN
0.0 
NaN
0.0 
0.0 
0.0 
NaN
NaN
NaN
NaN
NaN
NaN
NaN
NaN
NaN
0.0 
NaN
NaN
0.0 
0.0 
0.0 
0.0 
NaN
NaN
NaN
0.0 
0.0 
0.0 
0.0 
NaN
NaN
NaN
NaN
NaN
0.0 
NaN
NaN
NaN
0.0 
NaN
NaN
NaN
NaN
51.34640784412167 
0.0 
0.0 
0.0 
NaN
NaN
NaN
0.0 
NaN
NaN
0.0 
51.764270185866266 
NaN
