59.68929795986052 
59.899670453297816 
59.89005641605946 
59.8827072082004 
59.704349023908016 
59.89487961916187 
59.70071470148571 
59.8927481303777 
59.21005028309761 
59.696199287769225 
59.47414775970847 
59.884740470086065 
59.89015275141214 
59.69470706471096 
59.87870556782028 
59.47505740086486 
59.90000224546827 
59.8797764816582 
59.88814399840008 
59.47780577594067 
59.895400448112305 
59.68309328178378 
59.6838191106454 
59.88344252890092 
59.47401642205387 
59.893351682023535 
59.888431484091555 
59.89582056501637 
59.886407366480306 
59.696743254519355 
59.68600636865837 
59.89715580216802 
59.899607082589654 
59.70553621078148 
59.884222252431364 
58.46636114614266 
59.6955324220062 
59.877092976459146 
59.88561407952125 
59.69107505853747 
59.45040211219491 
59.89413169712979 
59.684686645773525 
59.19492514322863 
59.88831356807842 
59.69216401106013 
59.69688498513575 
59.885046624708316 
59.47150806862153 
59.6830281694758 
59.88818041218094 
58.880167598815916 
59.696591423721664 
59.67613937394827 
59.88482164394262 
59.881334190721304 
59.87507395017622 
59.4586801960286 
59.90012765092713 
59.89587833145294 
59.68226700345983 
59.88248199851407 
59.87858792047549 
59.473316662004294 
59.89715580216802 
59.45865837892949 
59.8814399031108 
59.879819810755734 
59.87850135033625 
59.687086066878244 
59.89522280448753 
59.88955334832638 
59.88717273002283 
59.8850288290415 
58.88358181573541 
59.69495612404787 
59.46570063351853 
59.899209996647606 
59.68862165178507 
59.894530704928904 
59.8991293201123 
59.895411780562064 
59.88753471342102 
59.89004286794587 
59.887370013938316 
59.89581844359409 
59.88996908391805 
59.89690126966676 
59.88987954003515 
59.67490252907837 
59.89303904991843 
59.89912245129262 
59.88333479880387 
59.893855711801066 
59.88861433892522 
59.89237446705646 
59.7015890219469 
59.894893843477995 
59.899154399670216 
59.89342224324183 
