51.57705068664287 
51.57862517107939 
51.57859084073639 
51.578628903112424 
51.57270632350555 
51.578597515480205 
51.57490779849736 
51.5785920043587 
51.346812011143555 
51.57481376102607 
51.3554536132608 
51.57852798361913 
51.57857304906653 
51.572650989487364 
51.578586460864365 
51.56891419903051 
51.578629061455175 
51.57857785939299 
51.57856232825496 
51.57405851016982 
51.578626567163006 
51.577000463269655 
51.57473751220469 
51.57852798361913 
51.3554536132608 
51.57861486769667 
51.57856327401648 
51.57860210191333 
51.578543402137726 
51.56958719980082 
51.57702683947032 
51.57862640531308 
51.57862886524783 
51.5756583562447 
51.578531692013954 
50.76657423170524 
51.57556693324321 
51.578501977060334 
51.57852926046583 
51.57706654828409 
51.57699264082816 
51.57858922150501 
51.57707537927544 
51.08511349960183 
51.578572267474826 
51.57858272170497 
51.57340899608363 
51.57862584674702 
51.5770947236381 
51.57035830035264 
51.57857160857387 
50.76656566476235 
51.57042401870774 
51.57709946268828 
51.5785711017386 
51.5785311486668 
51.57850841310243 
51.35288077815663 
51.578629061455175 
51.578628903112424 
51.57627664448456 
51.57853268433441 
51.578548347913426 
51.352856699941675 
51.57862640531308 
51.57184710615395 
51.57854984679391 
51.578506075914724 
51.57855617567348 
51.57853133529315 
51.57860705970535 
51.57860716182238 
51.57862517107939 
51.57856017733214 
51.085148062107734 
51.56957553175267 
51.5748389111001 
51.57862236098332 
51.57705754069676 
51.57861537538761 
51.57862517107939 
51.57859852697846 
51.57854862011094 
51.57855683741934 
51.578554027885694 
51.5786262785976 
51.57856596535633 
51.57861537538761 
51.57859737842267 
51.575486773288 
51.57858707074481 
51.578621196082054 
51.57852955462731 
51.57858035200345 
51.57860373046719 
51.578574320218976 
51.57862836411931 
51.57859852697846 
51.57862517107939 
51.57859660472187 
