49.52712356849483 
49.52915404888021 
49.52909999826676 
49.52916162611275 
49.52164582766774 
49.52911019538757 
49.52443060769657 
49.529101233725406 
49.29479352413647 
49.524281011134384 
49.30575964980707 
49.52899807692359 
49.529069458981894 
49.52155471344625 
49.5290922241783 
49.51680156111054 
49.529161947449786 
49.52907810758215 
49.52905327999443 
49.52331691931569 
49.52915688663711 
49.52704283271258 
49.524157491070426 
49.52899807692359 
49.30575964980707 
49.529137600653854 
49.529054086418704 
49.52911727385481 
49.52902267066057 
49.51763330367726 
49.52708521491403 
49.52915655627252 
49.529161548941715 
49.5253875639754 
49.52900337249165 
48.71581673078139 
49.5252399447328 
49.52895534401254 
49.52899954291027 
49.527150182988514 
49.52703030529495 
49.52909558738914 
49.52716475444602 
49.03343779809546 
49.5290701043893 
49.52908685982019 
49.52252296178377 
49.52915541778091 
49.52719396750014 
49.51862080109878 
49.52906653727121 
48.715803190188204 
49.518727410967394 
49.52720360396518 
49.529066632326064 
49.52900115249304 
49.52896504341511 
49.302500838612204 
49.529161947449786 
49.52916162611275 
49.526129780750274 
49.52900537871384 
49.52903048146313 
49.302463730307075 
49.52915655627252 
49.520513589095124 
49.52903241728676 
49.528962541945916 
49.529044137917346 
49.52900264680357 
49.529123974756764 
49.529125302402896 
49.52915404888021 
49.52905003088335 
49.033492408295636 
49.51761407750217 
49.524322024352074 
49.52914833745807 
49.52713413114592 
49.529138628434374 
49.52915404888021 
49.52911225104898 
49.52903215053577 
49.52904211898238 
49.5290397812497 
49.52915630110539 
49.52905730159507 
49.529138628434374 
49.52910990847249 
49.52511182882618 
49.52909234353081 
49.529145967975744 
49.52900014799741 
49.52907980215516 
49.529120573011944 
49.52906978948349 
49.5291605329514 
49.52911225104898 
49.52915404888021 
49.52910723254059 
