0.0 
0.0 
0.0 
0.0 
0.0 
0.0 
40.132857217764595 
0.0 
0.0 
0.0 
0.0 
0.0 
0.0 
0.0 
0.0 
0.0 
0.0 
0.0 
0.0 
0.0 
0.0 
0.0 
0.0 
39.14066022846571 
0.0 
0.0 
40.133090201720684 
0.0 
0.0 
0.0 
0.0 
0.0 
0.0 
39.14066022846571 
40.133090201720684 
0.0 
39.14066022846571 
0.0 
39.14066022846571 
0.0 
39.14066022846571 
0.0 
0.0 
0.0 
39.139860100079495 
0.0 
0.0 
0.0 
0.0 
39.13972711051777 
0.0 
0.0 
0.0 
0.0 
0.0 
0.0 
0.0 
0.0 
0.0 
0.0 
0.0 
0.0 
0.0 
0.0 
0.0 
0.0 
40.097728206514276 
0.0 
0.0 
0.0 
0.0 
0.0 
0.0 
0.0 
0.0 
0.0 
0.0 
0.0 
0.0 
0.0 
0.0 
0.0 
0.0 
0.0 
0.0 
0.0 
0.0 
0.0 
0.0 
0.0 
0.0 
0.0 
0.0 
0.0 
0.0 
0.0 
0.0 
0.0 
39.141212478315 
0.0 
0.0 
