52.571118864099276 
52.57113137998316 
52.571131355215 
52.57113516240816 
52.571131355215 
52.57113137998316 
52.57113137998316 
52.57113516240816 
52.57113516240816 
52.57113143612365 
52.571131355215 
52.57113137998316 
52.57113137998316 
52.571131280690395 
52.571131355215 
52.571131280690395 
52.57112762893852 
52.571131355215 
52.57113516240816 
52.57113137998316 
52.571131280690395 
52.57113516240816 
52.56979145817483 
52.571127115301955 
52.57113516240816 
52.57113516240816 
52.57113516240816 
52.57113137332904 
52.57113136318797 
52.57113137998316 
52.57113516240816 
52.57113143612365 
52.57113143612365 
52.57113143612365 
52.57113516240816 
52.57113516240816 
52.57113137998316 
52.57113516240816 
52.57113516240816 
52.571052183587085 
52.57113516240816 
52.57113143612365 
52.57113143612365 
52.57113516240816 
52.571131280690395 
52.57113137998316 
52.57113516240816 
52.57113516240816 
52.57112720319792 
52.57113480508973 
52.571131280690395 
52.571131355215 
52.57113516240816 
52.57113516240816 
52.57113516240816 
52.57113516240816 
52.57113516240816 
52.57113516240816 
52.56980249481668 
52.571131355215 
52.57113516240816 
52.571131355215 
52.57113516240816 
52.57113143612365 
52.571131355215 
52.571131280690395 
52.57113516240816 
52.57113516240816 
52.571114848134634 
52.57113137998316 
52.57113095702637 
52.571131280690395 
52.571131355215 
52.57113516240816 
52.57113137998316 
52.57113516240816 
52.571131355215 
52.57113516240816 
52.57113516240816 
52.571118844547925 
52.571131328810964 
52.57113142949073 
52.57113137998316 
52.57113516240816 
52.57113143612365 
52.57113516240816 
52.57113137998316 
52.57113516240816 
52.57113143612365 
52.571114848134634 
52.57113137998316 
52.57113095702637 
52.571131280690395 
52.57113143612365 
52.57113137998316 
52.571131355215 
52.57113516240816 
52.57113137998316 
52.57113516240816 
52.57113516240816 
52.57113143612365 
