52.57113086270319 
52.34637740225256 
52.085005567735756 
52.34186054023472 
52.56764452516696 
52.559117776431876 
52.566336979732746 
52.56445165463707 
52.56641041262286 
52.33246196805471 
52.57103614099649 
52.56027941450707 
52.569646539062255 
52.56978168451077 
52.07843719836278 
52.3363189234356 
52.56914541224376 
52.56503865849703 
52.57104126930748 
52.56640352418547 
52.571134731210655 
52.344924788560746 
52.344897599311906 
52.56839335398193 
50.75849555433841 
52.57109131439292 
52.56976680508518 
52.56773939954316 
52.34334015238771 
52.33632842223851 
52.56639194666243 
52.34101483668721 
52.56765870348317 
52.34488181629354 
52.334159402669506 
52.07460702629041 
52.34254692649715 
52.571019610415554 
52.34645115592124 
52.07652161733067 
52.569814189269394 
52.07840363645684 
52.34259139214143 
52.34644999702537 
52.56315390262306 
52.341813260257844 
52.34644276319722 
52.56509803577045 
52.339481309632006 
52.56572664814101 
52.56978287128256 
52.5698057503459 
52.56773955348236 
52.084993815944884 
52.08219359775297 
52.5631098907397 
52.57096906128187 
52.56490234670961 
52.5684168533952 
52.569066449714235 
52.57112691640356 
52.066314800055586 
52.340143904577204 
52.57098032062059 
52.34568915973876 
52.34560449942935 
52.5684059086636 
52.569138749281805 
52.569767253841604 
52.56845131734221 
52.57104936550684 
52.567834114938854 
52.57107537067741 
52.561002848279486 
52.3449178343092 
52.346458122814894 
52.56177366395072 
52.344152038593464 
52.57103742138271 
51.76065319971863 
52.06828308234061 
52.56306278645463 
51.757224062571225 
51.76064688511481 
52.570969005770664 
52.08313372470453 
52.344878301955426 
52.34800574585357 
52.56701829431267 
52.56647438038634 
52.340069969203185 
52.55973127650858 
52.57099178673246 
52.56841336250075 
52.565064362936546 
52.33951018433446 
52.5677307339896 
52.562357299100384 
52.34648749965167 
52.33096866744089 
