51.19137535232434 
50.61021135478708 
51.41248642271305 
51.417172034550426 
51.405754739412075 
51.18701805365851 
51.41940570094097 
51.42089375773833 
51.19138732343127 
51.407255366835535 
51.194007731217695 
50.92232291196062 
51.17623726599831 
51.41555647270356 
51.41939276388321 
51.18946848378975 
50.92459700077868 
50.92457122740945 
51.41245498985337 
51.406539255693644 
51.19580322357896 
51.422394689525966 
51.4163202263723 
50.59182413392636 
51.18591038544131 
51.184817583422394 
51.40551254312662 
51.414923771623876 
51.41638083139418 
51.1974563762021 
50.923504152116486 
51.41799928585731 
50.92347001592716 
51.417088907237456 
51.416973395959765 
51.4178485159846 
51.42096599679411 
51.422363394659946 
51.414074107233 
51.19738626352597 
51.413266740918395 
51.41716746498484 
51.411696566666066 
51.41940894518381 
50.9193416259656 
51.195595218472725 
51.19852324845485 
51.4094689565099 
51.419272106622735 
51.41786122184656 
51.187497176581715 
50.92343431700493 
51.4141037061347 
51.41092989749781 
51.411042140624026 
51.418675060588974 
51.19219014096362 
51.42086693965484 
51.41940212542108 
51.419402008729975 
51.41866445167917 
51.18783598321865 
51.1912274163659 
51.187821409246226 
51.41182635772142 
50.92567408605491 
51.411748132430404 
51.415534543003936 
51.404129019324046 
51.41177644061398 
51.408712255892084 
51.41406073125738 
51.42019662442065 
51.41269563058634 
51.414124073834856 
51.42095257784451 
51.1867810450417 
50.929959102731026 
51.19404242500274 
51.40576175862136 
50.60094722344858 
51.417915986949296 
51.19129612675567 
51.407270282077086 
51.420947116432394 
51.19565274060362 
51.17257818048604 
51.41185474862824 
51.417894162848796 
51.41938108731251 
51.40810868443387 
51.192166908030366 
51.41168045683594 
51.185191637565886 
51.41263242885936 
51.199358245465014 
51.422496024392295 
51.417881404886536 
51.41727440235944 
51.185094682444294 
51.422341101042605 
