51.42257690710853 
51.42257690710853 
51.42257124114771 
51.42257690710853 
51.422571272004575 
51.422393239901815 
51.42257644297299 
51.42257112426899 
51.42257690710853 
51.42257690710853 
51.4225713519029 
51.42256568595985 
51.422571272004575 
51.42257690710853 
51.422571272004575 
51.422571272004575 
51.42257690710853 
51.4225713519029 
51.42257690710853 
51.42257124114771 
51.4225713519029 
51.42257690710853 
51.42257690710853 
51.42257124114771 
51.42257690710853 
51.42105598640025 
51.42257690710853 
51.42257690710853 
51.42257124114771 
51.422571272004575 
51.42257690710853 
51.42257690710853 
51.42257124114771 
51.42257690710853 
51.42257690710853 
51.42257124114771 
51.42257690710853 
51.42257690710853 
51.42257124114771 
51.42257690710853 
51.42257690710853 
51.42257690710853 
51.42257124114771 
51.42257690710853 
51.42257690710853 
51.193756967603015 
51.422503405268465 
51.42257690710853 
51.42257112426899 
51.42257690710853 
51.42257690710853 
51.42257690710853 
51.42257690710853 
51.42257690710853 
51.42257112426899 
51.42257690710853 
51.422571272004575 
51.422571272004575 
51.42257690710853 
51.42242734373216 
51.42257690710853 
51.42257112426899 
51.422571272004575 
51.42257690710853 
51.422571272004575 
51.42257112426899 
51.42257124114771 
51.42257690710853 
51.42257690710853 
51.422571272004575 
51.42257690710853 
51.4225713519029 
51.42257690710853 
51.42257690710853 
51.42257690710853 
51.42257690710853 
51.42257690710853 
51.42257690710853 
51.42257690710853 
51.42257690710853 
51.42257690710853 
51.42257690710853 
51.19563611627403 
51.42257690710853 
51.42257690710853 
51.42257690710853 
51.42257690710853 
51.42257112426899 
51.42257690710853 
51.42257690710853 
51.422571272004575 
51.42257690710853 
51.42257690710853 
51.42257690710853 
51.42257690710853 
51.42257690710853 
51.42257690710853 
51.42257690710853 
51.42257690710853 
51.42257112426899 
51.42257690710853 
