46.34356637538288 
46.34356637538288 
46.34353490534058 
46.34356637538288 
46.34353531383102 
46.34037612459814 
46.343564153769265 
46.34353594317686 
46.34356637538288 
46.34356637538288 
46.3435361192144 
46.34350464968057 
46.34353531383102 
46.34356637538288 
46.34353531383102 
46.34353531383102 
46.34356637538288 
46.3435361192144 
46.34356637538288 
46.34353490534058 
46.3435361192144 
46.34356637538288 
46.34356637538288 
46.34353490534058 
46.34356637538288 
46.34349921266035 
46.34356637538288 
46.34356637538288 
46.34353490534058 
46.34353531383102 
46.34356637538288 
46.34356637538288 
46.34353490534058 
46.34356637538288 
46.34356637538288 
46.34353490534058 
46.34356637538288 
46.34356637538288 
46.34353490534058 
46.34356637538288 
46.34356637538288 
46.34356637538288 
46.34353490534058 
46.34356637538288 
46.34356637538288 
46.33807851078722 
46.34326397227546 
46.34356637538288 
46.34353594317686 
46.34356637538288 
46.34356637538288 
46.34356637538288 
46.34356637538288 
46.34356637538288 
46.34353594317686 
46.34356637538288 
46.34353531383102 
46.34353531383102 
46.34356637538288 
46.343160840312144 
46.34356637538288 
46.34353594317686 
46.34353531383102 
46.34356637538288 
46.34353531383102 
46.34353594317686 
46.34353490534058 
46.34356637538288 
46.34356637538288 
46.34353531383102 
46.34356637538288 
46.3435361192144 
46.34356637538288 
46.34356637538288 
46.34356637538288 
46.34356637538288 
46.34356637538288 
46.34356637538288 
46.34356637538288 
46.34356637538288 
46.34356637538288 
46.34356637538288 
46.10434064440095 
46.34356637538288 
46.34356637538288 
46.34356637538288 
46.34356637538288 
46.34353594317686 
46.34356637538288 
46.34356637538288 
46.34353531383102 
46.34356637538288 
46.34356637538288 
46.34356637538288 
46.34356637538288 
46.34356637538288 
46.34356637538288 
46.34356637538288 
46.34356637538288 
46.34353594317686 
46.34356637538288 
