42.41550530187536 
43.428356905403795 
44.22650160143319 
44.227045622151664 
44.22646003667346 
43.98797893548798 
43.99646134725591 
44.00408222472951 
43.734642050270004 
43.69530734380755 
44.218225233683896 
44.2365095844602 
44.228389332238166 
43.38184209498521 
44.21576078587795 
44.2375569128869 
44.22292655828555 
44.23036743710597 
43.99718571651889 
44.234075454173166 
44.23048149204715 
44.23063419444698 
44.21299101102444 
44.00954344144936 
44.226742167498806 
44.23083571220845 
44.22266195668813 
43.994016088039416 
43.99947563553136 
44.23407311383336 
43.99862600655897 
44.23736781844582 
43.73300115833337 
44.01322795033807 
44.21976667736568 
44.21583173971192 
44.20834850796376 
44.00182129246725 
44.00323607286727 
43.7429714038971 
44.23631175795482 
43.70275513210522 
44.23712168747904 
44.2122372004253 
44.23022062554542 
44.01095371330404 
44.21667439947932 
44.00502754335119 
44.23115950330337 
43.73259984871976 
44.234536904851275 
44.214489358547404 
44.210133258652085 
44.238257086100035 
43.995442006923405 
44.21343983789911 
44.226405237335804 
43.7352937779004 
44.21305310476652 
44.21788390326327 
44.2248452543756 
44.21824816281536 
44.227332852318646 
44.230000984682306 
44.20835510379812 
44.20397093085349 
44.22641639080449 
44.23389268346851 
43.70303279378785 
43.99434487394984 
44.23065554984499 
43.680872728313815 
43.733296387904346 
43.99319166921006 
43.97546837379059 
44.22947511298288 
43.98533281695491 
44.2227779369251 
44.23026172052693 
44.2338944398426 
43.735457161076496 
44.233834482560425 
44.20186341115631 
44.23019789964911 
44.237355353511596 
44.009244859232325 
44.212651716239655 
44.23397365775798 
44.237433499122815 
44.000767688631946 
43.99697708200015 
44.00253074643747 
43.9969784502876 
44.23736927778938 
44.00719105095212 
44.00205585452408 
43.72486644010431 
44.21385628687444 
43.99868799197301 
44.000825586797646 
