50.58101044713068 
49.601163364424856 
50.92776304052839 
0.0 
50.933121357620266 
51.17432565051433 
49.60364913910626 
50.591750448616374 
50.18863888971952 
48.60389937211905 
50.18649631235749 
50.58240256303176 
51.18247323799233 
51.187006275421325 
50.92781703935418 
50.60769793512411 
50.92772333710266 
50.19761025367816 
48.61422769222174 
51.19835755285621 
50.58641145270243 
51.42087320517002 
50.927822337813446 
51.178989807977885 
50.19234590158518 
51.40648430146014 
50.167176442812384 
50.609144544552855 
51.410970015627385 
48.6139763907981 
48.60905705298621 
50.91493726794081 
51.19755671497998 
50.59977307769268 
0.0 
49.611625596870056 
50.604891670529796 
50.18517738916873 
49.58755832864452 
50.92333006651726 
50.92563578827751 
50.181583053646314 
51.184086674081165 
49.592940433660374 
51.41248258733721 
50.6036733854151 
50.191922894472924 
51.40496572132491 
50.92983183948513 
51.42244760575504 
49.60095564605472 
49.595473492461956 
51.414828708349106 
49.59585934548343 
50.934091516713075 
51.188646882256144 
48.592973491137606 
51.199428879580225 
50.607654220181004 
51.172644571703835 
50.91377452436217 
50.9276233269367 
50.19000768290635 
51.188733488620535 
50.931998649976826 
51.41415249743158 
51.41264083128056 
51.41480501030336 
51.41923156241817 
51.41869714531327 
51.19398337077293 
50.92133903759862 
51.189473198245835 
50.92569514305434 
49.60112353849681 
49.595685484068895 
51.41635770517514 
51.422510476023625 
51.414830032048144 
51.42251915648281 
51.186842914985775 
50.61031294987432 
48.61446917150365 
50.92356848819428 
51.18504545483872 
51.42254485816038 
50.19571329295255 
51.18595654325009 
50.920391912321655 
51.41250855916726 
51.192204249961165 
50.93292319597098 
50.92970588308334 
49.590590407630934 
50.93188985584477 
50.18163038615473 
51.18950232856648 
48.59327141631631 
49.582273783491026 
50.61042927160854 
51.422490632039526 
