51.195509482513636 
51.19642326849425 
51.19754796718568 
51.422565677892536 
50.60886698157164 
51.41254631912229 
51.184225569762724 
51.420721610379054 
51.18943396204454 
50.603479191427844 
51.185807128219544 
51.413996569375804 
51.41627046515701 
50.6142304637868 
50.93304551956764 
51.195766197648865 
51.18063909110579 
50.612886237844755 
51.180063384039556 
50.91064096386669 
51.42080658070748 
50.18520239077942 
50.93091014653932 
50.18343785833451 
51.404136928225114 
50.60501660613566 
50.92662343671332 
51.187861981481554 
50.918965349095956 
51.42256249807863 
51.42251242502013 
51.41560966617529 
50.6023262960639 
51.19487741639737 
51.41409424477347 
51.41390461330628 
51.41792112804195 
51.41557156353371 
51.42225072671049 
50.92867819340055 
50.605091010986676 
51.198468967807976 
50.195686373523415 
51.42249963111102 
51.18956767899471 
50.60346772094653 
51.19655804013202 
51.41563334650668 
50.61171547373904 
51.420854152105086 
51.42076036170806 
51.420878777344086 
51.414610894259745 
50.59826197729206 
50.91823426703695 
51.41322613287402 
50.610283071878904 
51.41940809665195 
50.92775863163383 
51.192160032555755 
51.410340883424205 
51.189612215051085 
50.931020721502094 
51.189467271669706 
51.4162818433038 
51.18955925851598 
51.411123037171805 
50.928837152716085 
51.41551284138759 
51.18677307084217 
51.418616670542406 
51.18873566413638 
50.920446842623285 
51.4179641880267 
51.1948495592871 
50.599707980817 
51.189339368699656 
51.40658550203735 
51.41565743714255 
51.19541076912064 
51.187630065820564 
51.40934604028535 
50.5928739853769 
51.4103546739094 
50.930984197864674 
50.925597968197756 
48.59858311619353 
51.417148274655254 
51.42233257444927 
51.418510661423156 
51.18946160645415 
51.409612585874555 
51.18236518580916 
50.61303616740554 
50.91914823893677 
51.42248124474349 
51.42246688396358 
51.420865573312184 
49.60391801754266 
50.933011389939374 
51.191353314551584 
