50.61428064780227 
51.422493085106275 
51.19220399783275 
51.41472202095381 
50.932779634838944 
51.41629589838849 
51.41682308873333 
51.41404404136279 
51.41854610751069 
50.92989576878903 
51.41253627694974 
51.193804975700296 
51.42254973004003 
50.928753991231005 
50.92340328588476 
50.60375105992285 
50.18156327964124 
50.92778207550597 
51.40947380967119 
51.18861467609423 
51.18858896725466 
51.4185612833458 
50.59698323103437 
51.42024172193047 
51.41094631136107 
51.18512447293501 
51.41780349850291 
50.927699476833936 
50.926738125007375 
51.417836645151034 
51.19931850333551 
50.92657342067816 
51.196697348243 
51.410263715704524 
50.593158664615636 
51.41033734117786 
51.1859109267412 
51.41542000505106 
51.18681202552817 
50.929910286565494 
51.42239826075316 
51.4156836452033 
51.41266543843434 
50.611303193937715 
51.42083498046107 
51.19199498157427 
50.611536292649106 
51.41330450880098 
51.40795210465111 
51.413966186900225 
51.41928205122005 
51.41262339889398 
50.92658463037783 
51.19152538004163 
51.183352390044156 
51.422540560666484 
50.92565640335794 
51.40943208594361 
50.17095094139788 
51.19487459329007 
51.42245981124622 
51.42245725452152 
51.411721795766795 
51.18880095372512 
51.193017576942566 
51.41925974432365 
50.92135998343093 
51.41258055075749 
50.610251690158464 
51.192964123551036 
50.93092934123475 
51.18246354481824 
51.4169605297454 
51.19760391651607 
51.414996104158085 
51.419258738998245 
51.41860526398041 
51.417699431622346 
51.42093780849901 
50.929844351774584 
50.922419911764266 
51.411093037536254 
51.19750716983235 
50.59442103092703 
50.596891895297766 
51.41778237350546 
51.419456511460325 
50.93194588970282 
51.413302766020344 
51.193873327069745 
50.58232153074738 
51.199219554123246 
50.18520173488761 
51.41947517082007 
50.612896221860765 
51.42076491863496 
51.187650953389806 
50.197540678820054 
51.19280399004719 
51.18420369817106 
50.59033846660557 
