47.55689520094732 
47.55638311723846 
47.55689520094732 
47.556873605562494 
47.556873605562494 
47.55680784234643 
47.556852882173814 
47.55687297205021 
47.55689520094732 
47.55689520094732 
47.55689520094732 
47.55689520094732 
47.556873605562494 
47.55687315792038 
47.5568513769224 
47.55689520094732 
47.55687315792038 
47.55689520094732 
47.55687297205021 
47.55689520094732 
47.55689520094732 
47.55689520094732 
47.55687363656169 
47.55689520094732 
47.556873605562494 
47.55687363656169 
47.556873605562494 
47.55687363656169 
47.55689520094732 
47.55687297205021 
47.55689520094732 
47.55689520094732 
47.55687297205021 
47.55687363656169 
47.55689520094732 
47.55687315792038 
47.55687315792038 
47.556873605562494 
47.55689520094732 
47.55687297205021 
47.55689520094732 
47.55687315792038 
47.55689520094732 
47.556873605562494 
47.5568513769224 
47.55689520094732 
47.55689520094732 
47.55687363656169 
47.55687315792038 
47.556873605562494 
47.556873605562494 
47.556873605562494 
47.55638311723846 
47.55687315792038 
47.55687297205021 
47.55689520094732 
47.55689520094732 
47.55689520094732 
47.55687363656169 
47.55687363656169 
47.55689520094732 
47.55687315792038 
47.55689520094732 
47.55687363656169 
47.55687363656169 
47.55687315792038 
47.55687363656169 
47.556873605562494 
47.55687315792038 
47.55689520094732 
47.556311033926136 
47.5568513769224 
47.55687315792038 
47.55687315792038 
47.55687315792038 
47.55687297205021 
47.55689520094732 
47.55689520094732 
47.5568513769224 
47.55687315792038 
47.55689520094732 
47.556798538420914 
47.556873605562494 
47.55687363656169 
47.55687297205021 
47.55687363656169 
47.55687315792038 
47.55687363656169 
47.5568513769224 
47.55687315792038 
47.55687297205021 
47.55687363656169 
47.55687363656169 
47.556873605562494 
47.55689520094732 
47.55689520094732 
47.55687315792038 
47.55689520094732 
47.55687297205021 
47.556873605562494 
