47.55660694524928 
47.55689587837092 
47.5568774675682 
47.55687900477766 
47.55310668262295 
47.5542551827335 
47.32316326043794 
47.32475252906669 
47.55687790837139 
47.55687790837139 
47.55659523476829 
47.54936588282458 
47.55689587837092 
47.5568774675682 
47.5568774675682 
47.55687900477766 
47.55685139531153 
47.55682557476329 
47.556878476865116 
47.55687900477766 
47.55300424188575 
47.55687790837139 
47.55683913141563 
47.55689587837092 
47.55686472666918 
47.55298810394055 
47.55689587837092 
47.55683399367494 
47.55689587837092 
47.55689587837092 
47.556878476865116 
47.5568774675682 
47.55687790837139 
47.55689587837092 
47.5568774675682 
47.55689587837092 
47.556878476865116 
47.55687790837139 
47.55689587837092 
47.5568774675682 
47.55687790837139 
47.556878476865116 
47.55687790837139 
47.55689587837092 
47.55658835496622 
47.5568774675682 
47.55689587837092 
47.55689587837092 
47.55686556079204 
47.556878476865116 
47.55687790837139 
47.5568555397801 
47.5568774675682 
47.55688067108393 
47.556878476865116 
47.55689587837092 
47.55689587837092 
47.55689587837092 
47.55686221719474 
47.556864325005726 
47.5568774675682 
47.5568774675682 
47.55689587837092 
47.55683913141563 
47.55689587837092 
47.55658835496622 
47.556878476865116 
47.556878476865116 
47.556560023000934 
47.55689587837092 
47.55687900477766 
47.55658835496622 
47.5568774675682 
47.55687900477766 
47.55689587837092 
47.5568774675682 
47.55683777179648 
47.55687900477766 
47.55689587837092 
47.556865221301884 
47.55689587837092 
47.55687790837139 
47.5568774675682 
47.55689580282551 
47.556587835382075 
47.556825866751424 
47.556825608633105 
47.55687892966172 
47.55689587837092 
47.55689587837092 
47.55687790837139 
47.55687900477766 
47.556878476865116 
47.55681565465654 
47.55687790837139 
47.55687900477766 
47.5568787039159 
47.55689587837092 
47.5568774675682 
47.55689587837092 
47.55689587837092 
