46.54745745222571 
46.78199883204163 
46.77444179019748 
46.559411103772334 
46.77702488310416 
46.77576712925716 
46.78499235832718 
46.77580699251902 
46.78423844026043 
46.76606602664666 
46.7651330600341 
46.78224005488197 
46.78182332372958 
46.78485280275674 
46.78487145255202 
46.779593019641325 
46.54134938243409 
46.77982454885888 
46.29407017472353 
46.776700791265355 
46.76795934052784 
46.56082043261635 
46.53674929172768 
46.550384609766155 
46.55515105461717 
46.77626832729335 
46.53993623902942 
46.77966713823873 
46.7754169455836 
46.53644314074485 
46.53829849590172 
46.54754007054365 
46.54579635997231 
46.55472660212786 
46.56112847617322 
46.53810902521333 
46.75992551664015 
46.536572544840716 
46.77713802064552 
46.77274477566221 
46.767573464824274 
46.76256888861467 
46.77174260704397 
46.76913143004493 
46.77553773154355 
46.779502771582 
46.781935240464634 
46.770485459292715 
46.77930347245174 
46.772930200362445 
46.551925452843165 
46.784796862805166 
46.778962534414305 
46.55029276094378 
46.55205334706535 
46.77689207630908 
46.77305268905361 
46.778400322707355 
46.775410504355314 
46.558297569109534 
46.78459061890624 
46.55192388279093 
46.27038925497835 
46.548772132529855 
46.537154946930414 
46.55491579564797 
46.781947875871914 
46.78199883204163 
46.78478713064299 
46.782351064996234 
46.77153247131821 
46.77840459806436 
46.779681651554945 
46.54580572685013 
46.785071334586235 
46.7623717595446 
46.77693560547003 
46.55189938206263 
46.54002916109507 
46.7842339377144 
45.94389461148179 
46.77963400950023 
46.28472726514671 
46.75793672835417 
46.54985477884249 
46.556390253561275 
46.77824387701814 
46.782503080583076 
46.76527953096332 
46.77949008804972 
46.76879261195086 
46.78207718951858 
46.767973077566985 
46.29407017472353 
46.784684641178494 
46.78424539662319 
46.78236744505849 
46.77139268272878 
46.52315470764936 
46.54234776188938 
46.779810000791315 
