44.57992347325895 
44.572592081185206 
44.36208819451962 
44.35683330955451 
44.07347622506828 
44.58511522832898 
44.58069472121355 
44.34533227099025 
44.3492890328937 
44.35348483588952 
44.36149550608809 
43.74375526094458 
44.59119867728644 
44.35909229336632 
44.0630487787484 
44.58469019566606 
44.3392321532823 
44.35304154926467 
44.085685335893146 
44.582956139425896 
44.55032713900172 
44.586511590836686 
44.36479635516077 
44.33211341818253 
44.574227744911816 
44.57988249397232 
44.57580058670632 
44.58483057404576 
44.59187948232316 
44.57505782252718 
44.038702190309216 
44.588127264785236 
44.0851851109749 
44.57988249397232 
44.57632975916045 
44.08698787517007 
44.34564310608824 
44.34736458839503 
44.58070509403118 
44.36164103127392 
44.05381770819476 
44.33593244550227 
44.59143716702802 
44.59192506958905 
44.574639289993215 
44.36124660798323 
44.57809612251902 
44.57132734333039 
44.59087574793317 
44.58714680435818 
44.57132734333039 
44.59087574793317 
44.557403474357514 
44.367382041840436 
44.57941209358347 
44.333821020856334 
44.359175684306074 
44.33670705566135 
44.59191858417547 
44.582863746922655 
44.56405216609502 
44.58402507814576 
44.33360228039971 
44.58267465548711 
44.58448764960633 
44.58813103484353 
44.33456248483851 
44.58196578591801 
44.584624647366745 
44.569194374952765 
44.33568732025949 
44.073735198108494 
44.58836225537766 
44.58836790002612 
44.353108559789874 
44.34042827855807 
44.58714729181479 
44.5811204961412 
44.35784145132822 
44.591334503306435 
44.36310650850372 
44.57926750665637 
44.58137330379672 
44.590954486282136 
43.740389905510376 
44.58436281872096 
44.35785214737965 
44.59176198730245 
44.35978961478996 
44.576282847743755 
44.58823545077413 
44.34185601636398 
44.564500584975995 
44.58472587109713 
44.57757914913679 
44.29539317091528 
44.33381106802283 
44.58851976095358 
44.339419973721476 
44.59151984669109 
44.0685458924379 
