51.19041084853859 
51.417109698212606 
51.417046037754275 
51.41953167596507 
51.41474588933707 
51.41939113786367 
51.193148437670175 
50.91398034634849 
51.419440465336535 
50.933031363180234 
51.193946073399765 
50.19031574358225 
50.60494206627961 
51.180380764406465 
51.18671850759304 
51.407306904114826 
51.41714366832004 
51.19644618981973 
51.198491442532685 
50.933031363180234 
51.193946073399765 
50.19031574358225 
50.60494206627961 
51.180380764406465 
51.18671850759304 
51.407306904114826 
51.41714366832004 
51.19644618981973 
51.198491442532685 
51.40579096205159 
51.41934197882356 
50.18518587518615 
50.61016941104147 
51.41705915124606 
50.598508559995125 
50.1869341618132 
51.19569750113014 
51.41788217651686 
51.422420377759835 
50.929883031977276 
51.19318799264471 
51.4178394904653 
51.41632816834684 
51.418695241967434 
51.19135255712633 
51.19469126423674 
50.92567308901365 
51.415649759808254 
51.18954494775099 
51.189453360682386 
50.90521199595482 
51.18319283234324 
51.19401199283624 
51.193928939159925 
51.19114189385823 
51.415588915551346 
51.18684764237863 
49.57991406137423 
50.91397753145266 
50.92960795595708 
51.42094412887978 
51.42090261963565 
51.19484491232044 
51.4162498240596 
51.41780826929463 
51.19216366738889 
51.19310717848206 
50.60772799429312 
51.19486181990163 
51.183240001727945 
51.41937971892095 
51.19745805279626 
51.18513215364381 
51.19378901982667 
51.18955577719876 
50.91397753145266 
50.92960795595708 
51.42094412887978 
51.42090261963565 
51.19484491232044 
51.4162498240596 
51.41780826929463 
51.19216366738889 
51.19310717848206 
50.60772799429312 
51.19486181990163 
51.183240001727945 
51.41937971892095 
51.19745805279626 
51.18513215364381 
50.91397753145266 
50.92960795595708 
51.42094412887978 
51.42090261963565 
51.19484491232044 
51.4162498240596 
51.41780826929463 
51.19216366738889 
51.19310717848206 
50.60772799429312 
51.19486181990163 
