51.420953949151624 
51.195703508108416 
51.420958197015615 
51.42246285647039 
51.42254980286102 
51.40784777132427 
51.41551736646876 
51.178167210704586 
51.41083186968954 
51.18429561881141 
51.4172331613067 
51.19826302312064 
51.411011117243746 
51.193025961006626 
51.42094586858745 
51.190364734011084 
51.414175294005815 
51.4223757964161 
51.192178224279616 
51.41240916436702 
51.19028244338494 
51.416218761661945 
51.41921091618571 
51.19310523245552 
51.193982235348855 
51.42098784358212 
50.934115348160574 
51.19926346469393 
50.92136286668057 
51.41489464651006 
51.18959155333364 
51.4140203775231 
51.4224754372069 
51.19479637339761 
51.407831092640684 
51.195814749885244 
51.41095763951765 
51.41623852954228 
51.42257587587626 
51.417993692181724 
51.42095270744417 
51.18860296732643 
51.18696457008523 
51.18915264380522 
51.185026671649005 
51.420958423518144 
51.19313680103554 
51.41560754872636 
51.19744505371828 
51.418536281571875 
51.416218761661945 
51.19662343549536 
51.40492528668447 
51.413418385894495 
50.60093382484171 
51.190367526814484 
51.42013753844062 
51.41796152674784 
51.41706835232841 
51.42091887147667 
50.932098628669564 
51.4193758032904 
51.416207579806596 
51.412580372562005 
51.42101721972802 
50.61025227251511 
51.422313781274305 
51.41712678946936 
51.422406648894885 
51.19641567212661 
51.41876616029554 
51.41251304773195 
51.420863544958024 
51.4224258901613 
51.42087303781237 
50.93087158403349 
51.19566148834687 
51.18438118942163 
51.420917790616656 
51.42249805717081 
51.41627671439221 
51.414078303876835 
51.19401079450169 
51.41632712272404 
51.42252355201317 
51.41781225387047 
51.40724692166442 
50.90201632252063 
51.42103626021262 
51.41784270983478 
51.41792375389963 
51.42023386017853 
50.92351043293923 
51.42248950072483 
51.42256019132168 
51.42027168244811 
51.422494456674755 
51.42234240183011 
51.41485796251778 
51.19580302494367 
50.604962025209026 
