44.861414342353044 
44.85143022123297 
44.86473866206999 
44.86161650938694 
44.86498563917959 
44.815218892766595 
44.8394975892827 
44.04107874074798 
44.61334451569546 
44.84773863323007 
44.86135698127629 
44.374956035902166 
44.84933699866648 
44.85889766794412 
44.86474020191961 
44.8464756387063 
44.8421008245944 
44.86090946582489 
44.85289312611672 
44.347128535174626 
44.85231197045285 
44.62864605700573 
44.640272805659315 
44.63105248928627 
44.83674864867058 
44.859754830018474 
44.856459227010156 
44.864489691691816 
44.62112635709684 
44.85131303964354 
44.62722537361837 
44.84116281337013 
44.86153027904544 
44.84300071083165 
44.837478438662316 
44.850221153441375 
44.63413607680649 
44.62656595955384 
44.86507783657716 
44.8600972620295 
44.86142826461403 
44.623148380987644 
44.84501407503699 
44.042142553298106 
44.8360593380324 
44.864664736292696 
43.03847011063286 
44.85122148180459 
44.374842663895855 
44.85755156305095 
44.62864605700573 
44.861149803391356 
44.60774418810483 
44.041468606861926 
44.59873661278162 
44.62659397754613 
44.84991235902758 
44.84372156959505 
44.85585180505477 
44.86143306300006 
44.63514094701309 
44.86114686324267 
44.626676175706756 
44.85642251355362 
44.864873709190086 
44.83328937125683 
44.864107872342714 
44.85318058056885 
44.86130063100348 
44.857401912973984 
44.8584863070956 
44.625200046199545 
44.861306543739595 
44.86109148355036 
44.85816568358431 
44.36550475224149 
44.85126415645214 
44.82578137778347 
44.86131246136185 
44.86483601036199 
44.857555087353845 
44.8514449014664 
44.84833988736098 
44.85621936036673 
44.864859445900024 
44.860808856250465 
44.84813176424762 
44.00901532995494 
44.86011048067982 
44.63268159083409 
44.85799210815603 
44.860033697822104 
44.358958313983315 
44.86473667755643 
44.86503047029674 
44.637143814976994 
44.864689324665044 
44.861315720585836 
44.856048912330316 
44.62144879589029 
44.842777321161556 
