51.42257720890517 
51.42257720890517 
51.42253129507675 
51.42252142513378 
51.42257720890517 
51.422557897825676 
51.41950995262094 
51.42248341171258 
51.42250418712768 
51.42257720890517 
51.42257308540899 
51.42257720890517 
51.42257720890517 
51.42257300621189 
51.42257325518495 
51.42257308540899 
51.42257300621189 
51.422483452574944 
51.42257300621189 
51.42257720890517 
51.42257304897111 
51.42256905248018 
51.42257720890517 
51.42257720890517 
51.42257720890517 
51.42257308540899 
51.42256892546305 
51.42257308540899 
51.4225676481157 
51.42257308540899 
51.42257720890517 
51.42257720890517 
51.42257720890517 
51.42257720890517 
51.42257720890517 
51.42257720890517 
51.42257720890517 
51.42257720890517 
51.4224835641725 
51.42257720890517 
51.42257720890517 
51.42257300621189 
51.42257720890517 
51.42255696178897 
51.42257720890517 
51.4225764780288 
51.42257720890517 
51.42257720890517 
51.42257718916743 
51.42257325518495 
51.42257300621189 
51.42257300621189 
51.42257325518495 
51.42257308540899 
51.42256905248018 
51.42257304897111 
51.42257304897111 
51.42257325518495 
51.42248332847177 
51.42257720890517 
51.42257720890517 
51.42257720890517 
51.42257325518495 
51.42257308540899 
51.42257304897111 
51.42257325518495 
51.42257325518495 
51.42257300621189 
51.42257308540899 
51.42257720890517 
51.42257720890517 
51.42257720890517 
51.42257304897111 
51.42257720890517 
51.42257720890517 
51.42257325518495 
51.42257304897111 
51.42257720890517 
51.42257325518495 
51.422571741528564 
51.42257300621189 
51.42257325518495 
51.42257720890517 
51.42257304897111 
51.42257720890517 
51.42257300621189 
51.42257720890517 
51.42256623528252 
51.42257720890517 
51.42257720890517 
51.42257720890517 
51.42257720890517 
51.42257304897111 
51.42257720890517 
51.42257300621189 
51.42248332847177 
51.42257720890517 
51.42256227012634 
51.42257300621189 
51.42257304897111 
