44.4187161065636 
44.60361523078455 
44.65732889119598 
44.652418070366764 
44.64759479658661 
44.15322372467725 
44.65672386830412 
44.64631155096534 
44.413191984546486 
44.415012815252574 
44.6455835874586 
44.65672459805463 
43.84211015407102 
44.65740504503063 
44.65383327336501 
44.66098256252433 
44.65296629058396 
44.65063760806918 
44.654119940517305 
44.66010432397023 
44.65762848034017 
44.43028356599816 
44.655200804917484 
44.41824179305613 
44.660653323013484 
44.65664167538601 
44.65182453211153 
44.43454741245021 
44.648855219967835 
44.661036335235345 
42.796711002785145 
44.41881804447925 
44.42279778670312 
44.653512279733874 
44.636836970645206 
44.65357007961873 
44.65683064441056 
44.65376257773555 
44.637088560539766 
44.424462139703756 
44.652416641745006 
44.42645415299368 
44.65671378778324 
44.65542978938385 
44.42479085184679 
44.65069237463504 
44.66050448460547 
44.66066942013776 
44.65696857794328 
44.43414369390681 
44.660899353443355 
44.644241502706095 
44.655254852768785 
44.65189498071758 
44.657344423995866 
44.66029650729024 
44.660930533475515 
44.430367412111025 
44.65763354149754 
44.65996836227184 
44.649953196067564 
44.638706965044655 
44.65766096946737 
44.43108580529393 
44.42674661278763 
44.41186488058733 
43.81926844972479 
44.656414148145245 
44.65353336345803 
44.41102430727431 
44.65722053510332 
44.42661939449061 
44.66111675399097 
44.66087876550363 
44.6466826950477 
44.62120885077313 
44.660595838795984 
44.63878240656267 
44.64523498776186 
44.43219041930135 
44.41724361167048 
44.66092845154064 
44.6606731397358 
44.65218729291181 
44.66085867118315 
43.826959790972474 
44.63878240656267 
44.42412231745294 
44.65368522403942 
44.653527532322144 
44.42806109579526 
44.42480852739814 
44.635031174519526 
44.65024432227907 
44.64206517146558 
44.15460757717357 
44.64990731532151 
44.156886668059094 
44.42592167009279 
44.65501736660285 
43.43624576076798 
