44.06985710170447 
44.30496445866275 
44.30143777833912 
44.2970668281109 
44.309919430882346 
44.281254155294846 
44.05347535470999 
43.794260312173954 
44.05357409448957 
44.29216990676148 
43.07256001646548 
43.81488154041402 
44.06060984037843 
43.48410938787698 
44.28643984323009 
44.293704075663186 
43.810162156727344 
44.28697235816811 
44.30774090851038 
44.29807033913364 
43.81376827203473 
43.48703362528877 
44.060571134093344 
44.28819498476858 
44.2974721631174 
44.285870741511005 
44.06986018333233 
44.28070751575805 
44.07045871001589 
44.308376787003105 
44.30329926468411 
44.070737939167614 
44.27283999724083 
44.28692315997454 
44.078489006748995 
44.28269721390163 
44.28125299093568 
44.28454543622259 
44.29373778443277 
44.06109670261874 
44.07077242376363 
43.811504992922316 
44.297347192097085 
43.801901445546584 
44.0705508507242 
44.0775582951712 
44.291231457542 
44.30088455124779 
43.82153964485376 
44.29833267015258 
44.3033405714474 
44.08325225038962 
44.29978313246477 
44.062323634530664 
44.070464405990194 
44.06110271443468 
44.298331385859235 
44.078396743052046 
44.07112285697666 
44.30485071190945 
44.30345296123771 
44.30639084146133 
44.30211796995203 
44.296352845183584 
43.79703494884919 
44.07042701057583 
44.283207258529224 
44.29994751774982 
44.08325225038962 
44.29978313246477 
44.0732225786004 
44.30991877483684 
44.29772574642202 
44.07285477469247 
44.27794873649164 
44.30253571274564 
44.298031806235734 
43.80838147886891 
44.06686772014257 
44.07288050265556 
44.28800848782109 
44.08463343025331 
43.47553367331609 
44.29631074788009 
44.29931403848928 
44.28473571876069 
44.29823778156568 
44.068887385542915 
44.3002687493586 
44.06090224528066 
44.06089412465686 
43.8126842636073 
44.068311302867286 
44.081087593599285 
44.060572264578376 
44.29519520437373 
44.29495683822666 
43.82262253121101 
44.05489960271386 
43.800873241107716 
44.275722920904556 
