44.29690802836995 
44.30510603302948 
44.2942180006462 
44.29665534720591 
44.306148026911224 
44.07190972108069 
44.08078921491172 
43.4662048877521 
44.288260191126575 
44.294872762784934 
44.30892155505675 
44.296602109199924 
44.28292400998045 
44.04819353750378 
44.296118996789794 
44.29319446684215 
44.308920894846786 
44.29822415783434 
44.27535490641756 
44.066454748211896 
44.28916538656017 
44.294970414427844 
44.08257653719619 
44.276700942298724 
44.30183796138418 
44.29567671058563 
44.29824086963842 
44.29676027513024 
44.29725352630606 
44.062926573143436 
44.30927502747177 
44.30941850984509 
44.3048738368398 
44.28226009288414 
44.28719613420489 
44.302394470327776 
44.072545518722514 
44.29921801289007 
44.0728385416113 
44.068787883270716 
44.30897141497129 
44.290253451024356 
44.29604697368927 
43.802283683358915 
44.29490350596427 
44.28787081178029 
44.07656710336672 
44.30097961213799 
44.06521952837419 
44.07767116065068 
44.305046504644864 
44.06853296592172 
44.28889514608946 
44.067098969602156 
44.309657034418734 
44.07799846003087 
44.2791365662046 
44.297227741670284 
44.06195793461663 
44.28950622320876 
44.299056970206166 
44.07305413880295 
44.29454410989885 
44.309677211004086 
44.28315675160639 
44.03170658175102 
44.07454981600077 
44.294970414427844 
44.08257653719619 
44.276700942298724 
44.30183796138418 
44.29567671058563 
44.29824086963842 
44.29676027513024 
44.29725352630606 
44.062926573143436 
44.30927502747177 
44.30941850984509 
44.3048738368398 
44.28226009288414 
44.28719613420489 
44.302394470327776 
44.072545518722514 
44.29921801289007 
44.0728385416113 
44.068787883270716 
44.30897141497129 
44.290253451024356 
44.29604697368927 
43.802283683358915 
44.29490350596427 
44.29372679555198 
44.0632221721866 
43.789477253432324 
44.309020196784 
44.05457343533298 
44.30098217158487 
44.07943763437961 
44.29800834360765 
44.07032066141135 
